,mass A,,
t,x,y,
0.000000E0,2.811492E2,1.136868E-13
4.170833E-3,2.718006E2,1.465619E0
8.341667E-3,2.620423E2,2.640225E0
1.251250E-2,2.495539E2,3.728216E0
1.668333E-2,2.354433E2,5.052723E0
2.085417E-2,2.191609E2,5.474798E0
2.502500E-2,2.011534E2,7.437092E0
2.919583E-2,1.803724E2,6.874619E0
3.336667E-2,1.561455E2,7.720435E0
3.753750E-2,1.299441E2,9.499109E0
4.170833E-2,1.017041E2,1.132218E1
4.587917E-2,5.160334E1,1.423540E1
5.005000E-2,2.053494E1,1.383342E1
5.422083E-2,-9.235494E0,1.444020E1
5.839167E-2,-4.029517E1,1.194720E1
6.256250E-2,-7.048561E1,1.183761E1
6.673333E-2,-9.506046E1,1.101939E1
7.090417E-2,-1.219696E2,1.150302E1
7.507500E-2,-1.434173E2,8.605270E0
7.924583E-2,-1.641693E2,5.741329E0
8.341667E-2,-1.827184E2,4.473226E0
8.758750E-2,-1.982433E2,2.678040E0
9.175833E-2,-2.121609E2,2.576312E0
9.592917E-2,-2.240138E2,6.743148E-1
1.001000E-1,-2.341032E2,1.419796E-1
1.042708E-1,-2.422108E2,-1.375943E0
1.084417E-1,-2.486897E2,-1.934325E0
1.126125E-1,-2.547744E2,-2.362911E0
1.167833E-1,-2.589594E2,-3.477664E0
1.209542E-1,-2.622653E2,-4.585998E0
1.251250E-1,-2.649634E2,-5.513609E0
1.292958E-1,-2.667704E2,-6.530907E0
1.334667E-1,-2.678316E2,-7.519522E0
1.376375E-1,-2.687420E2,-8.380712E0
1.418083E-1,-2.691462E2,-9.764446E0
1.459792E-1,-2.690838E2,-1.054223E1
1.501500E-1,-2.688616E2,-1.233981E1
1.543208E-1,-2.682626E2,-1.328304E1
1.584917E-1,-2.666013E2,-1.464628E1
1.626625E-1,-2.653276E2,-1.585100E1
1.668333E-1,-2.626975E2,-1.733405E1
1.710042E-1,-2.594154E2,-1.848786E1
1.751750E-1,-2.554950E2,-1.981593E1
1.793458E-1,-2.501668E2,-2.122054E1
1.835167E-1,-2.438077E2,-2.293374E1
1.876875E-1,-2.355708E2,-2.442044E1
1.918583E-1,-2.264270E2,-2.556299E1
1.960292E-1,-2.157204E2,-2.682330E1
2.002000E-1,-2.033561E2,-2.549290E1
2.043708E-1,-1.883758E2,-2.563917E1
2.085417E-1,-1.704303E2,-2.630559E1
2.127125E-1,-1.515670E2,-2.469197E1
2.168833E-1,-1.306690E2,-2.223485E1
2.210542E-1,-1.059932E2,-2.035212E1
2.252250E-1,-7.922851E1,-1.798376E1
2.293958E-1,-5.009084E1,-1.570873E1
2.335667E-1,-2.634683E1,-1.245143E1
2.377375E-1,-1.217170E0,-8.834487E0
2.419083E-1,2.548963E1,-2.922105E0
2.460792E-1,6.994273E1,3.626618E0
2.502500E-1,9.497911E1,9.095648E0
2.544208E-1,1.174426E2,1.470164E1
2.585917E-1,1.373105E2,1.974163E1
2.627625E-1,1.595159E2,2.427309E1
2.669333E-1,1.784061E2,2.917206E1
2.711042E-1,1.955291E2,3.396824E1
2.752750E-1,2.106409E2,3.809181E1
2.794458E-1,2.246904E2,4.059459E1
2.836167E-1,2.355539E2,4.446759E1
2.877875E-1,2.457919E2,4.455497E1
2.919583E-1,2.534600E2,4.997285E1
2.961292E-1,2.598786E2,5.377529E1
3.003000E-1,2.655242E2,5.638260E1
3.044708E-1,2.695120E2,5.882244E1
3.086417E-1,2.735776E2,5.946701E1
3.128125E-1,2.758451E2,6.249315E1
3.169833E-1,2.776267E2,6.350852E1
3.211542E-1,2.784758E2,6.482520E1
3.253250E-1,2.786159E2,6.683275E1
3.294958E-1,2.783736E2,6.645525E1
3.336667E-1,2.774551E2,6.730957E1
3.378375E-1,2.753978E2,6.798558E1
3.420083E-1,2.726267E2,6.921132E1
3.461792E-1,2.688609E2,6.994928E1
3.503500E-1,2.645243E2,6.876915E1
3.545208E-1,2.595025E2,6.811905E1
3.586917E-1,2.525808E2,6.732893E1
3.628625E-1,2.444801E2,6.600143E1
3.670333E-1,2.367010E2,6.224595E1
3.712042E-1,2.246060E2,6.245937E1
3.753750E-1,2.124682E2,5.905455E1
3.795458E-1,1.964729E2,5.910525E1
3.837167E-1,1.803626E2,5.505212E1
3.878875E-1,1.624424E2,5.120894E1
3.920583E-1,1.457366E2,4.317137E1
3.962292E-1,1.246354E2,3.768085E1
4.004000E-1,1.001906E2,3.274263E1
4.045708E-1,7.447541E1,2.672597E1
4.087417E-1,4.717611E1,2.152908E1
4.129125E-1,1.742142E1,1.226417E1
4.170833E-1,-1.367247E1,3.186692E0
4.212542E-1,-4.367862E1,-5.421449E0
4.254250E-1,-6.622612E1,-1.280278E1
4.295958E-1,-8.919827E1,-2.026492E1
4.337667E-1,-1.117459E2,-2.715433E1
4.379375E-1,-1.309965E2,-3.434987E1
4.421083E-1,-1.490160E2,-4.048911E1
4.462792E-1,-1.658858E2,-4.625783E1
4.504500E-1,-1.790389E2,-5.043210E1
4.546208E-1,-1.913703E2,-5.502410E1
4.587917E-1,-2.016192E2,-5.907599E1
4.629625E-1,-2.098791E2,-6.307337E1
4.671333E-1,-2.174004E2,-6.605907E1
4.713042E-1,-2.221313E2,-6.873178E1
4.754750E-1,-2.264533E2,-7.158358E1
4.796458E-1,-2.297323E2,-7.399681E1
4.838167E-1,-2.328496E2,-7.614032E1
4.879875E-1,-2.345605E2,-7.762068E1
4.921583E-1,-2.362876E2,-7.914072E1
4.963292E-1,-2.365796E2,-8.060563E1
5.005000E-1,-2.369615E2,-8.169035E1
5.046708E-1,-2.365458E2,-8.290799E1
5.088417E-1,-2.353718E2,-8.369687E1
5.130125E-1,-2.328122E2,-8.457787E1
5.171833E-1,-2.310172E2,-8.475337E1
5.213542E-1,-2.272338E2,-8.539746E1
5.255250E-1,-2.231287E2,-8.536287E1
5.296958E-1,-2.185419E2,-8.510402E1
5.338667E-1,-2.125491E2,-8.456489E1
5.380375E-1,-2.060177E2,-8.282429E1
5.422083E-1,-1.986566E2,-8.103361E1
5.463792E-1,-1.884981E2,-7.803815E1
5.505500E-1,-1.768184E2,-7.507206E1
5.547208E-1,-1.645000E2,-7.080810E1
5.588917E-1,-1.501289E2,-6.538228E1
5.630625E-1,-1.357025E2,-5.903101E1
5.672333E-1,-1.168658E2,-5.222932E1
5.714042E-1,-9.649205E1,-4.475195E1
5.755750E-1,-7.453626E1,-3.681921E1
5.797458E-1,-5.066700E1,-2.880697E1
5.839167E-1,-2.593054E1,-2.050487E1
5.880875E-1,-2.618697E0,-1.404944E1
5.922583E-1,2.002940E1,-5.978267E0
5.964292E-1,5.822662E1,1.967440E1
6.006000E-1,8.116588E1,3.078804E1
6.047708E-1,1.020165E2,4.147576E1
6.089417E-1,1.199949E2,5.129168E1
6.131125E-1,1.372221E2,6.100678E1
6.172833E-1,1.576298E2,6.421262E1
6.214542E-1,1.724605E2,7.183011E1
6.256250E-1,1.861132E2,7.864982E1
6.297958E-1,1.970796E2,8.534943E1
6.339667E-1,2.071748E2,9.250271E1
6.381375E-1,2.153107E2,9.858380E1
6.423083E-1,2.218659E2,1.039973E2
6.464792E-1,2.275747E2,1.087334E2
6.506500E-1,2.317131E2,1.134175E2
6.548208E-1,2.355273E2,1.165454E2
6.589917E-1,2.377462E2,1.197236E2
6.631625E-1,2.394992E2,1.221592E2
6.673333E-1,2.399710E2,1.244875E2
6.715042E-1,2.406250E2,1.257230E2
6.756750E-1,2.393658E2,1.268458E2
6.798458E-1,2.383952E2,1.271921E2
6.840167E-1,2.358229E2,1.282571E2
6.881875E-1,2.328637E2,1.283270E2
6.923583E-1,2.288261E2,1.275430E2
6.965292E-1,2.237361E2,1.262432E2
7.007000E-1,2.181682E2,1.240070E2
7.048708E-1,2.116674E2,1.213613E2
7.090417E-1,2.034989E2,1.178737E2
7.132125E-1,1.941587E2,1.137531E2
7.173833E-1,1.837085E2,1.097656E2
7.215542E-1,1.714452E2,1.045699E2
7.257250E-1,1.572537E2,9.780660E1
7.298958E-1,1.413125E2,9.025764E1
7.340667E-1,1.240533E2,8.267179E1
7.382375E-1,1.049374E2,7.411499E1
7.424083E-1,8.626992E1,6.801798E1
7.465792E-1,6.567841E1,5.934945E1
7.507500E-1,4.275913E1,4.715092E1
7.549208E-1,1.898813E1,3.406835E1
7.590917E-1,-3.601768E0,1.962502E1
7.632625E-1,-3.063919E1,-6.842222E0
7.674333E-1,-5.297233E1,-2.289684E1
7.716042E-1,-7.189574E1,-3.751210E1
7.757750E-1,-9.191266E1,-5.256671E1
7.799458E-1,-1.077730E2,-6.486753E1
7.841167E-1,-1.217502E2,-7.618768E1
7.882875E-1,-1.339631E2,-8.664615E1
7.924583E-1,-1.450272E2,-9.656587E1
7.966292E-1,-1.543056E2,-1.049508E2
8.008000E-1,-1.616470E2,-1.130372E2
8.049708E-1,-1.676550E2,-1.197015E2
8.091417E-1,-1.725501E2,-1.256023E2
8.133125E-1,-1.778319E2,-1.305680E2
8.174833E-1,-1.798306E2,-1.347732E2
8.216542E-1,-1.829712E2,-1.387155E2
8.258250E-1,-1.839616E2,-1.416401E2
8.299958E-1,-1.846146E2,-1.440036E2
8.341667E-1,-1.853129E2,-1.462117E2
8.383375E-1,-1.851981E2,-1.478639E2
8.425083E-1,-1.845330E2,-1.488930E2
8.466792E-1,-1.827515E2,-1.497938E2
8.508500E-1,-1.807447E2,-1.497046E2
8.550208E-1,-1.779934E2,-1.495948E2
8.591917E-1,-1.755406E2,-1.490083E2
8.633625E-1,-1.712596E2,-1.477210E2
8.675333E-1,-1.662883E2,-1.454173E2
8.717042E-1,-1.612079E2,-1.426395E2
8.758750E-1,-1.549420E2,-1.388316E2
8.800458E-1,-1.479444E2,-1.339326E2
8.842167E-1,-1.402492E2,-1.285521E2
8.883875E-1,-1.309012E2,-1.217269E2
8.925583E-1,-1.197802E2,-1.138373E2
8.967292E-1,-1.096048E2,-1.029622E2
9.009000E-1,-9.565185E1,-9.277154E1
9.050708E-1,-8.029451E1,-8.061718E1
9.092417E-1,-6.484817E1,-6.788032E1
9.134125E-1,-4.654267E1,-5.380312E1
9.175833E-1,-2.910607E1,-3.887806E1
9.217542E-1,-1.106084E1,-2.474492E1
9.259250E-1,5.837689E0,-9.821197E0
9.300958E-1,2.285267E1,5.569680E0
9.342667E-1,5.222564E1,2.753982E1
9.384375E-1,6.855203E1,4.337555E1
9.426083E-1,8.764372E1,6.792400E1
9.467792E-1,1.017472E2,8.296927E1
9.509500E-1,1.152294E2,9.732315E1
9.551208E-1,1.274315E2,1.116718E2
9.592917E-1,1.375646E2,1.223973E2
9.634625E-1,1.468084E2,1.322696E2
9.676333E-1,1.548901E2,1.417873E2
9.718042E-1,1.614942E2,1.496702E2
9.759750E-1,1.672291E2,1.566618E2
9.801458E-1,1.719670E2,1.626176E2
9.843167E-1,1.757945E2,1.675200E2
9.884875E-1,1.787230E2,1.716158E2
9.926583E-1,1.803395E2,1.748744E2
9.968292E-1,1.819480E2,1.776723E2
1.001000E0,1.826100E2,1.794226E2
1.005171E0,1.826701E2,1.804283E2
1.009342E0,1.813658E2,1.808797E2
1.013513E0,1.799635E2,1.811740E2
1.017683E0,1.784227E2,1.795066E2
1.021854E0,1.755770E2,1.780339E2
1.026025E0,1.721001E2,1.753047E2
1.030196E0,1.678512E2,1.716566E2
1.034367E0,1.625497E2,1.672141E2
1.038537E0,1.566615E2,1.615867E2
1.042708E0,1.494370E2,1.553366E2
1.046879E0,1.411242E2,1.474836E2
1.051050E0,1.314429E2,1.387465E2
1.055221E0,1.216035E2,1.288466E2
1.059392E0,1.093353E2,1.173712E2
1.063562E0,9.639921E1,1.051032E2
1.067733E0,8.218878E1,9.147553E1
1.071904E0,6.757980E1,8.126532E1
1.076075E0,5.178589E1,6.547429E1
1.080246E0,3.511760E1,4.804391E1
1.084417E0,1.748088E1,2.811302E1
1.088588E0,1.392772E0,8.569549E0
1.092758E0,-2.040576E1,-2.474568E1
1.096929E0,-3.595475E1,-4.357603E1
1.101100E0,-5.009693E1,-6.181158E1
1.105271E0,-6.248926E1,-7.796600E1
1.109442E0,-7.431370E1,-9.347074E1
1.113612E0,-8.490361E1,-1.075160E2
1.117783E0,-9.453671E1,-1.198250E2
1.121954E0,-1.033896E2,-1.312125E2
1.126125E0,-1.104698E2,-1.407891E2
1.130296E0,-1.165616E2,-1.493132E2
1.134467E0,-1.205032E2,-1.568359E2
1.138637E0,-1.247490E2,-1.630266E2
1.142808E0,-1.278895E2,-1.677221E2
1.146979E0,-1.305647E2,-1.719480E2
1.151150E0,-1.324673E2,-1.751453E2
1.155321E0,-1.342017E2,-1.776372E2
1.159492E0,-1.355438E2,-1.796245E2
1.163662E0,-1.358579E2,-1.806157E2
1.167833E0,-1.358196E2,-1.810918E2
1.172004E0,-1.351825E2,-1.807543E2
1.176175E0,-1.339630E2,-1.798124E2
1.180346E0,-1.328234E2,-1.782275E2
1.184517E0,-1.304320E2,-1.759023E2
1.188687E0,-1.275093E2,-1.727139E2
1.192858E0,-1.239364E2,-1.686034E2
1.197029E0,-1.207115E2,-1.639792E2
1.201200E0,-1.161935E2,-1.578313E2
1.205371E0,-1.108068E2,-1.506211E2
1.209542E0,-1.044656E2,-1.424871E2
1.213713E0,-9.712764E1,-1.330725E2
1.217883E0,-8.923612E1,-1.219535E2
1.222054E0,-7.927486E1,-1.104817E2
1.226225E0,-6.926856E1,-9.640575E1
1.230396E0,-5.763148E1,-8.115991E1
1.234567E0,-4.502024E1,-6.448847E1
1.238738E0,-2.977998E1,-4.721728E1
1.242908E0,-1.906423E1,-3.167743E1
1.247079E0,-4.897817E0,-1.400530E1
1.251250E0,1.104561E1,4.094439E0
1.255421E0,3.375993E1,2.877003E1
1.259592E0,4.974351E1,5.508068E1
1.263763E0,6.300782E1,7.675555E1
1.267933E0,7.493325E1,9.125676E1
1.272104E0,8.596635E1,1.064531E2
1.276275E0,9.638145E1,1.200992E2
1.280446E0,1.057536E2,1.323291E2
1.284617E0,1.142745E2,1.439155E2
1.288787E0,1.214783E2,1.538875E2
1.292958E0,1.276776E2,1.620391E2
1.297129E0,1.327157E2,1.701717E2
1.301300E0,1.368403E2,1.760612E2
1.305471E0,1.402122E2,1.813523E2
1.309642E0,1.430732E2,1.858397E2
1.313813E0,1.448889E2,1.895143E2
1.317983E0,1.457599E2,1.918429E2
1.322154E0,1.467944E2,1.937866E2
1.326325E0,1.466959E2,1.943206E2
1.330496E0,1.460294E2,1.945291E2
1.334667E0,1.447205E2,1.936361E2
1.338838E0,1.427633E2,1.916870E2
1.343008E0,1.400889E2,1.891905E2
1.347179E0,1.367398E2,1.852720E2
1.351350E0,1.325075E2,1.805135E2
1.355521E0,1.279238E2,1.748686E2
1.359692E0,1.221247E2,1.682722E2
1.363862E0,1.157936E2,1.602889E2
1.368033E0,1.083320E2,1.511278E2
1.372204E0,1.000499E2,1.408039E2
1.376375E0,9.065776E1,1.290318E2
1.380546E0,7.946357E1,1.151309E2
1.384717E0,6.749217E1,1.019639E2
1.388888E0,5.578230E1,8.795928E1
1.393058E0,4.324362E1,7.215458E1
1.397229E0,2.986789E1,5.341541E1
1.401400E0,1.527689E1,3.366611E1
1.405571E0,1.639825E0,1.292947E1
1.409742E0,-2.357348E1,-2.348159E1
1.413912E0,-3.177118E1,-4.393838E1
1.418083E0,-4.222376E1,-6.174726E1
1.422254E0,-5.252545E1,-7.871650E1
1.426425E0,-6.210738E1,-9.545804E1
1.430596E0,-7.151279E1,-1.101993E2
1.434767E0,-7.914241E1,-1.231051E2
1.438937E0,-8.513711E1,-1.346457E2
1.443108E0,-9.213820E1,-1.448853E2
1.447279E0,-9.702213E1,-1.537308E2
1.451450E0,-1.003859E2,-1.619850E2
1.455621E0,-1.033292E2,-1.684961E2
1.459792E0,-1.064621E2,-1.740132E2
1.463963E0,-1.075286E2,-1.787708E2
1.468133E0,-1.090029E2,-1.823806E2
1.472304E0,-1.099342E2,-1.853542E2
1.476475E0,-1.109198E2,-1.867772E2
1.480646E0,-1.112426E2,-1.878870E2
1.484817E0,-1.109444E2,-1.878034E2
1.488987E0,-1.095208E2,-1.875742E2
1.493158E0,-1.086423E2,-1.861983E2
1.497329E0,-1.068718E2,-1.840375E2
1.501500E0,-1.038615E2,-1.807855E2
1.505671E0,-1.009718E2,-1.763762E2
1.509842E0,-9.743928E1,-1.716114E2
1.514012E0,-9.404314E1,-1.648302E2
1.518183E0,-8.906959E1,-1.578770E2
1.522354E0,-8.316963E1,-1.494867E2
1.526525E0,-7.779565E1,-1.400957E2
1.530696E0,-7.003435E1,-1.284286E2
1.534867E0,-6.272062E1,-1.164903E2
1.539037E0,-5.412546E1,-1.023301E2
1.543208E0,-4.531432E1,-8.669888E1
1.547379E0,-3.507422E1,-6.943557E1
1.551550E0,-2.490126E1,-5.169000E1
1.555721E0,-1.535958E1,-3.314736E1
1.559892E0,-4.107274E0,-1.502812E1
1.564062E0,1.383321E1,8.111067E0
1.568233E0,2.804721E1,3.201460E1
1.572404E0,4.054085E1,5.535367E1
1.576575E0,5.083037E1,7.764992E1
1.580746E0,5.973000E1,9.605746E1
1.584917E0,6.818518E1,1.118748E2
1.589087E0,7.616330E1,1.257683E2
1.593258E0,8.356540E1,1.395870E2
1.597429E0,9.017831E1,1.503897E2
1.601600E0,9.558524E1,1.617216E2
1.605771E0,1.004919E2,1.699740E2
1.609942E0,1.044285E2,1.780478E2
1.614113E0,1.081380E2,1.846384E2
1.618283E0,1.111293E2,1.897715E2
1.622454E0,1.131148E2,1.943823E2
1.626625E0,1.148019E2,1.972866E2
1.630796E0,1.155654E2,1.993345E2
1.634967E0,1.161174E2,2.004672E2
1.639138E0,1.161101E2,2.005676E2
1.643308E0,1.156007E2,1.999691E2
1.647479E0,1.146089E2,1.980771E2
1.651650E0,1.127187E2,1.953693E2
1.655821E0,1.103639E2,1.915464E2
1.659992E0,1.074272E2,1.865899E2
1.664163E0,1.040958E2,1.802571E2
1.668333E0,9.959033E1,1.725607E2
1.672504E0,9.471721E1,1.643683E2
1.676675E0,8.888688E1,1.537715E2
1.680846E0,8.250820E1,1.438716E2
1.685017E0,7.521504E1,1.311242E2
1.689188E0,6.690580E1,1.159086E2
1.693358E0,5.868469E1,9.941174E1
1.697529E0,4.934774E1,8.145855E1
1.701700E0,3.950986E1,6.325404E1
1.705871E0,2.656500E1,3.596740E1
1.710042E0,1.432543E1,1.458651E1
1.714213E0,-1.379510E0,-1.001501E1
1.718383E0,-1.140296E1,-2.850896E1
1.722554E0,-2.145148E1,-4.747248E1
1.726725E0,-3.108726E1,-6.578253E1
1.730896E0,-4.025467E1,-8.225969E1
1.735067E0,-4.918608E1,-9.821395E1
1.739237E0,-5.724259E1,-1.123006E2
1.743408E0,-6.351477E1,-1.246799E2
1.747579E0,-6.930289E1,-1.358004E2
1.751750E0,-7.571611E1,-1.462738E2
1.755921E0,-7.974217E1,-1.550375E2
1.760092E0,-8.437547E1,-1.619916E2
1.764263E0,-8.741436E1,-1.685241E2
1.768433E0,-9.027203E1,-1.735158E2
1.772604E0,-9.207434E1,-1.773190E2
1.776775E0,-9.390351E1,-1.805433E2
1.780946E0,-9.527885E1,-1.828405E2
1.785117E0,-9.601114E1,-1.836250E2
1.789288E0,-9.656341E1,-1.841313E2
1.793458E0,-9.573302E1,-1.836061E2
1.797629E0,-9.514177E1,-1.816842E2
1.801800E0,-9.426772E1,-1.796652E2
1.805971E0,-9.203704E1,-1.762963E2
1.810142E0,-8.984724E1,-1.726899E2
1.814312E0,-8.717600E1,-1.665593E2
1.818483E0,-8.364022E1,-1.605140E2
1.822654E0,-8.020107E1,-1.529608E2
1.826825E0,-7.544460E1,-1.441892E2
1.830996E0,-6.977800E1,-1.341811E2
1.835167E0,-6.425755E1,-1.225593E2
1.839338E0,-5.747976E1,-1.102663E2
1.843508E0,-4.881058E1,-9.564183E1
1.847679E0,-4.075056E1,-8.000316E1
1.851850E0,-3.183846E1,-6.249745E1
1.856021E0,-2.267754E1,-4.581719E1
1.860192E0,-1.260121E1,-2.681543E1
1.864362E0,-2.743178E0,-8.787137E0
1.868533E0,1.470531E1,1.511584E1
1.872704E0,2.753270E1,3.819714E1
1.876875E0,3.935817E1,6.094817E1
1.881046E0,4.952058E1,8.088630E1
1.885217E0,5.813785E1,9.671692E1
1.889387E0,6.642131E1,1.105839E2
1.893558E0,7.412052E1,1.234901E2
1.897729E0,8.117730E1,1.362959E2
1.901900E0,8.716441E1,1.471155E2
1.906071E0,9.311303E1,1.562037E2
1.910242E0,9.755281E1,1.636484E2
1.914413E0,1.019913E2,1.708592E2
1.918583E0,1.051007E2,1.763887E2
1.922754E0,1.075925E2,1.809364E2
1.926925E0,1.095323E2,1.845457E2
1.931096E0,1.113293E2,1.868871E2
1.935267E0,1.120083E2,1.881725E2
1.939437E0,1.122512E2,1.885926E2
1.943608E0,1.122511E2,1.878778E2
1.947779E0,1.114659E2,1.861918E2
1.951950E0,1.098546E2,1.832271E2
1.956121E0,1.078102E2,1.793069E2
1.960292E0,1.048033E2,1.745476E2
1.964463E0,1.015812E2,1.681385E2
1.968633E0,9.745357E1,1.608260E2
1.972804E0,9.271442E1,1.518429E2
1.976975E0,8.689525E1,1.420480E2
1.981146E0,8.051293E1,1.319378E2
1.985317E0,7.344978E1,1.184885E2
1.989487E0,6.567622E1,1.044429E2
1.993658E0,5.655370E1,8.647178E1
1.997829E0,4.673883E1,6.841807E1
2.002000E0,3.679053E1,4.979379E1
2.006171E0,2.290515E1,2.586623E1
2.010342E0,9.846125E0,5.147604E0
2.014512E0,-3.445159E0,-1.489313E1
2.018683E0,-1.265243E1,-3.189627E1
2.022854E0,-2.336211E1,-4.964448E1
2.027025E0,-3.376390E1,-6.588738E1
2.031196E0,-4.310328E1,-8.183559E1
2.035367E0,-5.187631E1,-9.571365E1
2.039538E0,-5.948659E1,-1.081209E2
2.043708E0,-6.712327E1,-1.194470E2
2.047879E0,-7.378756E1,-1.297945E2
2.052050E0,-7.922095E1,-1.382334E2
2.056221E0,-8.341722E1,-1.453537E2
2.060392E0,-8.700188E1,-1.513627E2
2.064563E0,-9.099684E1,-1.573195E2
2.068733E0,-9.400943E1,-1.616437E2
2.072904E0,-9.658686E1,-1.646918E2
2.077075E0,-9.802417E1,-1.666024E2
2.081246E0,-9.969592E1,-1.682362E2
2.085417E0,-1.002978E2,-1.680043E2
2.089587E0,-9.984779E1,-1.677702E2
2.093758E0,-9.950117E1,-1.658260E2
2.097929E0,-9.814341E1,-1.634667E2
2.102100E0,-9.713698E1,-1.598080E2
2.106271E0,-9.464451E1,-1.558911E2
2.110442E0,-9.138732E1,-1.504667E2
2.114613E0,-8.804886E1,-1.435632E2
2.118783E0,-8.416507E1,-1.359750E2
2.122954E0,-7.919373E1,-1.275199E2
2.127125E0,-7.400079E1,-1.179049E2
2.131296E0,-6.747477E1,-1.070749E2
2.135467E0,-5.962211E1,-9.466129E1
2.139637E0,-5.161712E1,-8.044501E1
2.143808E0,-4.207157E1,-6.544101E1
2.147979E0,-3.264629E1,-4.907040E1
2.152150E0,-2.267382E1,-3.237379E1
2.156321E0,-1.192689E1,-1.616475E1
2.160492E0,3.400653E0,3.303490E0
2.164662E0,1.947349E1,2.485450E1
2.168833E0,3.265100E1,4.368979E1
2.173004E0,4.549072E1,6.141708E1
2.177175E0,5.746854E1,7.934053E1
2.181346E0,6.741520E1,9.322105E1
2.185517E0,7.671806E1,1.052400E2
2.189687E0,8.530983E1,1.160222E2
2.193858E0,9.329859E1,1.261220E2
2.198029E0,9.987357E1,1.339408E2
2.202200E0,1.062438E2,1.421414E2
2.206371E0,1.111152E2,1.481131E2
2.210542E0,1.157856E2,1.537885E2
2.214713E0,1.189005E2,1.584323E2
2.218883E0,1.219848E2,1.618608E2
2.223054E0,1.236451E2,1.642572E2
2.227225E0,1.250011E2,1.657875E2
2.231396E0,1.252175E2,1.663118E2
2.235567E0,1.249494E2,1.654479E2
2.239738E0,1.238225E2,1.637443E2
2.243908E0,1.216850E2,1.613678E2
2.248079E0,1.193241E2,1.577111E2
2.252250E0,1.157231E2,1.528711E2
2.256421E0,1.116056E2,1.474170E2
2.260592E0,1.066722E2,1.407528E2
2.264762E0,1.005403E2,1.323923E2
2.268933E0,9.381913E1,1.241439E2
2.273104E0,8.577150E1,1.134780E2
2.277275E0,7.685724E1,1.019363E2
2.281446E0,6.879155E1,9.103618E1
2.285617E0,5.858094E1,7.724023E1
2.289788E0,4.360860E1,5.527965E1
2.293958E0,2.928848E1,3.655058E1
2.298129E0,1.527764E1,1.820757E1
2.302300E0,-1.147726E0,-6.715912E-1
2.306471E0,-1.369589E1,-1.707102E1
2.310642E0,-2.446218E1,-3.346326E1
2.314812E0,-3.604748E1,-4.939359E1
2.318983E0,-4.555608E1,-6.372293E1
2.323154E0,-5.525798E1,-7.761447E1
2.327325E0,-6.480580E1,-9.029852E1
2.331496E0,-7.236118E1,-1.012070E2
2.335667E0,-7.928908E1,-1.107747E2
2.339838E0,-8.444225E1,-1.193886E2
2.344008E0,-8.996012E1,-1.266737E2
2.348179E0,-9.401852E1,-1.332700E2
2.352350E0,-9.743303E1,-1.393804E2
2.356521E0,-1.005057E2,-1.436421E2
2.360692E0,-1.027534E2,-1.470276E2
2.364863E0,-1.044338E2,-1.489682E2
2.369033E0,-1.051512E2,-1.506424E2
2.373204E0,-1.050791E2,-1.513787E2
2.377375E0,-1.052988E2,-1.509148E2
2.381546E0,-1.034905E2,-1.505440E2
2.385717E0,-1.023598E2,-1.478868E2
2.389887E0,-1.000397E2,-1.445921E2
2.394058E0,-9.730013E1,-1.408387E2
2.398229E0,-9.364775E1,-1.359105E2
2.402400E0,-8.892328E1,-1.295095E2
2.406571E0,-8.395677E1,-1.226257E2
2.410742E0,-7.846472E1,-1.146129E2
2.414912E0,-7.177207E1,-1.055609E2
2.419083E0,-6.524270E1,-9.547950E1
2.423254E0,-5.696613E1,-8.366402E1
2.427425E0,-4.694605E1,-6.985140E1
2.431596E0,-3.781138E1,-5.552157E1
2.435767E0,-2.770414E1,-4.047439E1
2.439938E0,-1.759580E1,-2.465326E1
2.444108E0,-5.984975E0,-8.517973E0
2.448279E0,1.028671E1,1.053942E1
2.452450E0,2.446441E1,2.954722E1
2.456621E0,3.852268E1,4.934619E1
2.460792E0,5.062424E1,6.693529E1
2.464962E0,6.035664E1,8.239587E1
2.469133E0,6.890462E1,9.390896E1
2.473304E0,7.727448E1,1.062448E2
2.477475E0,8.486939E1,1.159021E2
2.481646E0,9.152892E1,1.253928E2
2.485817E0,9.756908E1,1.328244E2
2.489988E0,1.024519E2,1.397151E2
2.494158E0,1.069000E2,1.449510E2
2.498329E0,1.096891E2,1.492865E2
2.502500E0,1.127968E2,1.535362E2
2.506671E0,1.147774E2,1.560431E2
2.510842E0,1.155671E2,1.576984E2
2.515012E0,1.159384E2,1.579262E2
2.519183E0,1.155312E2,1.575300E2
2.523354E0,1.144102E2,1.559940E2
2.527525E0,1.124998E2,1.535207E2
2.531696E0,1.096882E2,1.499016E2
2.535867E0,1.060483E2,1.454630E2
2.540037E0,1.018551E2,1.395774E2
2.544208E0,9.667367E1,1.324458E2
2.548379E0,9.063219E1,1.241777E2
2.552550E0,8.404133E1,1.151924E2
2.556721E0,7.651944E1,1.054425E2
2.560892E0,6.821416E1,9.454835E1
2.565062E0,5.838679E1,7.965073E1
2.569233E0,4.698361E1,6.282234E1
2.573404E0,3.329779E1,4.553960E1
2.577575E0,2.193684E1,2.902124E1
2.581746E0,7.070510E0,9.790328E0
2.585917E0,-5.826361E0,-6.809599E0
2.590088E0,-1.682779E1,-2.343275E1
2.594258E0,-2.655043E1,-3.928323E1
2.598429E0,-3.636040E1,-5.432729E1
2.602600E0,-4.604115E1,-6.849058E1
2.606771E0,-5.501475E1,-8.175543E1
2.610942E0,-6.214063E1,-9.304706E1
2.615113E0,-6.825857E1,-1.024640E2
2.619283E0,-7.404088E1,-1.113146E2
2.623454E0,-7.942283E1,-1.198374E2
2.627625E0,-8.396892E1,-1.256764E2
2.631796E0,-8.661268E1,-1.325648E2
2.635967E0,-8.945599E1,-1.367827E2
2.640137E0,-9.239107E1,-1.399279E2
2.644308E0,-9.380569E1,-1.431897E2
2.648479E0,-9.419025E1,-1.445285E2
2.652650E0,-9.455853E1,-1.459085E2
2.656821E0,-9.449560E1,-1.452262E2
2.660992E0,-9.366550E1,-1.441637E2
2.665163E0,-9.187757E1,-1.420722E2
2.669333E0,-8.939504E1,-1.387394E2
2.673504E0,-8.652808E1,-1.347249E2
2.677675E0,-8.336298E1,-1.289427E2
2.681846E0,-7.891542E1,-1.222701E2
2.686017E0,-7.436210E1,-1.154907E2
2.690187E0,-6.925364E1,-1.071868E2
2.694358E0,-6.326182E1,-9.770943E1
2.698529E0,-5.577327E1,-8.708144E1
2.702700E0,-4.824484E1,-7.492985E1
2.706871E0,-3.955746E1,-6.160741E1
2.711042E0,-3.049920E1,-4.687045E1
2.715213E0,-2.107176E1,-3.142252E1
2.719383E0,-1.044988E1,-1.505159E1
2.723554E0,-1.412288E-1,1.221988E0
2.727725E0,1.500241E1,1.986098E1
2.731896E0,2.662965E1,3.723434E1
2.736067E0,3.889521E1,5.498386E1
2.740238E0,4.974776E1,7.114067E1
2.744408E0,5.862211E1,8.513980E1
2.748579E0,6.658358E1,9.693407E1
2.752750E0,7.371750E1,1.079480E2
2.756921E0,7.974402E1,1.162639E2
2.761092E0,8.642863E1,1.264348E2
2.765262E0,9.189372E1,1.333432E2
2.769433E0,9.610189E1,1.388336E2
2.773604E0,9.933140E1,1.434472E2
2.777775E0,1.022406E2,1.473651E2
2.781946E0,1.046463E2,1.500229E2
2.786117E0,1.060431E2,1.517565E2
2.790287E0,1.066080E2,1.524599E2
2.794458E0,1.065503E2,1.519757E2
2.798629E0,1.056185E2,1.503637E2
2.802800E0,1.036907E2,1.482151E2
2.806971E0,1.011871E2,1.441923E2
2.811142E0,9.798004E1,1.392296E2
2.815313E0,9.314851E1,1.335731E2
2.819483E0,8.853209E1,1.266534E2
2.823654E0,8.251705E1,1.181061E2
2.827825E0,7.690937E1,1.099751E2
2.831996E0,6.848998E1,9.837343E1
2.836167E0,6.044399E1,8.605239E1
2.840337E0,5.433258E1,7.654904E1
2.844508E0,4.471044E1,6.126229E1
2.848679E0,2.644487E1,3.643148E1
2.852850E0,1.429521E1,2.067403E1
2.857021E0,2.679056E0,3.982802E0
2.861192E0,-9.330114E0,-1.242828E1
2.865363E0,-1.925431E1,-2.755494E1
2.869533E0,-2.984945E1,-4.270717E1
2.873704E0,-3.878814E1,-5.663664E1
2.877875E0,-4.763086E1,-6.933931E1
2.882046E0,-5.538983E1,-8.105200E1
2.886217E0,-6.207410E1,-9.112242E1
2.890387E0,-6.848519E1,-9.985643E1
2.894558E0,-7.391656E1,-1.076727E2
2.898729E0,-7.841062E1,-1.145201E2
2.902900E0,-8.240185E1,-1.206093E2
2.907071E0,-8.626910E1,-1.248977E2
2.911242E0,-8.872574E1,-1.290831E2
2.915412E0,-9.019487E1,-1.317101E2
2.919583E0,-9.134271E1,-1.335717E2
2.923754E0,-9.157816E1,-1.347439E2
2.927925E0,-9.176159E1,-1.342108E2
2.932096E0,-9.021655E1,-1.333406E2
2.936267E0,-8.921803E1,-1.307167E2
2.940437E0,-8.691841E1,-1.273786E2
2.944608E0,-8.426783E1,-1.237238E2
2.948779E0,-8.020304E1,-1.183900E2
2.952950E0,-7.677704E1,-1.122088E2
2.957121E0,-7.100380E1,-1.046751E2
2.961292E0,-6.544169E1,-9.743593E1
2.965463E0,-5.924359E1,-8.829597E1
2.969633E0,-5.257137E1,-7.796700E1
2.973804E0,-4.419556E1,-6.558493E1
2.977975E0,-3.582276E1,-5.258622E1
2.982146E0,-2.653144E1,-3.886044E1
2.986317E0,-1.683354E1,-2.389030E1
2.990487E0,-5.720367E0,-7.837787E0
2.994658E0,6.679604E0,8.426511E0
2.998829E0,1.872443E1,2.512327E1
3.003000E0,3.018560E1,4.169788E1
3.007171E0,4.189973E1,5.898658E1
3.011342E0,5.162368E1,7.392861E1
3.015512E0,5.948087E1,8.643156E1
3.019683E0,6.658668E1,9.654037E1
3.023854E0,7.367434E1,1.070153E2
3.028025E0,7.933595E1,1.151751E2
3.032196E0,8.534836E1,1.230988E2
3.036367E0,8.985216E1,1.292051E2
3.040538E0,9.322641E1,1.346274E2
3.044708E0,9.570363E1,1.376363E2
3.048879E0,9.794749E1,1.407626E2
3.053050E0,9.928291E1,1.429349E2
3.057221E0,9.995589E1,1.438677E2
3.061392E0,9.985349E1,1.436322E2
3.065562E0,9.864175E1,1.424595E2
3.069733E0,9.659297E1,1.398006E2
3.073904E0,9.456255E1,1.362732E2
3.078075E0,9.110826E1,1.316726E2
3.082246E0,8.655495E1,1.255723E2
3.086417E0,8.212771E1,1.186216E2
3.090588E0,7.659877E1,1.106556E2
3.094758E0,7.023481E1,1.016714E2
3.098929E0,6.277321E1,8.982647E1
3.103100E0,5.369590E1,7.618999E1
3.107271E0,4.461392E1,6.341711E1
3.111442E0,3.459112E1,4.800998E1
3.115613E0,2.288007E1,3.185959E1
3.119783E0,1.004945E1,1.386363E1
3.123954E0,-1.269500E0,-2.136715E0
3.128125E0,-1.209472E1,-1.746971E1
3.132296E0,-2.158801E1,-3.221422E1
3.136467E0,-3.139566E1,-4.635341E1
3.140637E0,-3.925401E1,-5.918307E1
3.144808E0,-4.664266E1,-7.022433E1
3.148979E0,-5.451586E1,-8.136401E1
3.153150E0,-6.023915E1,-9.073075E1
3.157321E0,-6.552053E1,-9.886300E1
3.161492E0,-7.016437E1,-1.056300E2
3.165662E0,-7.465875E1,-1.119944E2
3.169833E0,-7.828253E1,-1.165982E2
3.174004E0,-8.057525E1,-1.208297E2
3.178175E0,-8.253560E1,-1.240553E2
3.182346E0,-8.333411E1,-1.263107E2
3.186517E0,-8.445459E1,-1.269668E2
3.190688E0,-8.440286E1,-1.268479E2
3.194858E0,-8.331891E1,-1.262933E2
3.199029E0,-8.232358E1,-1.238985E2
3.203200E0,-8.033152E1,-1.208524E2
3.207371E0,-7.731996E1,-1.166312E2
3.211542E0,-7.367788E1,-1.119889E2
3.215712E0,-7.036765E1,-1.051331E2
3.219883E0,-6.533069E1,-9.801807E1
3.224054E0,-5.985876E1,-9.095247E1
3.228225E0,-5.367845E1,-8.126298E1
3.232396E0,-4.669183E1,-7.088423E1
3.236567E0,-3.851918E1,-5.939373E1
3.240738E0,-3.029887E1,-4.656812E1
3.244908E0,-2.043997E1,-3.226991E1
3.249079E0,-1.130781E1,-1.791417E1
3.253250E0,-1.554256E0,-2.768896E0
3.257421E0,1.089499E1,1.399880E1
3.261592E0,2.253923E1,3.119501E1
3.265763E0,3.276938E1,4.586284E1
3.269933E0,4.350229E1,6.216225E1
3.274104E0,5.143106E1,7.450553E1
3.278275E0,5.938167E1,8.673408E1
3.282446E0,6.693280E1,9.689665E1
3.286617E0,7.280322E1,1.049040E2
3.290787E0,7.698144E1,1.109836E2
3.294958E0,8.268145E1,1.191595E2
3.299129E0,8.664314E1,1.247745E2
3.303300E0,8.962045E1,1.292799E2
3.307471E0,9.211478E1,1.327130E2
3.311642E0,9.378861E1,1.346475E2
3.315812E0,9.443930E1,1.355064E2
3.319983E0,9.428904E1,1.353422E2
3.324154E0,9.362836E1,1.342124E2
3.328325E0,9.223902E1,1.319637E2
3.332496E0,9.002131E1,1.286513E2
3.336667E0,8.717575E1,1.242191E2
3.340838E0,8.294626E1,1.183364E2
3.345008E0,7.852434E1,1.121373E2
3.349179E0,7.266969E1,1.039025E2
3.353350E0,6.668493E1,9.538707E1
3.357521E0,5.985647E1,8.493753E1
3.361692E0,5.119883E1,7.237228E1
3.365862E0,4.159935E1,5.855286E1
3.370033E0,3.037595E1,4.252529E1
3.374204E0,1.963215E1,2.724761E1
3.378375E0,7.668233E0,1.106592E1
3.382546E0,-3.308843E0,-4.057237E0
3.386717E0,-1.357908E1,-1.888664E1
3.390888E0,-2.265537E1,-3.235974E1
3.395058E0,-3.184110E1,-4.598538E1
3.399229E0,-3.876055E1,-5.759457E1
3.403400E0,-4.636272E1,-6.882917E1
3.407571E0,-5.377742E1,-7.858543E1
3.411742E0,-6.006342E1,-8.738940E1
3.415913E0,-6.424756E1,-9.474867E1
3.420083E0,-6.917376E1,-1.007840E2
3.424254E0,-7.338208E1,-1.058098E2
3.428425E0,-7.626089E1,-1.103055E2
3.432596E0,-7.852351E1,-1.137365E2
3.436767E0,-8.021465E1,-1.157043E2
3.440937E0,-8.097484E1,-1.173085E2
3.445108E0,-8.143008E1,-1.178623E2
3.449279E0,-8.055844E1,-1.176544E2
3.453450E0,-7.972350E1,-1.159968E2
3.457621E0,-7.753259E1,-1.135649E2
3.461792E0,-7.533860E1,-1.090975E2
3.465963E0,-7.222709E1,-1.037624E2
3.470133E0,-6.775331E1,-9.904694E1
3.474304E0,-6.321610E1,-9.227053E1
3.478475E0,-5.785120E1,-8.513784E1
3.482646E0,-5.186925E1,-7.665158E1
3.486817E0,-4.509918E1,-6.674549E1
3.490988E0,-3.769280E1,-5.573373E1
3.495158E0,-2.908710E1,-4.307709E1
3.499329E0,-2.074838E1,-3.046661E1
3.503500E0,-1.061648E1,-1.582556E1
3.507671E0,-1.787082E0,-1.395428E0
3.511842E0,1.091852E1,1.478459E1
3.516013E0,2.149007E1,3.033461E1
3.520183E0,3.283658E1,4.611966E1
3.524354E0,4.049012E1,5.858677E1
3.528525E0,4.990556E1,7.194657E1
3.532696E0,5.759687E1,8.427797E1
3.536867E0,6.472393E1,9.485550E1
3.541037E0,6.961918E1,1.022820E2
3.545208E0,7.540446E1,1.103088E2
3.549379E0,7.873729E1,1.151740E2
3.553550E0,8.273853E1,1.201446E2
3.557721E0,8.536401E1,1.243185E2
3.561892E0,8.740523E1,1.270439E2
3.566063E0,8.882308E1,1.288052E2
3.570233E0,8.924885E1,1.294742E2
3.574404E0,8.906364E1,1.288829E2
3.578575E0,8.801718E1,1.270658E2
3.582746E0,8.582860E1,1.242674E2
3.586917E0,8.296309E1,1.204891E2
3.591087E0,7.966283E1,1.155912E2
3.595258E0,7.461991E1,1.085240E2
3.599429E0,6.979731E1,1.012926E2
3.603600E0,6.459468E1,9.314562E1
3.607771E0,5.752601E1,8.244770E1
3.611942E0,5.021713E1,7.141760E1
3.616113E0,3.975353E1,5.733972E1
3.620283E0,3.030427E1,4.329226E1
3.624454E0,2.102816E1,2.897196E1
3.628625E0,1.030311E1,1.430545E1
3.632796E0,-1.359227E0,-1.149078E0
3.636967E0,-1.169382E1,-1.564046E1
3.641138E0,-2.075689E1,-2.881553E1
3.645308E0,-2.927951E1,-4.193018E1
3.649479E0,-3.650499E1,-5.294086E1
3.653650E0,-4.419829E1,-6.388247E1
3.657821E0,-5.093598E1,-7.338506E1
3.661992E0,-5.650316E1,-8.161802E1
3.666162E0,-6.130595E1,-8.905793E1
3.670333E0,-6.562747E1,-9.501277E1
3.674504E0,-6.968617E1,-9.984303E1
3.678675E0,-7.258912E1,-1.037849E2
3.682846E0,-7.537795E1,-1.060593E2
3.687017E0,-7.653937E1,-1.088431E2
3.691187E0,-7.733921E1,-1.098084E2
3.695358E0,-7.747810E1,-1.098623E2
3.699529E0,-7.715681E1,-1.085314E2
3.703700E0,-7.551336E1,-1.075622E2
3.707871E0,-7.343912E1,-1.045749E2
3.712042E0,-7.075558E1,-1.011171E2
3.716213E0,-6.724237E1,-9.553913E1
3.720383E0,-6.339562E1,-8.963636E1
3.724554E0,-5.841804E1,-8.316587E1
3.728725E0,-5.323920E1,-7.507794E1
3.732896E0,-4.684119E1,-6.667980E1
3.737067E0,-4.006552E1,-5.670789E1
3.741237E0,-3.226047E1,-4.491095E1
3.745408E0,-2.365314E1,-3.273259E1
3.749579E0,-1.496417E1,-1.980901E1
3.753750E0,-5.349462E0,-5.674870E0
3.757921E0,5.660809E0,9.016796E0
3.762092E0,1.663090E1,2.421537E1
3.766263E0,2.690989E1,3.903410E1
3.770433E0,3.559527E1,5.231618E1
3.774604E0,4.469442E1,6.487448E1
3.778775E0,5.223411E1,7.665826E1
3.782946E0,5.898976E1,8.584687E1
3.787117E0,6.463386E1,9.407868E1
3.791287E0,7.038542E1,1.021514E2
3.795458E0,7.494857E1,1.079760E2
3.799629E0,7.850322E1,1.131287E2
3.803800E0,8.161584E1,1.168092E2
3.807971E0,8.345242E1,1.197012E2
3.812142E0,8.468507E1,1.213355E2
3.816312E0,8.543377E1,1.218355E2
3.820483E0,8.517252E1,1.215536E2
3.824654E0,8.417153E1,1.199559E2
3.828825E0,8.228114E1,1.171720E2
3.832996E0,7.992641E1,1.131998E2
3.837167E0,7.647952E1,1.089318E2
3.841338E0,7.152399E1,1.023684E2
3.845508E0,6.649437E1,9.519759E1
3.849679E0,6.052829E1,8.654836E1
3.853850E0,5.238075E1,7.573343E1
3.858021E0,4.471646E1,6.379303E1
3.862192E0,3.578909E1,5.114552E1
3.866363E0,2.642478E1,3.811891E1
3.870533E0,1.579707E1,2.332669E1
3.874704E0,5.897534E0,8.985158E0
3.878875E0,-1.039446E1,-5.446577E0
3.883046E0,-1.640261E1,-1.945857E1
3.887217E0,-2.303312E1,-3.107563E1
3.891388E0,-3.137812E1,-4.331376E1
3.895558E0,-3.861346E1,-5.417736E1
3.899729E0,-4.441731E1,-6.332416E1
3.903900E0,-5.042925E1,-7.241601E1
3.908071E0,-5.602501E1,-7.991240E1
3.912242E0,-6.061122E1,-8.636565E1
3.916412E0,-6.456942E1,-9.178544E1
3.920583E0,-6.737612E1,-9.632266E1
3.924754E0,-6.980020E1,-9.997945E1
3.928925E0,-7.158526E1,-1.019368E2
3.933096E0,-7.253431E1,-1.032508E2
3.937267E0,-7.259031E1,-1.039232E2
3.941438E0,-7.220874E1,-1.026984E2
3.945608E0,-7.144082E1,-1.010387E2
3.949779E0,-6.920342E1,-9.852635E1
3.953950E0,-6.632077E1,-9.531290E1
3.958121E0,-6.325963E1,-9.035820E1
3.962292E0,-5.951841E1,-8.503752E1
3.966463E0,-5.443751E1,-7.831472E1
3.970633E0,-4.900291E1,-7.065287E1
3.974804E0,-4.373954E1,-6.313523E1
3.978975E0,-3.612330E1,-5.282527E1
3.983146E0,-2.939839E1,-4.196046E1
3.987317E0,-2.141407E1,-3.046394E1
3.991488E0,-1.191908E1,-1.778269E1
3.995658E0,-2.723584E0,-2.897097E0
3.999829E0,5.673406E0,9.527089E0
4.004000E0,1.752497E1,2.557669E1
4.008171E0,2.666567E1,3.944881E1
4.012342E0,3.594782E1,5.301466E1
4.016513E0,4.236245E1,6.355557E1
4.020683E0,5.013112E1,7.555586E1
4.024854E0,5.677555E1,8.518030E1
4.029025E0,6.270828E1,9.282884E1
4.033196E0,6.650848E1,9.949309E1
4.037367E0,7.055236E1,1.053047E2
4.041537E0,7.365003E1,1.092310E2
4.045708E0,7.600731E1,1.122809E2
4.049879E0,7.746893E1,1.144275E2
4.054050E0,7.834402E1,1.156634E2
4.058221E0,7.873871E1,1.152226E2
4.062392E0,7.788135E1,1.141028E2
4.066562E0,7.635048E1,1.119812E2
4.070733E0,7.407182E1,1.083493E2
4.074904E0,7.094511E1,1.038990E2
4.079075E0,6.683815E1,9.830798E1
4.083246E0,6.255558E1,9.222040E1
4.087417E0,5.614594E1,8.267050E1
4.091588E0,4.964771E1,7.289530E1
4.095758E0,4.208045E1,6.205307E1
4.099929E0,3.366329E1,4.962452E1
4.104100E0,2.560007E1,3.745572E1
4.108271E0,1.541064E1,2.261248E1
4.112442E0,4.843389E0,8.468713E0
4.116613E0,-4.840155E0,-5.531020E0
4.120783E0,-1.229042E1,-1.803338E1
4.124954E0,-2.085309E1,-2.996953E1
4.129125E0,-2.881242E1,-4.143482E1
4.133296E0,-3.566529E1,-5.146661E1
4.137467E0,-4.128667E1,-6.058458E1
4.141637E0,-4.672740E1,-6.837056E1
4.145808E0,-5.216980E1,-7.566054E1
4.149979E0,-5.665973E1,-8.104474E1
4.154150E0,-6.037605E1,-8.651345E1
4.158321E0,-6.349379E1,-9.026132E1
4.162492E0,-6.560210E1,-9.315270E1
4.166663E0,-6.747725E1,-9.521296E1
4.170833E0,-6.738240E1,-9.633356E1
4.175004E0,-6.748171E1,-9.662935E1
4.179175E0,-6.751476E1,-9.523674E1
4.183346E0,-6.544970E1,-9.358396E1
4.187517E0,-6.326488E1,-9.033552E1
4.191687E0,-6.063777E1,-8.664085E1
4.195858E0,-5.750607E1,-8.120530E1
4.200029E0,-5.349497E1,-7.514128E1
4.204200E0,-4.845304E1,-6.807316E1
4.208371E0,-4.322256E1,-6.036102E1
4.212542E0,-3.678370E1,-5.168161E1
4.216712E0,-3.002956E1,-4.235279E1
4.220883E0,-2.175095E1,-3.063235E1
4.225054E0,-1.517808E1,-1.774835E1
4.229225E0,-5.230435E0,-6.071143E0
4.233396E0,5.354563E0,8.298413E0
4.237567E0,1.451286E1,2.129269E1
4.241738E0,2.357367E1,3.440864E1
4.245908E0,3.200697E1,4.599105E1
4.250079E0,3.899420E1,5.617652E1
4.254250E0,4.608374E1,6.592057E1
4.258421E0,5.361721E1,7.696920E1
4.262592E0,5.879369E1,8.416369E1
4.266762E0,6.329449E1,9.065826E1
4.270933E0,6.769492E1,9.616440E1
4.275104E0,7.047748E1,1.002090E2
4.279275E0,7.283544E1,1.032494E2
4.283446E0,7.442706E1,1.049384E2
4.287617E0,7.486426E1,1.053418E2
4.291788E0,7.489933E1,1.053639E2
4.295958E0,7.423036E1,1.042115E2
4.300129E0,7.234947E1,1.017498E2
4.304300E0,6.961319E1,9.819325E1
4.308471E0,6.631379E1,9.348903E1
4.312642E0,6.245942E1,8.817178E1
4.316813E0,5.773516E1,8.110058E1
4.320983E0,5.042818E1,7.142775E1
4.325154E0,4.360635E1,6.247065E1
4.329325E0,3.661943E1,5.161758E1
4.333496E0,2.844797E1,4.019517E1
4.337667E0,1.837951E1,2.648328E1
4.341837E0,8.477858E0,1.340687E1
4.346008E0,-8.369530E-1,4.134441E-1
4.350179E0,-9.815402E0,-1.230043E1
4.354350E0,-1.736903E1,-2.443627E1
4.358521E0,-2.411109E1,-3.523156E1
4.362692E0,-3.155820E1,-4.486953E1
4.366862E0,-3.782521E1,-5.377687E1
4.371033E0,-4.344222E1,-6.163077E1
4.375204E0,-4.818019E1,-6.901598E1
4.379375E0,-5.249666E1,-7.491934E1
4.383546E0,-5.580469E1,-7.984204E1
4.387717E0,-5.879156E1,-8.398592E1
4.391888E0,-6.057889E1,-8.659083E1
4.396058E0,-6.169130E1,-8.893771E1
4.400229E0,-6.251473E1,-8.985114E1
4.404400E0,-6.212656E1,-8.954769E1
4.408571E0,-6.168502E1,-8.895338E1
4.412742E0,-6.044914E1,-8.619563E1
4.416913E0,-5.821827E1,-8.293018E1
4.421083E0,-5.524992E1,-7.876865E1
4.425254E0,-5.146517E1,-7.375507E1
4.429425E0,-4.738713E1,-6.789287E1
4.433596E0,-4.252673E1,-6.117243E1
4.437767E0,-3.709350E1,-5.331594E1
4.441937E0,-3.081968E1,-4.424786E1
4.446108E0,-2.367577E1,-3.403117E1
4.450279E0,-1.664875E1,-2.331430E1
4.454450E0,-8.620660E0,-1.156860E1
4.458621E0,-5.180271E-1,5.490385E-1
4.462792E0,9.439146E0,1.341551E1
4.466962E0,1.932291E1,2.760230E1
4.471133E0,2.632082E1,3.859495E1
4.475304E0,3.456796E1,5.020469E1
4.479475E0,4.132224E1,6.054772E1
4.483646E0,4.664979E1,6.829459E1
4.487817E0,5.196812E1,7.623635E1
4.491988E0,5.640033E1,8.234503E1
4.496158E0,6.028240E1,8.843256E1
4.500329E0,6.351911E1,9.250193E1
4.504500E0,6.580202E1,9.530075E1
4.508671E0,6.689225E1,9.752492E1
4.512842E0,6.793504E1,9.822323E1
4.517012E0,6.765735E1,9.805463E1
4.521183E0,6.684640E1,9.701205E1
4.525354E0,6.506667E1,9.409146E1
4.529525E0,6.254105E1,9.060323E1
4.533696E0,5.922630E1,8.566892E1
4.537867E0,5.551491E1,8.030962E1
4.542038E0,5.056921E1,7.295372E1
4.546208E0,4.455432E1,6.441857E1
4.550379E0,3.767814E1,5.468125E1
4.554550E0,3.128991E1,4.446124E1
4.558721E0,2.325701E1,3.245659E1
4.562892E0,1.473168E1,1.988607E1
4.567062E0,4.208400E0,6.664612E0
4.571233E0,-3.938142E0,-6.055277E0
4.575404E0,-1.173616E1,-1.762461E1
4.579575E0,-1.933487E1,-2.895533E1
4.583746E0,-2.582465E1,-3.840139E1
4.587917E0,-3.110747E1,-4.719174E1
4.592087E0,-3.694136E1,-5.570209E1
4.596258E0,-4.144726E1,-6.199670E1
4.600429E0,-4.538780E1,-6.765411E1
4.604600E0,-4.949472E1,-7.327505E1
4.608771E0,-5.223559E1,-7.748259E1
4.612942E0,-5.448241E1,-8.064070E1
4.617113E0,-5.605201E1,-8.272041E1
4.621283E0,-5.687876E1,-8.400591E1
4.625454E0,-5.708384E1,-8.368173E1
4.629625E0,-5.648516E1,-8.288024E1
4.633796E0,-5.535046E1,-8.062301E1
4.637967E0,-5.329793E1,-7.746627E1
4.642137E0,-5.106470E1,-7.272531E1
4.646308E0,-4.739756E1,-6.840524E1
4.650479E0,-4.355749E1,-6.202872E1
4.654650E0,-3.914232E1,-5.625967E1
4.658821E0,-3.360970E1,-4.786340E1
4.662992E0,-2.747785E1,-3.909771E1
4.667163E0,-2.130014E1,-2.959266E1
4.671333E0,-1.376274E1,-1.851477E1
4.675504E0,-5.751601E0,-7.297538E0
4.679675E0,4.551175E0,6.043582E0
4.683846E0,1.360100E1,1.804284E1
4.688017E0,2.232812E1,3.056745E1
4.692188E0,2.973908E1,4.031205E1
4.696358E0,3.724816E1,5.072608E1
4.700529E0,4.472186E1,5.999058E1
4.704700E0,5.089966E1,6.779209E1
4.708871E0,5.467053E1,7.307946E1
4.713042E0,5.871150E1,7.834286E1
4.717212E0,6.250639E1,8.347308E1
4.721383E0,6.446083E1,8.568091E1
4.725554E0,6.665047E1,8.787717E1
4.729725E0,6.684378E1,8.852218E1
4.733896E0,6.683768E1,8.845357E1
4.738067E0,6.647567E1,8.721361E1
4.742237E0,6.441185E1,8.515978E1
4.746408E0,6.224356E1,8.229981E1
4.750579E0,5.848272E1,7.767979E1
4.754750E0,5.468833E1,7.196725E1
4.758921E0,4.975034E1,6.602194E1
4.763092E0,4.316690E1,5.751100E1
4.767263E0,3.641268E1,4.860659E1
4.771433E0,2.841540E1,3.831047E1
4.775604E0,1.943941E1,2.669750E1
4.779775E0,1.182766E1,1.591145E1
4.783946E0,2.409588E0,4.413366E0
4.788117E0,-5.799876E0,-7.464218E0
4.792288E0,-1.326089E1,-1.887212E1
4.796458E0,-2.000366E1,-2.898844E1
4.800629E0,-2.611434E1,-3.818250E1
4.804800E0,-3.231742E1,-4.650345E1
4.808971E0,-3.643374E1,-5.306385E1
4.813142E0,-3.994517E1,-5.871509E1
4.817312E0,-4.394210E1,-6.359758E1
4.821483E0,-4.729697E1,-6.823109E1
4.825654E0,-4.951406E1,-7.164881E1
4.829825E0,-5.120096E1,-7.383644E1
4.833996E0,-5.239024E1,-7.519380E1
4.838167E0,-5.217806E1,-7.532694E1
4.842337E0,-5.190303E1,-7.439574E1
4.846508E0,-5.085748E1,-7.324760E1
4.850679E0,-4.925039E1,-6.999645E1
4.854850E0,-4.612333E1,-6.629954E1
4.859021E0,-4.314045E1,-6.137190E1
4.863192E0,-3.924283E1,-5.577772E1
4.867363E0,-3.470706E1,-4.987096E1
4.871533E0,-2.910643E1,-4.215906E1
4.875704E0,-2.327294E1,-3.383141E1
4.879875E0,-1.741357E1,-2.406461E1
4.884046E0,-1.040989E1,-1.410465E1
4.888217E0,-2.417178E0,-2.704533E0
4.892387E0,6.547920E0,9.817100E0
4.896558E0,1.536313E1,2.206263E1
4.900729E0,2.268610E1,3.203726E1
4.904900E0,3.033518E1,4.257711E1
4.909071E0,3.682623E1,5.073807E1
4.913242E0,4.150441E1,5.814466E1
4.917413E0,4.630282E1,6.461998E1
4.921583E0,5.082970E1,6.984513E1
4.925754E0,5.405813E1,7.484146E1
4.929925E0,5.634927E1,7.850147E1
4.934096E0,5.848165E1,8.035109E1
4.938267E0,5.902014E1,8.153033E1
4.942437E0,5.918769E1,8.170783E1
4.946608E0,5.857084E1,8.057321E1
4.950779E0,5.715345E1,7.846914E1
4.954950E0,5.527127E1,7.540055E1
4.959121E0,5.216774E1,7.137735E1
4.963292E0,4.852738E1,6.610221E1
4.967462E0,4.426942E1,6.030783E1
4.971633E0,3.839471E1,5.218496E1
4.975804E0,3.190774E1,4.274585E1
4.979975E0,2.482539E1,3.407445E1
4.984146E0,1.748349E1,2.426390E1
4.988317E0,9.563376E0,1.304996E1
4.992488E0,8.236174E-1,8.279512E-1
4.996658E0,-7.582807E0,-1.054552E1
5.000829E0,-1.411891E1,-2.093846E1
5.005000E0,-2.007392E1,-3.088540E1
5.009171E0,-2.656732E1,-3.950887E1
5.013342E0,-3.017209E1,-4.594506E1
5.017512E0,-3.527510E1,-5.339129E1
5.021683E0,-3.830846E1,-5.770668E1
5.025854E0,-4.102321E1,-6.207193E1
5.030025E0,-4.357345E1,-6.587951E1
5.034196E0,-4.531174E1,-6.849623E1
5.038367E0,-4.649542E1,-7.016093E1
5.042538E0,-4.667771E1,-7.065101E1
5.046708E0,-4.651824E1,-7.007348E1
5.050879E0,-4.554294E1,-6.816219E1
5.055050E0,-4.369547E1,-6.541800E1
5.059221E0,-4.148230E1,-6.194336E1
5.063392E0,-3.831438E1,-5.696846E1
5.067563E0,-3.510947E1,-5.141770E1
5.071733E0,-3.086174E1,-4.468966E1
5.075904E0,-2.575237E1,-3.729342E1
5.080075E0,-2.011280E1,-2.895529E1
5.084246E0,-1.430323E1,-1.968755E1
5.088417E0,-7.417037E0,-9.459932E0
5.092587E0,6.180114E-1,1.863134E0
5.096758E0,9.204821E0,1.346308E1
5.100929E0,1.765106E1,2.438669E1
5.105100E0,2.480435E1,3.279443E1
5.109271E0,3.053618E1,4.048986E1
5.113442E0,3.672889E1,4.820805E1
5.117612E0,4.152998E1,5.420958E1
5.121783E0,4.628337E1,6.034994E1
5.125954E0,5.059132E1,6.499567E1
5.130125E0,5.335649E1,6.831756E1
5.134296E0,5.525268E1,7.052524E1
5.138467E0,5.666188E1,7.172814E1
5.142638E0,5.685386E1,7.150597E1
5.146808E0,5.631358E1,7.101145E1
5.150979E0,5.505702E1,6.915303E1
5.155150E0,5.255337E1,6.612520E1
5.159321E0,4.958255E1,6.220397E1
5.163492E0,4.537886E1,5.764309E1
5.167663E0,4.050288E1,5.141631E1
5.171833E0,3.511632E1,4.466416E1
5.176004E0,2.921047E1,3.745197E1
5.180175E0,2.285337E1,2.877780E1
5.184346E0,1.482040E1,1.875345E1
5.188517E0,5.587758E0,8.153407E0
5.192687E0,-2.497781E0,-2.688205E0
5.196858E0,-9.146897E0,-1.279812E1
5.201029E0,-1.558441E1,-2.154610E1
5.205200E0,-2.164677E1,-3.042130E1
5.209371E0,-2.548479E1,-3.651959E1
5.213542E0,-2.993847E1,-4.419348E1
5.217712E0,-3.359449E1,-4.868525E1
5.221883E0,-3.663616E1,-5.407350E1
5.226054E0,-3.837243E1,-5.692149E1
5.230225E0,-4.037848E1,-5.953705E1
5.234396E0,-4.140470E1,-6.131253E1
5.238567E0,-4.143949E1,-6.234472E1
5.242738E0,-4.132078E1,-6.194477E1
5.246908E0,-4.027478E1,-6.015455E1
5.251079E0,-3.861191E1,-5.827175E1
5.255250E0,-3.605195E1,-5.444699E1
5.259421E0,-3.306817E1,-5.014409E1
5.263592E0,-2.951426E1,-4.478808E1
5.267762E0,-2.506612E1,-3.874180E1
5.271933E0,-2.072486E1,-3.145173E1
5.276104E0,-1.485033E1,-2.288297E1
5.280275E0,-9.551002E0,-1.450795E1
5.284446E0,-2.354485E0,-4.516321E0
5.288617E0,4.569736E0,5.545056E0
5.292788E0,1.223690E1,1.571194E1
5.296958E0,2.053396E1,2.597652E1
5.301129E0,2.675100E1,3.387416E1
5.305300E0,3.240408E1,4.152324E1
5.309471E0,3.684424E1,4.694292E1
5.313642E0,4.034984E1,5.267368E1
5.317812E0,4.459658E1,5.695515E1
5.321983E0,4.695587E1,6.021036E1
5.326154E0,4.858492E1,6.243612E1
5.330325E0,4.959993E1,6.365985E1
5.334496E0,5.010072E1,6.376628E1
5.338667E0,4.951995E1,6.315912E1
5.342837E0,4.862071E1,6.182282E1
5.347008E0,4.577603E1,5.845587E1
5.351179E0,4.252777E1,5.472728E1
5.355350E0,3.839999E1,4.955293E1
5.359521E0,3.379762E1,4.319535E1
5.363692E0,2.895686E1,3.675332E1
5.367863E0,2.258181E1,2.946017E1
5.372033E0,1.605121E1,2.085774E1
5.376204E0,7.812489E0,1.138285E1
5.380375E0,5.109157E-1,1.226105E0
5.384546E0,-6.482704E0,-8.816299E0
5.388717E0,-1.255080E1,-1.862751E1
5.392887E0,-1.778512E1,-2.633824E1
5.397058E0,-2.131800E1,-3.298668E1
5.401229E0,-2.636287E1,-4.089271E1
5.405400E0,-3.045907E1,-4.649245E1
5.409571E0,-3.233970E1,-5.097269E1
5.413742E0,-3.476836E1,-5.464833E1
5.417913E0,-3.609751E1,-5.730272E1
5.422083E0,-3.690986E1,-5.912993E1
5.426254E0,-3.740110E1,-5.921233E1
5.430425E0,-3.704896E1,-5.855452E1
5.434596E0,-3.567443E1,-5.703409E1
5.438767E0,-3.457720E1,-5.400389E1
5.442938E0,-3.170499E1,-5.020418E1
5.447108E0,-2.910799E1,-4.554854E1
5.451279E0,-2.568425E1,-3.957668E1
5.455450E0,-2.170890E1,-3.245036E1
5.459621E0,-1.747858E1,-2.572057E1
5.463792E0,-1.166499E1,-1.672452E1
5.467962E0,-5.500254E0,-7.537831E0
5.472133E0,1.494404E0,1.996384E0
5.476304E0,8.933062E0,1.194207E1
5.480475E0,1.587736E1,2.107945E1
5.484646E0,2.177142E1,2.829912E1
5.488817E0,2.746024E1,3.519722E1
5.492987E0,3.243004E1,4.148347E1
5.497158E0,3.657917E1,4.639282E1
5.501329E0,3.946029E1,4.945551E1
5.505500E0,4.230948E1,5.254582E1
5.509671E0,4.416338E1,5.443570E1
5.513842E0,4.500989E1,5.493062E1
5.518013E0,4.533365E1,5.520198E1
5.522183E0,4.465850E1,5.381737E1
5.526354E0,4.292987E1,5.178026E1
5.530525E0,3.971186E1,4.838193E1
5.534696E0,3.654933E1,4.448405E1
5.538867E0,3.263462E1,3.985410E1
5.543038E0,2.792444E1,3.384074E1
5.547208E0,2.258078E1,2.803914E1
5.551379E0,1.550700E1,1.943205E1
5.555550E0,8.777593E0,1.098003E1
5.559721E0,1.530794E0,2.160398E0
5.563892E0,-5.233366E0,-6.817173E0
5.568062E0,-1.185220E1,-1.536923E1
5.572233E0,-1.496349E1,-2.223944E1
5.576404E0,-2.121416E1,-2.996728E1
5.580575E0,-2.492846E1,-3.605468E1
5.584746E0,-2.831370E1,-4.111979E1
5.588917E0,-3.104429E1,-4.554144E1
5.593087E0,-3.257495E1,-4.815829E1
5.597258E0,-3.365415E1,-4.982665E1
5.601429E0,-3.391195E1,-5.073034E1
5.605600E0,-3.368765E1,-5.063977E1
5.609771E0,-3.290117E1,-4.965726E1
5.613942E0,-3.107289E1,-4.745598E1
5.618113E0,-2.923571E1,-4.412120E1
5.622283E0,-2.635378E1,-4.001911E1
5.626454E0,-2.311214E1,-3.498986E1
5.630625E0,-1.940679E1,-2.887301E1
5.634796E0,-1.462532E1,-2.171953E1
5.638967E0,-9.634559E0,-1.390899E1
5.643137E0,-2.761206E0,-3.761987E0
5.647308E0,4.787912E0,5.388850E0
5.651479E0,1.091678E1,1.431673E1
5.655650E0,1.683123E1,2.213776E1
5.659821E0,2.192044E1,2.887799E1
5.663992E0,2.651043E1,3.507469E1
5.668163E0,3.018831E1,4.042224E1
5.672333E0,3.347732E1,4.418044E1
5.676504E0,3.585311E1,4.728790E1
5.680675E0,3.724790E1,4.940579E1
5.684846E0,3.851437E1,5.032312E1
5.689017E0,3.857645E1,5.026469E1
5.693187E0,3.766300E1,4.905439E1
5.697358E0,3.630142E1,4.743205E1
5.701529E0,3.433163E1,4.418259E1
5.705700E0,3.132150E1,4.024879E1
5.709871E0,2.736222E1,3.543291E1
5.714042E0,2.263911E1,2.932653E1
5.718212E0,1.834844E1,2.313856E1
5.722383E0,1.232829E1,1.531686E1
5.726554E0,4.649616E0,5.481008E0
5.730725E0,-1.655685E0,-3.392307E0
5.734896E0,-7.339525E0,-1.194825E1
5.739067E0,-1.105844E1,-1.813210E1
5.743238E0,-1.579459E1,-2.453183E1
5.747408E0,-1.999298E1,-3.107281E1
5.751579E0,-2.351093E1,-3.558203E1
5.755750E0,-2.569709E1,-3.941272E1
5.759921E0,-2.722830E1,-4.224634E1
5.764092E0,-2.880189E1,-4.381051E1
5.768262E0,-2.896271E1,-4.463826E1
5.772433E0,-2.895621E1,-4.421993E1
5.776604E0,-2.827335E1,-4.272055E1
5.780775E0,-2.671504E1,-4.073315E1
5.784946E0,-2.453481E1,-3.701526E1
5.789117E0,-2.166106E1,-3.269555E1
5.793287E0,-1.867209E1,-2.730264E1
5.797458E0,-1.441676E1,-2.122187E1
5.801629E0,-9.650893E0,-1.393278E1
5.805800E0,-4.408166E0,-6.505578E0
5.809971E0,9.368725E-1,1.308725E0
5.814142E0,7.425514E0,9.683165E0
5.818313E0,1.434744E1,1.771692E1
5.822483E0,2.071224E1,2.488410E1
5.826654E0,2.481087E1,2.983080E1
5.830825E0,2.761779E1,3.332983E1
5.834996E0,3.089114E1,3.718567E1
5.839167E0,3.346038E1,4.012716E1
5.843337E0,3.464628E1,4.128985E1
5.847508E0,3.574946E1,4.193425E1
5.851679E0,3.554253E1,4.183484E1
5.855850E0,3.439615E1,4.033516E1
5.860021E0,3.313420E1,3.824603E1
5.864192E0,3.086111E1,3.489061E1
5.868362E0,2.749432E1,3.110113E1
5.872533E0,2.336493E1,2.622981E1
5.876704E0,1.832621E1,2.033959E1
5.880875E0,1.252811E1,1.334409E1
5.885046E0,6.570560E0,6.133702E0
5.889217E0,-4.324421E-1,-1.647649E0
5.893388E0,-6.602782E0,-8.673608E0
5.897558E0,-1.247302E1,-1.549572E1
5.901729E0,-1.653076E1,-2.085099E1
5.905900E0,-1.949283E1,-2.484763E1
5.910071E0,-2.380901E1,-2.930156E1
5.914242E0,-2.619750E1,-3.267433E1
5.918413E0,-2.778156E1,-3.480203E1
5.922583E0,-2.844820E1,-3.607151E1
5.926754E0,-2.846403E1,-3.631445E1
5.930925E0,-2.765122E1,-3.596045E1
5.935096E0,-2.571623E1,-3.413615E1
5.939267E0,-2.317365E1,-3.192542E1
5.943437E0,-2.022716E1,-2.851372E1
5.947608E0,-1.662059E1,-2.354745E1
5.951779E0,-1.248843E1,-1.866929E1
5.955950E0,-7.583107E0,-1.268974E1
5.960121E0,-2.167421E0,-6.244194E0
5.964292E0,3.632713E0,1.224534E0
5.968462E0,9.080464E0,8.854324E0
5.972633E0,1.348751E1,1.641434E1
5.976804E0,1.832954E1,2.338887E1
5.980975E0,2.151023E1,2.866843E1
5.985146E0,2.423783E1,3.338640E1
5.989317E0,2.594147E1,3.594885E1
5.993488E0,2.698105E1,3.798415E1
5.997658E0,2.755431E1,3.977039E1
6.001829E0,2.741194E1,4.008460E1
6.006000E0,2.653177E1,3.926792E1
6.010171E0,2.525386E1,3.738026E1
6.014342E0,2.332755E1,3.446816E1
6.018512E0,2.070462E1,3.013178E1
6.022683E0,1.744667E1,2.541566E1
6.026854E0,1.330970E1,1.870993E1
6.031025E0,9.403431E0,1.222076E1
6.035196E0,4.656694E0,4.176989E0
6.039367E0,-2.113130E-1,-3.764423E0
6.043538E0,-4.869276E0,-1.138568E1
6.047708E0,-8.189467E0,-1.818498E1
6.051879E0,-1.170681E1,-2.338360E1
6.056050E0,-1.425747E1,-2.795394E1
6.060221E0,-1.637097E1,-3.165128E1
6.064392E0,-1.753748E1,-3.399157E1
6.068562E0,-1.895966E1,-3.584313E1
6.072733E0,-1.915704E1,-3.591843E1
6.076904E0,-1.919682E1,-3.509804E1
6.081075E0,-1.876749E1,-3.348104E1
6.085246E0,-1.776385E1,-3.026564E1
6.089417E0,-1.584896E1,-2.627737E1
6.093587E0,-1.356042E1,-2.140437E1
6.097758E0,-1.021023E1,-1.597940E1
6.101929E0,-7.000392E0,-9.909502E0
6.106100E0,-3.144824E0,-3.014209E0
6.110271E0,2.353563E0,5.221994E0
6.114442E0,8.226043E0,1.170388E1
6.118613E0,1.266267E1,1.624345E1
6.122783E0,1.731337E1,2.234418E1
6.126954E0,2.141912E1,2.605442E1
6.131125E0,2.441913E1,2.911862E1
6.135296E0,2.661173E1,3.077362E1
6.139467E0,2.740831E1,3.152026E1
6.143637E0,2.808035E1,3.104825E1
6.147808E0,2.740216E1,3.039840E1
6.151979E0,2.671766E1,2.793632E1
6.156150E0,2.443982E1,2.526061E1
6.160321E0,2.196559E1,2.114578E1
6.164492E0,1.839097E1,1.649562E1
6.168662E0,1.435550E1,1.144386E1
6.172833E0,8.482429E0,4.499019E0
6.177004E0,3.115827E0,-1.379486E0
6.181175E0,-3.159196E0,-8.012648E0
6.185346E0,-8.412940E0,-1.266493E1
6.189517E0,-1.309101E1,-1.686946E1
6.193688E0,-1.693893E1,-2.017494E1
6.197858E0,-2.048205E1,-2.265027E1
6.202029E0,-2.187557E1,-2.385217E1
6.206200E0,-2.351666E1,-2.529775E1
6.210371E0,-2.390820E1,-2.622376E1
6.214542E0,-2.330529E1,-2.525151E1
6.218712E0,-2.193210E1,-2.394062E1
6.222883E0,-2.022224E1,-2.182210E1
6.227054E0,-1.702009E1,-1.921087E1
6.231225E0,-1.358729E1,-1.540644E1
6.235396E0,-8.232303E0,-1.108295E1
6.239567E0,-2.778066E0,-6.272887E0
6.243737E0,3.642386E0,-8.830817E-1
6.247908E0,8.818683E0,4.334181E0
6.252079E0,1.477661E1,1.086113E1
6.256250E0,1.855252E1,1.505449E1
6.260421E0,2.198345E1,1.911029E1
6.264592E0,2.457475E1,2.217211E1
6.268763E0,2.645146E1,2.404820E1
6.272933E0,2.702155E1,2.494858E1
6.277104E0,2.732782E1,2.609845E1
6.281275E0,2.646998E1,2.526535E1
6.285446E0,2.533027E1,2.401629E1
6.289617E0,2.247290E1,2.146074E1
6.293788E0,1.952297E1,1.842790E1
6.297958E0,1.556306E1,1.415503E1
6.302129E0,1.038330E1,9.574106E0
6.306300E0,5.222497E0,4.272967E0
6.310471E0,-4.161793E-1,-1.680318E0
6.314642E0,-5.684554E0,-6.656023E0
6.318812E0,-1.032986E1,-1.167788E1
6.322983E0,-1.458769E1,-1.557625E1
6.327154E0,-1.702156E1,-1.871139E1
6.331325E0,-1.913398E1,-2.091102E1
6.335496E0,-2.034033E1,-2.299791E1
6.339667E0,-2.045352E1,-2.294887E1
6.343837E0,-2.052890E1,-2.351584E1
6.348008E0,-1.928206E1,-2.259295E1
6.352179E0,-1.662646E1,-2.094986E1
6.356350E0,-1.357567E1,-1.795448E1
6.360521E0,-9.576468E0,-1.424492E1
6.364692E0,-5.244368E0,-1.008042E1
6.368863E0,-9.395350E-1,-5.798980E0
6.373033E0,4.041904E0,-1.890540E-2
6.377204E0,7.648384E0,6.354283E0
6.381375E0,1.152452E1,1.211423E1
6.385546E0,1.445992E1,1.717849E1
6.389717E0,1.638443E1,2.061933E1
6.393887E0,1.738167E1,2.363913E1
6.398058E0,1.796205E1,2.513679E1
6.402229E0,1.807541E1,2.596071E1
6.406400E0,1.752769E1,2.608278E1
6.410571E0,1.633869E1,2.495251E1
6.414742E0,1.452342E1,2.282249E1
6.418913E0,1.212304E1,2.011529E1
6.423083E0,8.629297E0,1.496987E1
6.427254E0,5.398861E0,1.037842E1
6.431425E0,1.770255E0,4.011720E0
6.435596E0,-1.810206E0,-1.655458E0
6.439767E0,-4.690401E0,-7.687890E0
6.443937E0,-7.571725E0,-1.346200E1
6.448108E0,-9.266446E0,-1.806493E1
6.452279E0,-1.018969E1,-2.089893E1
6.456450E0,-1.187336E1,-2.333653E1
6.460621E0,-1.204059E1,-2.459020E1
6.464792E0,-1.216196E1,-2.465071E1
6.468963E0,-1.173872E1,-2.378867E1
6.473133E0,-1.033917E1,-2.155188E1
6.477304E0,-9.025876E0,-1.885936E1
6.481475E0,-7.138315E0,-1.454303E1
6.485646E0,-5.124398E0,-9.113035E0
6.489817E0,-2.536818E0,-3.017575E0
6.493988E0,2.717174E-1,3.193038E0
6.498158E0,3.213496E0,9.512150E0
6.502329E0,5.959079E0,1.433365E1
6.506500E0,7.576740E0,1.857162E1
6.510671E0,9.346094E0,2.177370E1
6.514842E0,9.997489E0,2.376197E1
6.519012E0,1.059829E1,2.537200E1
6.523183E0,1.062868E1,2.490894E1
6.527354E0,1.018388E1,2.392581E1
6.531525E0,9.492614E0,2.201173E1
6.535696E0,8.083708E0,1.917549E1
6.539867E0,6.335842E0,1.514223E1
6.544037E0,4.584757E0,9.771947E0
6.548208E0,2.347800E0,3.342807E0
6.552379E0,8.411730E-1,-3.184742E0
6.556550E0,-1.250580E0,-8.937705E0
6.560721E0,-2.643031E0,-1.352219E1
6.564892E0,-4.041332E0,-1.805628E1
6.569063E0,-4.736674E0,-2.073688E1
6.573233E0,-5.639279E0,-2.242093E1
6.577404E0,-5.508686E0,-2.288379E1
6.581575E0,-6.053695E0,-2.294286E1
6.585746E0,-5.532546E0,-2.027264E1
6.589917E0,-5.498285E0,-1.840490E1
6.594088E0,-4.667042E0,-1.426655E1
6.598258E0,-3.398224E0,-9.733679E0
6.602429E0,-1.645088E0,-3.948566E0
6.606600E0,-4.535460E-1,1.715176E0
6.610771E0,2.220104E0,7.479158E0
6.614942E0,4.845081E0,1.234944E1
6.619112E0,6.688908E0,1.572521E1
6.623283E0,8.560655E0,1.875658E1
6.627454E0,9.710425E0,2.029810E1
6.631625E0,1.048035E1,2.101766E1
6.635796E0,1.072587E1,2.109332E1
6.639967E0,1.038955E1,1.977703E1
6.644138E0,9.615687E0,1.754554E1
6.648308E0,8.163008E0,1.356388E1
6.652479E0,6.385381E0,9.521722E0
6.656650E0,4.291406E0,4.083924E0
6.660821E0,2.446631E0,-1.831475E0
6.664992E0,4.013725E-1,-6.993730E0
6.669163E0,-1.708277E0,-1.162877E1
6.673333E0,-3.005109E0,-1.583032E1
6.677504E0,-4.414730E0,-1.814977E1
6.681675E0,-5.103902E0,-1.916163E1
6.685846E0,-5.685234E0,-1.979349E1
6.690017E0,-5.767414E0,-1.851368E1
6.694187E0,-5.588101E0,-1.690338E1
6.698358E0,-4.508532E0,-1.404652E1
6.702529E0,-3.648134E0,-1.058820E1
6.706700E0,-1.383013E0,-6.720587E0
6.710871E0,8.497540E-1,-1.068829E0
6.715042E0,3.433577E0,4.218346E0
6.719213E0,6.595029E0,8.904774E0
6.723383E0,9.564379E0,1.279571E1
6.727554E0,1.144167E1,1.557667E1
6.731725E0,1.317095E1,1.764488E1
6.735896E0,1.440858E1,1.774187E1
6.740067E0,1.459548E1,1.824084E1
6.744238E0,1.420860E1,1.716358E1
6.748408E0,1.308387E1,1.484702E1
6.752579E0,1.136609E1,1.234757E1
6.756750E0,9.402088E0,8.741635E0
6.760921E0,6.352250E0,3.809799E0
6.765092E0,3.338860E0,-9.664977E-1
6.769262E0,3.775898E-1,-5.126436E0
6.773433E0,-2.198373E0,-9.727291E0
6.777604E0,-4.209516E0,-1.289093E1
6.781775E0,-5.473812E0,-1.418790E1
6.785946E0,-6.344678E0,-1.557110E1
6.790117E0,-6.468014E0,-1.613075E1
6.794288E0,-6.097636E0,-1.521974E1
6.798458E0,-5.410411E0,-1.323849E1
6.802629E0,-3.744757E0,-1.050905E1
6.806800E0,-1.418429E0,-7.116903E0
6.810971E0,1.050788E0,-3.192360E0
6.815142E0,3.660185E0,1.504172E0
6.819312E0,7.248149E0,6.317955E0
6.823483E0,1.032889E1,1.016858E1
6.827654E0,1.272283E1,1.307195E1
6.831825E0,1.453991E1,1.543212E1
6.835996E0,1.531546E1,1.644230E1
6.840167E0,1.559526E1,1.677218E1
6.844338E0,1.519328E1,1.634814E1
6.848508E0,1.439272E1,1.478393E1
6.852679E0,1.261842E1,1.231048E1
6.856850E0,9.615044E0,8.691466E0
6.861021E0,6.859403E0,4.100824E0
6.865192E0,3.548290E0,1.303962E-1
6.869363E0,5.741451E-1,-4.707822E0
6.873533E0,-2.347405E0,-8.341575E0
6.877704E0,-3.391474E0,-1.098793E1
6.881875E0,-5.393087E0,-1.327841E1
6.886046E0,-5.956221E0,-1.497836E1
6.890217E0,-6.203296E0,-1.466674E1
6.894387E0,-6.119944E0,-1.448676E1
6.898558E0,-4.815455E0,-1.234305E1
6.902729E0,-3.307930E0,-1.026491E1
6.906900E0,-5.997886E-1,-6.380002E0
6.911071E0,2.583096E0,-2.796353E0
6.915242E0,5.519977E0,1.341736E0
6.919412E0,8.512431E0,5.533404E0
6.923583E0,1.111769E1,9.488074E0
6.927754E0,1.298855E1,1.142026E1
6.931925E0,1.372819E1,1.343055E1
6.936096E0,1.428457E1,1.417205E1
6.940267E0,1.408618E1,1.399129E1
6.944438E0,1.340974E1,1.310358E1
6.948608E0,1.181347E1,1.101827E1
6.952779E0,9.587710E0,8.319286E0
6.956950E0,6.754186E0,4.386310E0
6.961121E0,3.985800E0,-3.246362E-2
6.965292E0,1.376741E0,-4.125003E0
6.969463E0,-9.554087E-1,-8.055260E0
6.973633E0,-3.010974E0,-1.117196E1
6.977804E0,-3.978890E0,-1.283941E1
6.981975E0,-5.252476E0,-1.378343E1
6.986146E0,-5.107350E0,-1.398203E1
6.990317E0,-4.515142E0,-1.265681E1
6.994487E0,-3.937593E0,-1.195802E1
6.998658E0,-2.136970E0,-9.633548E0
7.002829E0,-1.777833E-1,-6.162127E0
7.007000E0,2.079968E0,-1.917246E0
7.011171E0,4.818324E0,2.274642E0
7.015342E0,7.560998E0,6.448954E0
7.019512E0,9.813881E0,9.605306E0
7.023683E0,1.126358E1,1.202523E1
7.027854E0,1.233451E1,1.353581E1
7.032025E0,1.258549E1,1.360128E1
7.036196E0,1.229471E1,1.318386E1
7.040367E0,1.132969E1,1.169733E1
7.044538E0,1.002338E1,8.968592E0
7.048708E0,7.543077E0,6.098045E0
7.052879E0,4.617551E0,2.252557E0
7.057050E0,1.853667E0,-2.808987E0
7.061221E0,-3.039564E-1,-6.495760E0
7.065392E0,-2.412557E0,-9.284367E0
7.069562E0,-3.370568E0,-1.111386E1
7.073733E0,-4.490704E0,-1.239045E1
7.077904E0,-4.455615E0,-1.295051E1
7.082075E0,-4.550821E0,-1.243850E1
7.086246E0,-3.411945E0,-1.090338E1
7.090417E0,-1.812913E0,-8.887135E0
7.094588E0,1.715138E-1,-5.779184E0
7.098758E0,2.607374E0,-1.607345E0
7.102929E0,5.019067E0,1.991250E0
7.107100E0,7.455364E0,6.184343E0
7.111271E0,9.581735E0,8.335477E0
7.115442E0,1.126055E1,1.056349E1
7.119613E0,1.177382E1,1.172235E1
7.123783E0,1.228705E1,1.126193E1
7.127954E0,1.177512E1,1.110736E1
7.132125E0,1.055524E1,9.567467E0
7.136296E0,8.916087E0,7.320320E0
7.140467E0,6.708243E0,4.055147E0
7.144637E0,4.160640E0,6.682903E-1
7.148808E0,2.085300E0,-3.708013E0
7.152979E0,-2.344821E-1,-7.140124E0
7.157150E0,-1.999539E0,-9.820578E0
7.161321E0,-3.025749E0,-1.169810E1
7.165492E0,-3.566901E0,-1.202472E1
7.169663E0,-3.631789E0,-1.195808E1
7.173833E0,-3.118543E0,-1.080974E1
7.178004E0,-1.652099E0,-8.984726E0
7.182175E0,-2.683913E-2,-6.666542E0
7.186346E0,1.907183E0,-3.418443E0
7.190517E0,4.307738E0,9.551954E-1
7.194687E0,6.655926E0,4.296873E0
7.198858E0,8.727201E0,7.335878E0
7.203029E0,1.018224E1,9.488018E0
7.207200E0,1.093835E1,1.049304E1
7.211371E0,1.143787E1,1.125015E1
7.215542E0,1.090044E1,1.045902E1
7.219713E0,1.021300E1,9.118125E0
7.223883E0,8.568925E0,6.735450E0
7.228054E0,6.266281E0,3.929221E0
7.232225E0,4.023822E0,1.635513E-1
7.236396E0,1.802019E0,-3.605837E0
7.240567E0,-1.452494E-1,-6.616602E0
7.244738E0,-1.550035E0,-8.707947E0
7.248908E0,-2.193201E0,-9.993387E0
7.253079E0,-2.844673E0,-1.029885E1
7.257250E0,-2.405487E0,-1.056888E1
7.261421E0,-1.709770E0,-9.571746E0
7.265592E0,-2.928212E-1,-7.573418E0
7.269762E0,1.331438E0,-4.804332E0
7.273933E0,3.274564E0,-1.569440E0
7.278104E0,5.529133E0,2.387969E0
7.282275E0,7.601088E0,5.033776E0
7.286446E0,9.487094E0,7.309553E0
7.290617E0,1.061883E1,9.187087E0
7.294787E0,1.116759E1,9.836807E0
7.298958E0,1.119331E1,1.002340E1
7.303129E0,1.070079E1,8.884121E0
7.307300E0,8.897487E0,7.087385E0
7.311471E0,6.888921E0,4.620119E0
7.315642E0,5.193444E0,1.146827E0
7.319813E0,2.881217E0,-2.723713E0
7.323983E0,1.088604E0,-5.761963E0
7.328154E0,-7.799401E-1,-7.552552E0
7.332325E0,-1.209018E0,-9.252009E0
7.336496E0,-1.650820E0,-9.038680E0
7.340667E0,-1.472620E0,-9.215119E0
7.344838E0,-1.158988E0,-8.516319E0
7.349008E0,1.934790E-1,-6.362791E0
7.353179E0,1.877858E0,-3.916158E0
7.357350E0,3.674530E0,-9.266472E-1
7.361521E0,5.847177E0,2.805942E0
7.365692E0,7.973068E0,5.577984E0
7.369862E0,9.287924E0,7.605107E0
7.374033E0,1.031122E1,8.956188E0
7.378204E0,1.067211E1,9.463479E0
7.382375E0,1.035407E1,8.947503E0
7.386546E0,9.496756E0,7.941435E0
7.390717E0,7.971270E0,5.515611E0
7.394887E0,5.913661E0,2.499091E0
7.399058E0,3.782608E0,-7.268269E-1
7.403229E0,2.036939E0,-3.711986E0
7.407400E0,4.626365E-1,-6.030014E0
7.411571E0,-5.374758E-1,-7.671353E0
7.415742E0,-1.028286E0,-8.749727E0
7.419913E0,-1.189858E0,-8.724941E0
7.424083E0,-7.577224E-1,-7.809523E0
7.428254E0,4.654386E-1,-6.059422E0
7.432425E0,1.459860E0,-3.873678E0
7.436596E0,3.247000E0,-8.913901E-1
7.440767E0,5.318314E0,2.445361E0
7.444937E0,7.503828E0,5.010220E0
7.449108E0,8.904304E0,6.574212E0
7.453279E0,1.005939E1,7.857753E0
7.457450E0,1.011304E1,8.494060E0
7.461621E0,1.004608E1,8.153288E0
7.465792E0,9.118109E0,7.112877E0
7.469963E0,7.795759E0,4.786918E0
7.474133E0,6.040142E0,2.092220E0
7.478304E0,3.702310E0,-3.098082E-1
7.482475E0,2.355855E0,-3.085483E0
7.486646E0,7.900930E-1,-5.163990E0
7.490817E0,-2.332486E-1,-6.673809E0
7.494988E0,-6.767425E-1,-6.894248E0
7.499158E0,-5.516032E-1,-6.929978E0
7.503329E0,-1.611620E-1,-5.999648E0
7.507500E0,6.203834E-1,-4.794264E0
7.511671E0,2.262333E0,-2.303234E0
7.515842E0,4.089715E0,-1.053619E-1
7.520012E0,5.801238E0,2.858262E0
7.524183E0,7.570260E0,5.054173E0
7.528354E0,9.119099E0,7.201560E0
7.532525E0,9.819531E0,7.817542E0
7.536696E0,9.665216E0,8.365839E0
7.540867E0,9.043163E0,7.208695E0
7.545038E0,7.912516E0,5.500279E0
7.549208E0,6.240200E0,3.153493E0
7.553379E0,4.402929E0,8.257662E-1
7.557550E0,2.827962E0,-2.029522E0
7.561721E0,1.398913E0,-3.738959E0
7.565892E0,3.469778E-1,-5.250336E0
7.570062E0,-2.312697E-1,-5.975547E0
7.574233E0,7.860870E-4,-6.058191E0
7.578404E0,3.721185E-1,-5.252591E0
7.582575E0,1.236768E0,-3.480621E0
7.586746E0,2.661175E0,-1.663592E0
7.590917E0,4.167099E0,1.244947E0
7.595088E0,6.281129E0,3.827522E0
7.599258E0,7.934407E0,5.817584E0
7.603429E0,8.974858E0,7.017839E0
7.607600E0,8.963936E0,7.741154E0
7.611771E0,9.158951E0,7.912824E0
7.615942E0,8.743288E0,6.809002E0
7.620113E0,7.181499E0,5.447026E0
7.624283E0,5.786186E0,3.482893E0
7.628454E0,3.834202E0,1.221063E0
7.632625E0,2.215592E0,-1.270716E0
7.636796E0,1.324822E0,-2.931841E0
7.640967E0,3.957993E-1,-4.390406E0
7.645137E0,3.584938E-1,-4.597954E0
7.649308E0,4.899289E-1,-4.655295E0
7.653479E0,1.279443E0,-3.286785E0
7.657650E0,2.643558E0,-2.118206E0
7.661821E0,3.849921E0,2.108395E-1
7.665992E0,5.611126E0,2.436759E0
7.670162E0,7.068131E0,4.273748E0
7.674333E0,8.405800E0,6.281275E0
7.678504E0,8.819314E0,7.251664E0
7.682675E0,8.767713E0,7.112258E0
7.686846E0,8.305812E0,6.591167E0
7.691017E0,7.184650E0,5.105413E0
7.695188E0,5.768664E0,3.176943E0
7.699358E0,4.009429E0,1.713649E-1
7.703529E0,2.586542E0,-1.642935E0
7.707700E0,1.973437E0,-3.168871E0
7.711871E0,8.270579E-1,-4.647269E0
7.716042E0,6.275135E-1,-4.354509E0
7.720213E0,7.821111E-1,-4.566782E0
7.724383E0,1.437943E0,-3.171479E0
7.728554E0,2.431714E0,-1.647443E0
7.732725E0,3.763812E0,2.135673E-1
7.736896E0,4.923400E0,2.480258E0
7.741067E0,6.490966E0,3.842131E0
7.745237E0,7.824785E0,5.224473E0
7.749408E0,8.057134E0,6.232445E0
7.753579E0,7.952892E0,6.080572E0
7.757750E0,7.397983E0,5.610767E0
7.761921E0,5.986436E0,3.756187E0
7.766092E0,4.749298E0,2.242537E0
7.770262E0,3.363704E0,3.927984E-1
7.774433E0,2.461581E0,-1.583102E0
7.778604E0,1.405787E0,-2.824039E0
7.782775E0,1.244980E0,-3.582965E0
7.786946E0,1.338394E0,-3.742308E0
7.791117E0,1.712221E0,-3.003491E0
7.795288E0,2.305855E0,-1.816115E0
7.799458E0,3.247805E0,4.515874E-2
7.803629E0,4.612416E0,1.566592E0
7.807800E0,5.862196E0,3.485025E0
7.811971E0,6.883057E0,4.536340E0
7.816142E0,7.805750E0,5.385227E0
7.820312E0,7.802039E0,5.559567E0
7.824483E0,7.439761E0,5.104485E0
7.828654E0,6.357875E0,3.959273E0
7.832825E0,5.307189E0,2.335220E0
7.836996E0,4.308279E0,9.755980E-1
7.841167E0,2.980065E0,-8.752913E-1
7.845338E0,2.099819E0,-2.699029E0
7.849508E0,1.790805E0,-3.706522E0
7.853679E0,1.588310E0,-3.506090E0
7.857850E0,2.066922E0,-3.096121E0
7.862021E0,2.172274E0,-1.614081E0
7.866192E0,3.307936E0,-2.277191E-1
7.870363E0,4.446257E0,1.312080E0
7.874533E0,5.653330E0,2.815145E0
7.878704E0,6.662319E0,4.180940E0
7.882875E0,7.423131E0,4.995040E0
7.887046E0,7.406253E0,5.275051E0
7.891217E0,7.054594E0,4.092278E0
7.895388E0,6.225978E0,3.281201E0
7.899558E0,5.128169E0,2.404728E0
7.903729E0,4.287627E0,9.557322E-1
7.907900E0,2.820873E0,-7.397640E-1
7.912071E0,2.657237E0,-1.963909E0
7.916242E0,2.295791E0,-2.473283E0
7.920413E0,2.564237E0,-2.720304E0
7.924583E0,2.750714E0,-2.204181E0
7.928754E0,3.046728E0,-7.580520E-1
7.932925E0,3.619529E0,5.844695E-1
7.937096E0,4.993830E0,1.790190E0
7.941267E0,5.650039E0,2.937042E0
7.945437E0,6.768258E0,3.990707E0
7.949608E0,6.831881E0,4.566421E0
7.953779E0,6.635430E0,4.439687E0
7.957950E0,6.276873E0,4.064361E0
7.962121E0,6.014662E0,2.756556E0
7.966292E0,4.491049E0,1.812099E0
7.970463E0,3.440999E0,4.304258E-1
7.974633E0,2.790749E0,-1.125252E0
7.978804E0,2.377731E0,-1.392913E0
7.982975E0,2.438910E0,-1.782658E0
7.987146E0,2.543598E0,-1.650165E0
7.991317E0,2.699030E0,-1.021278E0
7.995488E0,3.163371E0,5.369673E-1
7.999658E0,4.189711E0,1.648702E0
8.003829E0,5.309799E0,2.562411E0
8.008000E0,5.961119E0,3.259209E0
8.012171E0,6.596145E0,3.911639E0
8.016342E0,6.587425E0,3.914540E0
8.020513E0,6.352070E0,3.782003E0
8.024683E0,5.674317E0,3.244474E0
8.028854E0,5.202170E0,2.050188E0
8.033025E0,3.898176E0,4.872219E-1
8.037196E0,3.533056E0,-1.403664E-1
8.041367E0,3.030581E0,-1.061440E0
8.045538E0,2.719118E0,-1.109302E0
8.049708E0,2.649464E0,-1.027063E0
8.053879E0,3.217660E0,-9.740819E-2
8.058050E0,3.626476E0,3.084645E-1
8.062221E0,4.284352E0,1.481235E0
8.066392E0,5.141104E0,2.542960E0
8.070562E0,5.824590E0,3.059446E0
8.074733E0,6.287056E0,3.631094E0
8.078904E0,6.334466E0,3.491052E0
8.083075E0,6.227089E0,3.211569E0
8.087246E0,5.690778E0,2.649180E0
8.091417E0,5.229457E0,2.013707E0
8.095588E0,4.451560E0,9.565179E-1
8.099758E0,3.924759E0,3.209432E-1
8.103929E0,3.601264E0,-3.777044E-1
8.108100E0,3.405031E0,-5.732041E-1
8.112271E0,3.299828E0,-5.675999E-1
8.116442E0,3.820775E0,-2.424446E-1
8.120613E0,4.403026E0,9.533030E-1
8.124783E0,4.796262E0,1.310220E0
8.128954E0,5.397338E0,2.265283E0
8.133125E0,5.813882E0,2.639823E0
8.137296E0,6.168934E0,3.009365E0
8.141467E0,6.233494E0,3.245024E0
8.145637E0,6.233135E0,3.172291E0
8.149808E0,5.740315E0,2.176680E0
8.153979E0,5.079547E0,1.116759E0
8.158150E0,4.590136E0,9.426691E-1
8.162321E0,4.432738E0,-1.794717E-2
8.166492E0,4.201176E0,-1.399680E-2
8.170663E0,3.969553E0,-2.478795E-1
8.174833E0,4.118046E0,3.320908E-1
8.179004E0,4.196096E0,6.905386E-1
8.183175E0,4.868366E0,9.763198E-1
8.187346E0,5.349992E0,2.133922E0
8.191517E0,5.876859E0,2.258526E0
8.195688E0,5.762578E0,2.627101E0
8.199858E0,5.850264E0,2.672800E0
8.204029E0,5.900374E0,2.456709E0
8.208200E0,5.520271E0,2.200004E0
8.212371E0,5.284794E0,1.936346E0
8.216542E0,4.812072E0,1.062117E0
8.220712E0,4.513868E0,4.725374E-1
8.224883E0,4.164767E0,1.904024E-1
8.229054E0,4.339525E0,-2.412280E-1
8.233225E0,4.301273E0,2.054576E-1
8.237396E0,4.419866E0,5.155482E-1
8.241567E0,4.715273E0,6.488955E-1
8.245737E0,4.862822E0,1.036075E0
8.249908E0,5.327380E0,1.628398E0
8.254079E0,5.643151E0,2.124570E0
8.258250E0,5.829192E0,2.406156E0
8.262421E0,5.578201E0,1.689848E0
8.266592E0,5.663515E0,1.834972E0
8.270763E0,5.315537E0,1.637031E0
8.274933E0,5.142533E0,1.098362E0
8.279104E0,4.939790E0,7.642071E-1
8.283275E0,4.331242E0,4.291534E-1
8.287446E0,4.565181E0,-3.102987E-2
8.291617E0,4.243902E0,1.404098E-1
8.295788E0,4.368460E0,4.879420E-1
8.299958E0,4.709744E0,6.360985E-1
8.304129E0,5.008817E0,8.681790E-1
8.308300E0,5.192982E0,1.371345E0
8.312471E0,5.348937E0,1.412122E0
8.316642E0,5.782438E0,1.319282E0
8.320813E0,5.729384E0,1.405187E0
8.324983E0,5.572441E0,1.087267E0
8.329154E0,5.171450E0,1.278613E0
8.333325E0,5.519285E0,1.120919E0
8.337496E0,5.431648E0,8.019794E-1
8.341667E0,4.756691E0,3.605824E-1
8.345838E0,4.778644E0,4.476113E-2
8.350008E0,4.555010E0,1.916919E-1
8.354179E0,4.665700E0,4.102264E-1
8.358350E0,4.586598E0,3.433148E-1
8.362521E0,4.714842E0,5.707793E-1
8.366692E0,5.262260E0,9.419924E-1
8.370862E0,5.256143E0,1.253503E0
8.375033E0,5.451573E0,1.394992E0
8.379204E0,5.288634E0,1.598956E0
8.383375E0,5.697134E0,8.897003E-1
8.387546E0,5.425713E0,1.028288E0
8.391717E0,5.367310E0,1.114134E0
8.395888E0,5.356616E0,1.056626E0
8.400058E0,5.330746E0,9.348224E-1
8.404229E0,5.383212E0,8.062086E-1
8.408400E0,5.369849E0,9.317890E-1
8.412571E0,5.294722E0,1.092013E0
8.416742E0,5.531958E0,1.150600E0
8.420913E0,5.572696E0,1.415777E0
8.425083E0,5.519467E0,1.480879E0
8.429254E0,5.616850E0,1.324896E0
8.433425E0,5.661299E0,1.454985E0
8.437596E0,5.669933E0,1.282456E0
8.441767E0,5.438469E0,1.510946E0
8.445937E0,5.512692E0,1.329110E0
8.450108E0,5.289345E0,1.293974E0
8.454279E0,5.183547E0,1.146297E0
8.458450E0,5.419321E0,1.057655E0
8.462621E0,5.343057E0,1.032815E0
8.466792E0,5.429176E0,9.375676E-1
8.470962E0,5.313417E0,1.305046E0
8.475133E0,5.234446E0,1.515069E0
8.479304E0,5.645318E0,1.153167E0
8.483475E0,5.585931E0,1.363509E0
8.487646E0,5.753787E0,1.385594E0
8.491817E0,5.689719E0,1.275715E0
8.495988E0,5.533893E0,1.140667E0
8.500158E0,5.727153E0,1.136478E0
8.504329E0,5.705367E0,8.808914E-1
8.508500E0,5.383764E0,1.206125E0
8.512671E0,5.524725E0,1.027184E0
8.516842E0,5.273079E0,1.201702E0
8.521013E0,5.407748E0,1.251095E0
8.525183E0,5.481876E0,1.143902E0
8.529354E0,5.483059E0,1.272727E0
8.533525E0,5.433549E0,1.382247E0
8.537696E0,5.660107E0,1.231847E0
8.541867E0,5.624942E0,1.395881E0
8.546038E0,5.601142E0,1.431509E0
8.550208E0,5.580788E0,1.381219E0
8.554379E0,5.653887E0,1.109567E0
8.558550E0,5.499335E0,1.221146E0
8.562721E0,5.384312E0,1.258430E0
8.566892E0,5.347960E0,1.178351E0
8.571063E0,5.204658E0,1.302512E0
8.575233E0,5.499882E0,1.098471E0
8.579404E0,5.719162E0,9.695101E-1
8.583575E0,5.626875E0,1.029300E0
8.587746E0,5.467795E0,1.249168E0
8.591917E0,5.400093E0,1.328778E0
8.596087E0,5.485219E0,1.470788E0
8.600258E0,5.588592E0,1.101495E0
8.604429E0,5.472225E0,1.353910E0
8.608600E0,5.513550E0,1.242716E0
8.612771E0,5.602082E0,1.221885E0
8.616942E0,5.374816E0,1.113760E0
8.621112E0,5.392153E0,1.175371E0
8.625283E0,5.519865E0,1.180199E0
8.629454E0,5.493405E0,1.251086E0
8.633625E0,5.667015E0,1.124597E0
8.637796E0,5.641767E0,1.308752E0
8.641967E0,5.426823E0,1.231097E0
8.646138E0,5.644484E0,1.228383E0
8.650308E0,5.536629E0,1.259930E0
8.654479E0,5.641959E0,1.188155E0
8.658650E0,5.585946E0,1.401543E0
8.662821E0,5.557612E0,1.338120E0
8.666992E0,5.348091E0,1.286685E0
8.671163E0,5.492769E0,1.306293E0
8.675333E0,5.467120E0,9.725300E-1
8.679504E0,5.273037E0,1.292970E0
8.683675E0,5.545010E0,1.195757E0
8.687846E0,5.453582E0,1.197360E0
8.692017E0,5.534106E0,1.168912E0
8.696188E0,5.444308E0,1.335973E0
8.700358E0,5.482599E0,1.316557E0
8.704529E0,5.506458E0,1.102910E0
8.708700E0,5.537731E0,1.297454E0
8.712871E0,5.348375E0,1.376122E0
8.717042E0,5.514369E0,1.189333E0
8.721213E0,5.509205E0,1.205472E0
8.725383E0,5.552541E0,1.166718E0
8.729554E0,5.449050E0,1.284234E0
8.733725E0,5.557053E0,1.270235E0
8.737896E0,5.624183E0,1.173290E0
8.742067E0,5.563302E0,1.309775E0
8.746237E0,5.563143E0,1.247735E0
8.750408E0,5.474400E0,1.197441E0
8.754579E0,5.329656E0,1.415960E0
8.758750E0,5.368308E0,1.332070E0
8.762921E0,5.439162E0,1.164937E0
8.767092E0,5.497362E0,1.213825E0
8.771263E0,5.513785E0,1.089357E0
8.775433E0,5.339669E0,1.333419E0
8.779604E0,5.394671E0,1.256333E0
8.783775E0,5.439824E0,1.266781E0
8.787946E0,5.563884E0,1.344475E0
8.792117E0,5.480612E0,1.212417E0
8.796288E0,5.620243E0,9.000118E-1
8.800458E0,5.365572E0,1.437854E0
8.804629E0,5.453275E0,1.459325E0
8.808800E0,5.306194E0,1.320574E0
8.812971E0,5.374978E0,1.183667E0
8.817142E0,5.344435E0,1.223561E0
8.821312E0,5.246181E0,1.292889E0
8.825483E0,5.289596E0,1.298981E0
8.829654E0,5.413597E0,1.350460E0
8.833825E0,5.432135E0,1.326292E0
8.837996E0,5.518503E0,1.171121E0
8.842167E0,5.444621E0,1.243447E0
8.846337E0,5.477424E0,1.140795E0
8.850508E0,5.352788E0,1.446133E0
8.854679E0,5.390169E0,1.501684E0
8.858850E0,5.254119E0,1.341654E0
8.863021E0,5.286752E0,1.274958E0
8.867192E0,5.307302E0,1.274344E0
8.871363E0,5.612947E0,1.264534E0
8.875533E0,5.498908E0,1.380331E0
8.879704E0,5.279139E0,1.467744E0
8.883875E0,5.412328E0,1.377531E0
8.888046E0,5.253398E0,1.381424E0
8.892217E0,5.388610E0,1.199774E0
8.896388E0,5.375569E0,1.267093E0
8.900558E0,5.433416E0,1.114987E0
8.904729E0,5.230966E0,1.400294E0
8.908900E0,5.243231E0,1.433164E0
8.913071E0,5.248887E0,1.301843E0
8.917242E0,5.213681E0,1.391104E0
8.921413E0,5.306505E0,1.347528E0
8.925583E0,5.393526E0,1.313352E0
8.929754E0,5.361267E0,1.401397E0
8.933925E0,5.481877E0,1.207609E0
8.938096E0,5.315627E0,1.579742E0
8.942267E0,5.303465E0,1.461922E0
8.946438E0,5.159799E0,1.553878E0
8.950608E0,5.312481E0,1.484754E0
8.954779E0,5.215777E0,1.500712E0
8.958950E0,5.354119E0,1.349267E0
8.963121E0,5.231095E0,1.294801E0
8.967292E0,5.197405E0,1.346648E0
8.971462E0,5.306510E0,1.372053E0
8.975633E0,5.182974E0,1.404042E0
8.979804E0,5.409801E0,1.322279E0
8.983975E0,5.420749E0,1.275561E0
8.988146E0,5.254145E0,1.601906E0
8.992317E0,5.183196E0,1.610053E0
8.996487E0,5.408728E0,1.271044E0
9.000658E0,5.224897E0,1.527971E0
9.004829E0,5.381307E0,1.393954E0
9.009000E0,5.332559E0,1.149105E0
9.013171E0,5.082550E0,1.332878E0
9.017342E0,5.127709E0,1.384948E0
9.021513E0,4.879682E0,1.121795E0
9.025683E0,4.829735E0,1.153637E0
9.029854E0,4.845393E0,1.201452E0
9.034025E0,4.310166E0,1.288874E0
9.038196E0,4.514708E0,1.569930E0
9.042367E0,4.246802E0,1.507268E0
9.046538E0,4.303305E0,1.415716E0
9.050708E0,4.535990E0,1.213855E0
9.054879E0,4.131730E0,1.702401E0
9.059050E0,4.384078E0,1.408714E0
9.063221E0,4.171312E0,1.355464E0
9.067392E0,4.213288E0,1.563978E0
9.071563E0,4.430912E0,1.126667E0
9.075733E0,4.334906E0,1.556514E0
9.079904E0,4.285120E0,1.523597E0
9.084075E0,4.128960E0,1.554352E0
9.088246E0,4.349553E0,1.369200E0
9.092417E0,4.190194E0,1.508280E0
9.096588E0,4.235673E0,1.424682E0
9.100758E0,4.281179E0,1.345428E0
9.104929E0,4.180745E0,1.614769E0
9.109100E0,4.165736E0,1.576647E0
9.113271E0,4.306290E0,1.500207E0
9.117442E0,4.179493E0,1.374993E0
9.121612E0,4.196824E0,1.092830E0
9.125783E0,4.014808E0,-9.327705E-2
9.129954E0,3.805498E0,8.683542E-1
9.134125E0,3.594891E0,1.100674E0
9.138296E0,3.418686E0,1.345790E0
9.142467E0,3.030534E0,1.499007E-1
9.146638E0,2.546966E0,-3.279125E-1
9.150808E0,2.672528E0,-9.240091E-1
9.154979E0,2.565209E0,-8.595831E-1
9.159150E0,2.459698E0,-1.225537E-1
9.163321E0,2.492207E0,4.072828E-1
9.167492E0,2.673810E0,3.038218E-1
9.171663E0,2.652685E0,2.738020E-1
9.175833E0,2.155896E0,5.754245E-2
9.180004E0,2.252400E0,3.073033E-1
9.184175E0,2.157704E0,6.571212E-1
9.188346E0,2.090392E0,5.310279E-1
9.192517E0,1.963368E0,2.551464E-1
9.196687E0,1.602534E0,4.811032E-1
9.200858E0,1.239061E0,6.277360E-1
9.205029E0,1.611106E0,1.228594E0
9.209200E0,1.358649E0,7.138769E-1
9.213371E0,1.610889E0,4.575170E-1
9.217542E0,1.483001E0,3.273174E-2
9.221712E0,1.667634E0,2.937482E-1
9.225883E0,1.465308E0,5.659283E-1
9.230054E0,1.361225E0,5.635598E-1
9.234225E0,1.573420E0,4.275319E-1
9.238396E0,1.359870E0,8.139474E-1
9.242567E0,1.583583E0,7.038268E-1
9.246738E0,1.425286E0,1.078416E0
9.250908E0,1.633657E0,1.280001E0
9.255079E0,7.680007E-1,1.528362E0
9.259250E0,9.102284E-1,1.463859E0
9.263421E0,7.699425E-1,1.170684E0
9.267592E0,5.713494E-1,1.672256E0
9.271763E0,3.087290E-1,1.448176E0
9.275933E0,9.338208E-1,1.599378E0
9.280104E0,4.414360E-1,1.331698E0
9.284275E0,5.073804E-1,1.493056E0
9.288446E0,2.701440E-1,1.007619E0
9.292617E0,3.806264E-1,1.309727E0
9.296788E0,1.787884E-1,1.720782E0
9.300958E0,2.941362E-1,1.458396E0
9.305129E0,-5.732840E-2,1.504396E0
9.309300E0,9.088016E-2,1.439710E0
9.313471E0,-4.317458E-2,1.773293E0
9.317642E0,-2.681179E-1,1.750756E0
9.321813E0,-2.258280E-1,1.938761E0
9.325983E0,-3.796838E-1,1.792895E0
9.330154E0,-6.053702E-1,1.660115E0
9.334325E0,-4.771411E-1,1.502159E0
9.338496E0,-5.721922E-1,1.277386E0
9.342667E0,-5.363003E-1,1.096021E0
9.346837E0,-5.727341E-1,1.406894E0
9.351008E0,-7.280357E-1,1.650194E0
9.355179E0,-7.064251E-1,1.318297E0
9.359350E0,-5.522981E-1,1.262274E0
9.363521E0,-5.563767E-1,1.159349E0
9.367692E0,-6.615142E-1,1.293615E0
9.371862E0,-6.687610E-1,9.901440E-1
9.376033E0,-7.787083E-1,1.577082E0
9.380204E0,-6.967293E-1,1.227494E0
9.384375E0,-3.628046E-1,1.307662E0
9.388546E0,-7.649243E-1,1.191756E0
9.392717E0,-4.938828E-1,1.258049E0
9.396888E0,-1.096478E0,1.570730E0
9.401058E0,-8.395539E-1,1.484593E0
9.405229E0,-1.128280E0,1.324941E0
9.409400E0,-1.027747E0,1.139606E0
9.413571E0,-1.077833E0,9.435200E-1
9.417742E0,-1.420218E0,1.061788E0
9.421913E0,-1.341863E0,1.015052E0
9.426083E0,-1.312605E0,9.244541E-1
9.430254E0,-1.523004E0,1.171568E0
9.434425E0,-1.670976E0,1.251773E0
9.438596E0,-1.696889E0,1.046452E0
9.442767E0,-1.648428E0,4.469672E-1
9.446938E0,-1.315875E0,1.170031E0
9.451108E0,-1.827753E0,1.301706E0
9.455279E0,-1.515374E0,1.129472E0
9.459450E0,-1.367255E0,1.022335E0
9.463621E0,-1.574852E0,1.186599E0
9.467792E0,-1.439582E0,1.247597E0
9.471963E0,-1.693094E0,9.880199E-1
9.476133E0,-1.706922E0,9.215880E-1
9.480304E0,-1.622382E0,1.191490E0
9.484475E0,-1.502359E0,1.141494E0
9.488646E0,-1.567946E0,1.288788E0
9.492817E0,-1.640982E0,1.311793E0
9.496987E0,-1.704519E0,1.282540E0
9.501158E0,-1.814226E0,1.559388E0
9.505329E0,-1.637163E0,1.358927E0
9.509500E0,-1.346527E0,1.170928E0
9.513671E0,-1.616884E0,1.331836E0
