,mass A,,
t,x,y,
0.000000E0,1.815014E2,8.897127E0
4.170833E-3,1.816036E2,8.887713E0
8.341667E-3,1.817016E2,8.922570E0
1.251250E-2,1.818284E2,8.796289E0
1.668333E-2,1.819028E2,8.872521E0
2.085417E-2,1.819860E2,8.694705E0
2.502500E-2,1.823130E2,9.232535E0
2.919583E-2,1.825459E2,9.084530E0
3.336667E-2,1.826549E2,9.000517E0
3.753750E-2,1.834129E2,9.677728E0
4.170833E-2,1.834779E2,9.870723E0
4.587917E-2,1.836314E2,9.865692E0
5.005000E-2,1.837669E2,9.667344E0
5.422083E-2,1.836762E2,9.751454E0
5.839167E-2,1.842001E2,9.998710E0
6.256250E-2,1.839801E2,9.584584E0
6.673333E-2,1.841691E2,9.898393E0
7.090417E-2,1.837271E2,9.169410E0
7.507500E-2,1.841986E2,9.873961E0
7.924583E-2,1.837516E2,8.987932E0
8.341667E-2,1.837884E2,8.872292E0
8.758750E-2,1.839421E2,8.501833E0
9.175833E-2,1.838605E2,8.460746E0
9.592917E-2,1.839186E2,8.533065E0
1.001000E-1,1.840977E2,8.933467E0
1.042708E-1,1.845757E2,8.843215E0
1.084417E-1,1.846350E2,8.807465E0
1.126125E-1,1.848606E2,8.900558E0
1.167833E-1,1.855573E2,9.528651E0
1.209542E-1,1.860721E2,1.002848E1
1.251250E-1,1.865273E2,1.002629E1
1.292958E-1,1.865514E2,9.953944E0
1.334667E-1,1.868237E2,9.968516E0
1.376375E-1,1.871697E2,1.023620E1
1.418083E-1,1.872026E2,1.036188E1
1.459792E-1,1.877063E2,9.958445E0
1.501500E-1,1.879084E2,9.782363E0
1.543208E-1,1.877925E2,9.681865E0
1.584917E-1,1.880780E2,1.019683E1
1.626625E-1,1.883278E2,9.844919E0
1.668333E-1,1.884869E2,9.721927E0
1.710042E-1,1.887980E2,9.442217E0
1.751750E-1,1.883004E2,9.039562E0
1.793458E-1,1.888947E2,8.661844E0
1.835167E-1,1.886124E2,8.785696E0
1.876875E-1,1.886953E2,8.575274E0
1.918583E-1,1.883112E2,8.018729E0
1.960292E-1,1.875290E2,7.073703E0
2.002000E-1,1.876531E2,6.578807E0
2.043708E-1,1.872576E2,5.983911E0
2.085417E-1,1.868103E2,4.501633E0
2.127125E-1,1.864756E2,3.739822E0
2.168833E-1,1.859379E2,2.485993E0
2.210542E-1,1.833181E2,1.347525E0
2.252250E-1,1.821852E2,1.028137E0
2.293958E-1,1.801158E2,3.103843E-2
2.335667E-1,1.767628E2,-1.304556E0
2.377375E-1,1.720412E2,-1.835492E0
2.419083E-1,1.663018E2,-3.006569E0
2.460792E-1,1.577815E2,-5.266203E0
2.502500E-1,1.499591E2,-5.569143E0
2.544208E-1,1.379447E2,-7.363463E0
2.585917E-1,1.365958E2,-6.082652E0
2.627625E-1,1.242397E2,-7.498499E0
2.669333E-1,1.105949E2,-9.155940E0
2.711042E-1,9.540620E1,-9.085991E0
2.752750E-1,6.405931E1,-1.067655E1
2.794458E-1,4.354422E1,-1.038302E1
2.836167E-1,2.255166E1,-9.574769E0
2.877875E-1,2.068032E0,-8.317612E0
2.919583E-1,-1.691499E1,-7.382536E0
2.961292E-1,-3.475111E1,-4.586275E0
3.003000E-1,-5.132151E1,-2.269430E0
3.044708E-1,-6.739037E1,-2.156373E-1
3.086417E-1,-8.220807E1,2.498460E0
3.128125E-1,-9.483478E1,4.690857E0
3.169833E-1,-1.072770E2,9.002702E0
3.211542E-1,-1.177349E2,1.129970E1
3.253250E-1,-1.268920E2,1.317286E1
3.294958E-1,-1.344301E2,1.333483E1
3.336667E-1,-1.408811E2,1.545678E1
3.378375E-1,-1.464821E2,1.720818E1
3.420083E-1,-1.506339E2,1.837222E1
3.461792E-1,-1.534775E2,1.893619E1
3.503500E-1,-1.553435E2,1.987993E1
3.545208E-1,-1.559245E2,2.080821E1
3.586917E-1,-1.551655E2,2.125583E1
3.628625E-1,-1.530269E2,2.139913E1
3.670333E-1,-1.497978E2,2.138589E1
3.712042E-1,-1.453513E2,2.096492E1
3.753750E-1,-1.394160E2,2.050233E1
3.795458E-1,-1.321767E2,1.979227E1
3.837167E-1,-1.238168E2,1.851823E1
3.878875E-1,-1.140238E2,1.725541E1
3.920583E-1,-1.031129E2,1.537092E1
3.962292E-1,-9.112516E1,1.354918E1
4.004000E-1,-7.773431E1,1.147498E1
4.045708E-1,-6.308283E1,8.703230E0
4.087417E-1,-4.616332E1,5.349161E0
4.129125E-1,-3.123041E1,1.681233E0
4.170833E-1,-1.305327E1,-1.381002E0
4.212542E-1,5.624532E0,-3.139888E0
4.254250E-1,2.588737E1,-6.439795E0
4.295958E-1,4.517213E1,-9.249553E0
4.337667E-1,6.423963E1,-1.203400E1
4.379375E-1,8.055210E1,-1.445189E1
4.421083E-1,9.681881E1,-1.572142E1
4.462792E-1,1.105129E2,-1.729217E1
4.504500E-1,1.236450E2,-1.760221E1
4.546208E-1,1.337911E2,-1.840797E1
4.587917E-1,1.425064E2,-1.916165E1
4.629625E-1,1.507376E2,-1.751146E1
4.671333E-1,1.564626E2,-1.803868E1
4.713042E-1,1.606534E2,-1.741821E1
4.754750E-1,1.638734E2,-1.699521E1
4.796458E-1,1.654300E2,-1.702700E1
4.838167E-1,1.655742E2,-1.630493E1
4.879875E-1,1.642986E2,-1.640559E1
4.921583E-1,1.620749E2,-1.606167E1
4.963292E-1,1.579558E2,-1.586047E1
5.005000E-1,1.524122E2,-1.603732E1
5.046708E-1,1.457081E2,-1.549818E1
5.088417E-1,1.377588E2,-1.557139E1
5.130125E-1,1.272044E2,-1.608131E1
5.171833E-1,1.161224E2,-1.536693E1
5.213542E-1,1.041698E2,-1.525241E1
5.255250E-1,9.067315E1,-1.438871E1
5.296958E-1,7.602681E1,-1.258572E1
5.338667E-1,6.003747E1,-1.112474E1
5.380375E-1,4.201344E1,-6.420062E0
5.422083E-1,2.348578E1,-4.223452E0
5.463792E-1,-4.251991E-1,-2.609491E0
5.505500E-1,-2.245180E1,5.514476E-1
5.547208E-1,-3.929151E1,3.673115E0
5.588917E-1,-5.689079E1,8.940613E0
5.630625E-1,-7.210094E1,1.377571E1
5.672333E-1,-8.554554E1,1.716799E1
5.714042E-1,-9.626597E1,1.963164E1
5.755750E-1,-1.071179E2,2.170463E1
5.797458E-1,-1.164576E2,2.378967E1
5.839167E-1,-1.247661E2,2.607242E1
5.880875E-1,-1.313999E2,2.698754E1
5.922583E-1,-1.365504E2,2.780046E1
5.964292E-1,-1.409315E2,2.855379E1
6.006000E-1,-1.444103E2,2.946598E1
6.047708E-1,-1.460998E2,2.998705E1
6.089417E-1,-1.461474E2,3.011215E1
6.131125E-1,-1.461589E2,3.005038E1
6.172833E-1,-1.444323E2,2.980960E1
6.214542E-1,-1.412659E2,2.882903E1
6.256250E-1,-1.370329E2,2.797064E1
6.297958E-1,-1.312088E2,2.661838E1
6.339667E-1,-1.245794E2,2.485750E1
6.381375E-1,-1.164705E2,2.343977E1
6.423083E-1,-1.069307E2,2.126518E1
6.464792E-1,-9.668794E1,1.929373E1
6.506500E-1,-8.385997E1,1.526219E1
6.548208E-1,-7.017612E1,1.149519E1
6.589917E-1,-5.604161E1,8.141193E0
6.631625E-1,-3.950871E1,3.605954E0
6.673333E-1,-2.089459E1,-2.324176E-1
6.715042E-1,5.976353E-1,-4.474461E0
6.756750E-1,1.855485E1,-7.381287E0
6.798458E-1,3.654780E1,-1.037100E1
6.840167E-1,5.414377E1,-1.255207E1
6.881875E-1,6.986805E1,-1.470932E1
6.923583E-1,8.421073E1,-1.655876E1
6.965292E-1,9.770433E1,-1.744467E1
7.007000E-1,1.096775E2,-1.920628E1
7.048708E-1,1.202841E2,-1.961009E1
7.090417E-1,1.292223E2,-1.975924E1
7.132125E-1,1.377852E2,-1.923861E1
7.173833E-1,1.455995E2,-1.766492E1
7.215542E-1,1.502585E2,-1.769098E1
7.257250E-1,1.532521E2,-1.746961E1
7.298958E-1,1.557294E2,-1.640930E1
7.340667E-1,1.567428E2,-1.574061E1
7.382375E-1,1.558153E2,-1.536888E1
7.424083E-1,1.543370E2,-1.514362E1
7.465792E-1,1.506633E2,-1.422290E1
7.507500E-1,1.466018E2,-1.341444E1
7.549208E-1,1.401449E2,-1.361453E1
7.590917E-1,1.318211E2,-1.376837E1
7.632625E-1,1.224130E2,-1.338520E1
7.674333E-1,1.122587E2,-1.265238E1
7.716042E-1,1.006217E2,-1.082814E1
7.757750E-1,8.660425E1,-1.028558E1
7.799458E-1,6.601425E1,-8.473172E0
7.841167E-1,4.733213E1,-6.138091E0
7.882875E-1,3.084414E1,-3.926677E0
7.924583E-1,1.168959E1,-2.284811E0
7.966292E-1,-7.284803E0,-8.744825E-2
8.008000E-1,-2.557714E1,2.639436E0
8.049708E-1,-3.980429E1,4.532427E0
8.091417E-1,-5.407248E1,6.602712E0
8.133125E-1,-6.775262E1,1.017117E1
8.174833E-1,-8.195104E1,1.264670E1
8.216542E-1,-9.211478E1,1.413755E1
8.258250E-1,-1.033490E2,1.689084E1
8.299958E-1,-1.117328E2,1.640934E1
8.341667E-1,-1.193817E2,1.731961E1
8.383375E-1,-1.259853E2,1.852596E1
8.425083E-1,-1.305946E2,1.929415E1
8.466792E-1,-1.356205E2,1.980330E1
8.508500E-1,-1.382630E2,1.911110E1
8.550208E-1,-1.397305E2,1.941750E1
8.591917E-1,-1.398856E2,1.905112E1
8.633625E-1,-1.389539E2,1.856432E1
8.675333E-1,-1.370343E2,1.761895E1
8.717042E-1,-1.332781E2,1.661687E1
8.758750E-1,-1.286324E2,1.558471E1
8.800458E-1,-1.222955E2,1.425207E1
8.842167E-1,-1.151638E2,1.261561E1
8.883875E-1,-1.071835E2,1.046941E1
8.925583E-1,-9.701612E1,8.945534E0
8.967292E-1,-8.587071E1,6.097323E0
9.009000E-1,-7.308247E1,3.699544E0
9.050708E-1,-5.982492E1,1.437917E0
9.092417E-1,-4.274805E1,-7.924544E-1
9.134125E-1,-2.976222E1,-3.607138E0
9.175833E-1,-1.547901E1,-5.384659E0
9.217542E-1,2.294875E0,-6.364756E0
9.259250E-1,2.020735E1,-7.181979E0
9.300958E-1,3.805899E1,-7.531873E0
9.342667E-1,5.555972E1,-8.432378E0
9.384375E-1,7.110438E1,-8.358079E0
9.426083E-1,8.436543E1,-8.462512E0
9.467792E-1,9.846894E1,-8.706814E0
9.509500E-1,1.115795E2,-8.743472E0
9.551208E-1,1.213399E2,-7.530909E0
9.592917E-1,1.288288E2,-7.664899E0
9.634625E-1,1.346236E2,-7.404427E0
9.676333E-1,1.399735E2,-6.753711E0
9.718042E-1,1.428365E2,-6.452633E0
9.759750E-1,1.450418E2,-5.753395E0
9.801458E-1,1.459758E2,-4.688858E0
9.843167E-1,1.449160E2,-4.745903E0
9.884875E-1,1.428936E2,-3.593868E0
9.926583E-1,1.389569E2,-3.478879E0
9.968292E-1,1.344323E2,-2.167169E0
1.001000E0,1.278663E2,-1.710650E0
1.005171E0,1.196398E2,-4.501991E-1
1.009342E0,1.096421E2,-3.920923E-1
1.013513E0,9.857995E1,-1.242334E-1
1.017683E0,8.466963E1,7.283137E-1
1.021854E0,6.823421E1,2.410499E0
1.026025E0,5.247194E1,2.363162E0
1.030196E0,3.455197E1,2.543560E0
1.034367E0,1.638746E1,2.792160E0
1.038537E0,-1.800916E0,3.859136E0
1.042708E0,-1.863230E1,2.222032E0
1.046879E0,-3.469228E1,1.716456E0
1.051050E0,-4.982535E1,8.352841E-1
1.055221E0,-6.307900E1,-4.523785E-1
1.059392E0,-7.586890E1,-3.723410E-1
1.063562E0,-8.665566E1,-1.088608E0
1.067733E0,-9.535953E1,-9.629873E-1
1.071904E0,-1.051975E2,-1.131704E0
1.076075E0,-1.125531E2,-2.835039E0
1.080246E0,-1.185796E2,-4.213730E0
1.084417E0,-1.243934E2,-4.711096E0
1.088588E0,-1.276706E2,-6.011276E0
1.092758E0,-1.305507E2,-6.649153E0
1.096929E0,-1.319750E2,-7.288796E0
1.101100E0,-1.321155E2,-8.252942E0
1.105271E0,-1.308039E2,-8.957828E0
1.109442E0,-1.284913E2,-9.789516E0
1.113612E0,-1.249364E2,-1.040413E1
1.117783E0,-1.200694E2,-1.061339E1
1.121954E0,-1.134399E2,-1.093539E1
1.126125E0,-1.062239E2,-1.179727E1
1.130296E0,-9.631351E1,-1.170573E1
1.134467E0,-8.684866E1,-1.162988E1
1.138637E0,-7.584616E1,-1.190507E1
1.142808E0,-6.200528E1,-1.218510E1
1.146979E0,-4.839828E1,-1.146886E1
1.151150E0,-3.570475E1,-1.191116E1
1.155321E0,-2.173695E1,-1.053467E1
1.159492E0,-6.037999E0,-8.234753E0
1.163662E0,1.133808E1,-4.525948E0
1.167833E0,2.837879E1,-1.615411E0
1.172004E0,4.410086E1,2.209415E0
1.176175E0,5.819938E1,5.769869E0
1.180346E0,7.169915E1,8.739251E0
1.184517E0,8.402938E1,1.150330E1
1.188687E0,9.585296E1,1.423474E1
1.192858E0,1.049497E2,1.653969E1
1.197029E0,1.132726E2,1.869560E1
1.201200E0,1.212722E2,2.137239E1
1.205371E0,1.263653E2,2.305903E1
1.209542E0,1.290093E2,2.360807E1
1.213713E0,1.308275E2,2.478168E1
1.217883E0,1.320261E2,2.521008E1
1.222054E0,1.315150E2,2.483958E1
1.226225E0,1.292576E2,2.415047E1
1.230396E0,1.260621E2,2.304673E1
1.234567E0,1.206704E2,2.177913E1
1.238738E0,1.140695E2,1.959937E1
1.242908E0,1.060540E2,1.745406E1
1.247079E0,9.474779E1,1.477278E1
1.251250E0,8.412335E1,1.224209E1
1.255421E0,7.170133E1,9.442780E0
1.259592E0,5.898681E1,6.303928E0
1.263763E0,4.321762E1,2.559599E0
1.267933E0,2.646410E1,-5.894877E-1
1.272104E0,1.063051E1,-4.568727E0
1.276275E0,-5.898426E0,-7.406306E0
1.280446E0,-2.069954E1,-9.380410E0
1.284617E0,-3.569733E1,-1.129787E1
1.288787E0,-4.913965E1,-1.296571E1
1.292958E0,-6.046951E1,-1.408856E1
1.297129E0,-7.223486E1,-1.380862E1
1.301300E0,-8.234611E1,-1.399119E1
1.305471E0,-9.078262E1,-1.403912E1
1.309642E0,-1.009399E2,-1.251646E1
1.313813E0,-1.057309E2,-1.347112E1
1.317983E0,-1.109535E2,-1.363756E1
1.322154E0,-1.149891E2,-1.337283E1
1.326325E0,-1.174453E2,-1.329032E1
1.330496E0,-1.191523E2,-1.332848E1
1.334667E0,-1.189220E2,-1.267968E1
1.338838E0,-1.180467E2,-1.212814E1
1.343008E0,-1.160029E2,-1.099551E1
1.347179E0,-1.121766E2,-1.043251E1
1.351350E0,-1.076840E2,-9.947486E0
1.355521E0,-1.013377E2,-8.505118E0
1.359692E0,-9.420494E1,-7.601681E0
1.363862E0,-8.558130E1,-7.187568E0
1.368033E0,-7.591773E1,-6.462414E0
1.372204E0,-6.578418E1,-5.853738E0
1.376375E0,-5.407651E1,-4.629202E0
1.380546E0,-4.188089E1,-3.655152E0
1.384717E0,-2.767780E1,-2.639279E0
1.388888E0,-1.281441E1,-1.577385E0
1.393058E0,2.917881E0,3.149283E-1
1.397229E0,2.030071E1,1.762982E0
1.401400E0,3.467715E1,3.173484E0
1.405571E0,4.963094E1,3.819868E0
1.409742E0,6.322814E1,5.543528E0
1.413912E0,7.510341E1,5.767809E0
1.418083E0,8.633197E1,6.476341E0
1.422254E0,9.538071E1,6.716241E0
1.426425E0,1.028832E2,7.018667E0
1.430596E0,1.093936E2,7.132098E0
1.434767E0,1.137229E2,6.683932E0
1.438937E0,1.182054E2,7.020335E0
1.443108E0,1.197331E2,7.228995E0
1.447279E0,1.201944E2,6.270747E0
1.451450E0,1.189628E2,5.542264E0
1.455621E0,1.169249E2,5.128146E0
1.459792E0,1.123855E2,3.227826E0
1.463963E0,1.078560E2,3.191589E0
1.468133E0,1.001256E2,1.611301E0
1.472304E0,9.217908E1,1.067200E0
1.476475E0,8.172938E1,-3.427240E-1
1.480646E0,7.070509E1,-1.346864E0
1.484817E0,5.801602E1,-2.425831E0
1.488987E0,4.417172E1,-3.438540E0
1.493158E0,2.810888E1,-4.380488E0
1.497329E0,1.220170E1,-3.834629E0
1.501500E0,-3.303342E0,-4.640445E0
1.505671E0,-1.809747E1,-3.473054E0
1.509842E0,-3.212797E1,-2.808936E0
1.514012E0,-4.504267E1,-9.671439E-1
1.518183E0,-5.574388E1,-2.300967E-1
1.522354E0,-6.585860E1,1.199127E0
1.526525E0,-7.508010E1,2.375895E0
1.530696E0,-8.313133E1,3.454484E0
1.534867E0,-9.013216E1,5.129564E0
1.539037E0,-9.658823E1,5.958484E0
1.543208E0,-1.008742E2,6.029154E0
1.547379E0,-1.045301E2,6.034482E0
1.551550E0,-1.072061E2,6.277509E0
1.555721E0,-1.077874E2,5.964955E0
1.559892E0,-1.074261E2,6.279211E0
1.564062E0,-1.057770E2,6.091873E0
1.568233E0,-1.030741E2,5.310551E0
1.572404E0,-9.880560E1,4.772341E0
1.576575E0,-9.333349E1,3.855315E0
1.580746E0,-8.744494E1,2.975942E0
1.584917E0,-8.007701E1,1.715063E0
1.589087E0,-6.933620E1,4.540633E-1
1.593258E0,-5.890762E1,-3.251737E-1
1.597429E0,-4.872832E1,-1.528094E0
1.601600E0,-3.681001E1,-2.780201E0
1.605771E0,-2.077170E1,-3.534531E0
1.609942E0,-9.940931E0,-4.379880E0
1.614113E0,3.716896E0,-4.309072E0
1.618283E0,1.973065E1,-4.486100E0
1.622454E0,3.288430E1,-3.914956E0
1.626625E0,4.584462E1,-3.476741E0
1.630796E0,5.765928E1,-2.868155E0
1.634967E0,6.839684E1,-2.614254E0
1.639138E0,7.726358E1,-2.470454E0
1.643308E0,8.514184E1,-2.206644E0
1.647479E0,9.202847E1,-1.784080E0
1.651650E0,9.729932E1,-1.134682E0
1.655821E0,1.000338E2,-3.734954E-1
1.659992E0,1.024933E2,5.591096E-1
1.664163E0,1.028553E2,1.172310E0
1.668333E0,1.028438E2,2.409664E0
1.672504E0,1.007238E2,2.952231E0
1.676675E0,9.695092E1,3.674403E0
1.680846E0,9.223733E1,4.231098E0
1.685017E0,8.559897E1,5.437744E0
1.689188E0,7.797368E1,6.227412E0
1.693358E0,6.833157E1,6.702878E0
1.697529E0,5.782119E1,6.525294E0
1.701700E0,4.592870E1,6.308447E0
1.705871E0,3.339682E1,6.491788E0
1.710042E0,1.924686E1,6.369807E0
1.714213E0,4.428136E0,4.888656E0
1.718383E0,-1.157765E1,3.547273E0
1.722554E0,-2.451554E1,2.366880E0
1.726725E0,-3.733259E1,-9.449780E-2
1.730896E0,-4.493159E1,-3.730782E0
1.735067E0,-5.507687E1,-6.047461E0
1.739237E0,-6.334810E1,-8.288673E0
1.743408E0,-7.118971E1,-1.025283E1
1.747579E0,-7.859086E1,-1.250865E1
1.751750E0,-8.406462E1,-1.366362E1
1.755921E0,-8.850466E1,-1.619092E1
1.760092E0,-9.131251E1,-1.735922E1
1.764263E0,-9.365590E1,-1.811476E1
1.768433E0,-9.366387E1,-1.955187E1
1.772604E0,-9.325324E1,-2.029531E1
1.776775E0,-9.165208E1,-2.063270E1
1.780946E0,-8.875860E1,-2.122569E1
1.785117E0,-8.519108E1,-2.040840E1
1.789288E0,-8.023663E1,-2.020963E1
1.793458E0,-7.338776E1,-1.936913E1
1.797629E0,-6.535777E1,-1.870271E1
1.801800E0,-5.673988E1,-1.716733E1
1.805971E0,-4.554538E1,-1.559779E1
1.810142E0,-3.377065E1,-1.284807E1
1.814312E0,-2.415024E1,-1.034020E1
1.818483E0,-1.445613E1,-8.063184E0
1.822654E0,-1.153989E0,-3.642846E0
1.826825E0,1.252632E1,2.813428E-1
1.830996E0,2.421144E1,4.820226E0
1.835167E0,3.618620E1,8.951547E0
1.839338E0,4.620116E1,1.334409E1
1.843508E0,5.523763E1,1.644674E1
1.847679E0,6.378461E1,1.932238E1
1.851850E0,7.084333E1,2.208675E1
1.856021E0,7.607549E1,2.437619E1
1.860192E0,8.037221E1,2.607085E1
1.864362E0,8.302257E1,2.781107E1
1.868533E0,8.452475E1,2.855272E1
1.872704E0,8.446040E1,2.925814E1
1.876875E0,8.311256E1,2.929254E1
1.881046E0,8.071850E1,2.898436E1
1.885217E0,7.681685E1,2.849880E1
1.889387E0,7.185411E1,2.730726E1
1.893558E0,6.548907E1,2.578091E1
1.897729E0,5.761334E1,2.397895E1
1.901900E0,4.877903E1,2.138034E1
1.906071E0,3.865547E1,1.816848E1
1.910242E0,2.716191E1,1.500169E1
1.914413E0,1.399446E1,1.058579E1
1.918583E0,9.147545E-1,6.642217E0
1.922754E0,-1.222993E1,2.054804E0
1.926925E0,-2.431133E1,-5.448814E0
1.931096E0,-3.562530E1,-9.270772E0
1.935267E0,-4.448644E1,-1.486901E1
1.939437E0,-5.286143E1,-1.861919E1
1.943608E0,-5.875927E1,-2.196761E1
1.947779E0,-6.486490E1,-2.580265E1
1.951950E0,-7.085958E1,-2.840455E1
1.956121E0,-7.512117E1,-3.115979E1
1.960292E0,-7.910048E1,-3.281445E1
1.964463E0,-8.126104E1,-3.415412E1
1.968633E0,-8.200325E1,-3.607897E1
1.972804E0,-8.174576E1,-3.651713E1
1.976975E0,-8.048311E1,-3.696750E1
1.981146E0,-7.820196E1,-3.659281E1
1.985317E0,-7.452258E1,-3.605424E1
1.989487E0,-7.013598E1,-3.441005E1
1.993658E0,-6.432405E1,-3.293667E1
1.997829E0,-5.679965E1,-3.122235E1
2.002000E0,-5.006198E1,-2.766581E1
2.006171E0,-4.177469E1,-2.450474E1
2.010342E0,-2.823693E1,-2.072384E1
2.014512E0,-1.673423E1,-1.397929E1
2.018683E0,-3.911556E0,-7.990965E0
2.022854E0,9.794366E0,-6.096666E-1
2.027025E0,2.200872E1,6.270176E0
2.031196E0,3.358700E1,1.366705E1
2.035367E0,4.377556E1,1.992393E1
2.039538E0,5.249040E1,2.545275E1
2.043708E0,5.989213E1,3.084787E1
2.047879E0,6.627828E1,3.538936E1
2.052050E0,7.140781E1,3.926768E1
2.056221E0,7.535784E1,4.288512E1
2.060392E0,7.810939E1,4.567462E1
2.064563E0,8.001689E1,4.799503E1
2.068733E0,8.017673E1,4.961782E1
2.072904E0,7.971498E1,5.052524E1
2.077075E0,7.789573E1,5.080266E1
2.081246E0,7.484152E1,5.022364E1
2.085417E0,7.088654E1,4.914950E1
2.089587E0,6.557010E1,4.734579E1
2.093758E0,5.944136E1,4.460071E1
2.097929E0,5.210833E1,4.084305E1
2.102100E0,4.375880E1,3.639968E1
2.106271E0,3.388805E1,3.113845E1
2.110442E0,2.410448E1,2.488949E1
2.114613E0,1.306039E1,1.713223E1
2.118783E0,1.562823E0,8.687956E0
2.122954E0,-9.326458E0,-6.420843E-1
2.127125E0,-1.865839E1,-1.017507E1
2.131296E0,-2.663562E1,-1.776244E1
2.135467E0,-3.388137E1,-2.494710E1
2.139637E0,-3.896376E1,-3.092769E1
2.143808E0,-4.442631E1,-3.647672E1
2.147979E0,-4.779724E1,-4.203241E1
2.152150E0,-5.102920E1,-4.598210E1
2.156321E0,-5.354998E1,-4.947869E1
2.160492E0,-5.503413E1,-5.254619E1
2.164662E0,-5.540366E1,-5.500880E1
2.168833E0,-5.491002E1,-5.553993E1
2.173004E0,-5.290069E1,-5.628021E1
2.177175E0,-5.089176E1,-5.545158E1
2.181346E0,-4.815467E1,-5.383102E1
2.185517E0,-4.418683E1,-5.153378E1
2.189687E0,-3.971318E1,-4.758407E1
2.193858E0,-3.486320E1,-4.355435E1
2.198029E0,-2.766829E1,-3.794242E1
2.202200E0,-2.102943E1,-3.136650E1
2.206371E0,-1.360290E1,-2.387235E1
2.210542E0,-6.186960E0,-1.484027E1
2.214713E0,2.833206E0,-4.224395E0
2.218883E0,1.213099E1,6.584708E0
2.223054E0,1.952166E1,1.703060E1
2.227225E0,2.642014E1,2.827548E1
2.231396E0,3.180970E1,3.723738E1
2.235567E0,3.647091E1,4.539776E1
2.239738E0,4.038458E1,5.341847E1
2.243908E0,4.364603E1,5.896151E1
2.248079E0,4.601268E1,6.495715E1
2.252250E0,4.832534E1,6.867575E1
2.256421E0,4.903411E1,7.188811E1
2.260592E0,4.986008E1,7.316515E1
2.264762E0,4.989839E1,7.345044E1
2.268933E0,4.960071E1,7.199818E1
2.273104E0,4.836080E1,7.055494E1
2.277275E0,4.626686E1,6.694940E1
2.281446E0,4.381730E1,6.304551E1
2.285617E0,3.999001E1,5.750913E1
2.289788E0,3.586522E1,5.095633E1
2.293958E0,3.116424E1,4.334904E1
2.298129E0,2.506682E1,3.392284E1
2.302300E0,1.833513E1,2.430673E1
2.306471E0,1.097657E1,1.323108E1
2.310642E0,3.312051E0,1.194120E0
2.314812E0,-5.584701E0,-1.037830E1
2.318983E0,-1.222416E1,-2.258808E1
2.323154E0,-1.817179E1,-3.083831E1
2.327325E0,-2.370197E1,-3.685496E1
2.331496E0,-2.797549E1,-4.271222E1
2.335667E0,-3.264001E1,-4.847977E1
2.339838E0,-3.608216E1,-5.317082E1
2.344008E0,-3.967461E1,-5.715566E1
2.348179E0,-4.049200E1,-5.994004E1
2.352350E0,-4.251208E1,-6.044908E1
2.356521E0,-4.344970E1,-6.072172E1
2.360692E0,-4.289303E1,-6.060527E1
2.364863E0,-4.268143E1,-5.881339E1
2.369033E0,-4.171617E1,-5.636137E1
2.373204E0,-4.019671E1,-5.261617E1
2.377375E0,-3.741172E1,-4.834121E1
2.381546E0,-3.296571E1,-4.233511E1
2.385717E0,-2.773067E1,-3.500443E1
2.389887E0,-2.263319E1,-2.830507E1
2.394058E0,-1.744791E1,-1.904743E1
2.398229E0,-9.526371E0,-8.402532E0
2.402400E0,-1.175811E0,2.061469E0
2.406571E0,8.027193E0,1.274293E1
2.410742E0,1.674680E1,2.115814E1
2.414912E0,2.522485E1,2.941059E1
2.419083E0,3.263194E1,3.644645E1
2.423254E0,3.924578E1,4.243385E1
2.427425E0,4.454812E1,4.722928E1
2.431596E0,4.949975E1,5.150105E1
2.435767E0,5.314571E1,5.469989E1
2.439938E0,5.630367E1,5.653486E1
2.444108E0,5.842085E1,5.729575E1
2.448279E0,5.940003E1,5.740505E1
2.452450E0,5.954895E1,5.664953E1
2.456621E0,5.931233E1,5.435657E1
2.460792E0,5.781698E1,5.119071E1
2.464962E0,5.564417E1,4.748083E1
2.469133E0,5.211296E1,4.239585E1
2.473304E0,4.800969E1,3.698682E1
2.477475E0,4.292401E1,3.084055E1
2.481646E0,3.538297E1,2.240260E1
2.485817E0,2.813901E1,1.490841E1
2.489988E0,1.891038E1,7.098093E0
2.494158E0,9.090639E0,-7.655509E-1
2.498329E0,-1.331786E0,-1.075883E1
2.502500E0,-1.091228E1,-1.712527E1
2.506671E0,-2.049508E1,-2.274091E1
2.510842E0,-2.877358E1,-2.732484E1
2.515012E0,-3.505283E1,-3.059967E1
2.519183E0,-4.125641E1,-3.318575E1
2.523354E0,-4.669326E1,-3.614510E1
2.527525E0,-5.020583E1,-3.725890E1
2.531696E0,-5.310288E1,-3.841418E1
2.535867E0,-5.487504E1,-3.873848E1
2.540037E0,-5.650240E1,-3.902041E1
2.544208E0,-5.627316E1,-3.815021E1
2.548379E0,-5.458948E1,-3.615959E1
2.552550E0,-5.267750E1,-3.401127E1
2.556721E0,-4.938213E1,-3.187191E1
2.560892E0,-4.468593E1,-2.777332E1
2.565062E0,-3.874272E1,-2.438256E1
2.569233E0,-3.289042E1,-2.022871E1
2.573404E0,-2.472250E1,-1.497364E1
2.577575E0,-1.522390E1,-8.313169E0
2.581746E0,-5.068036E0,-1.965346E0
2.585917E0,7.179551E0,5.863315E0
2.590088E0,1.754860E1,1.085328E1
2.594258E0,2.777432E1,1.716775E1
2.598429E0,3.601989E1,2.148177E1
2.602600E0,4.394580E1,2.544973E1
2.606771E0,5.010251E1,2.899220E1
2.610942E0,5.544014E1,3.190536E1
2.615113E0,5.930335E1,3.441909E1
2.619283E0,6.238646E1,3.633250E1
2.623454E0,6.424626E1,3.711098E1
2.627625E0,6.468450E1,3.808425E1
2.631796E0,6.428442E1,3.836322E1
2.635967E0,6.235671E1,3.789450E1
2.640137E0,5.944675E1,3.707065E1
2.644308E0,5.548886E1,3.522776E1
2.648479E0,4.997809E1,3.281311E1
2.652650E0,4.398559E1,2.990554E1
2.656821E0,3.616863E1,2.548147E1
2.660992E0,2.822716E1,2.104690E1
2.665163E0,1.794557E1,1.573496E1
2.669333E0,7.986766E0,9.768333E0
2.673504E0,-2.112876E0,-3.735989E-1
2.677675E0,-1.206058E1,-6.518180E0
2.681846E0,-2.052758E1,-1.308461E1
2.686017E0,-2.680374E1,-1.881668E1
2.690187E0,-3.294008E1,-2.365229E1
2.694358E0,-3.793347E1,-2.888930E1
2.698529E0,-4.260453E1,-3.259766E1
2.702700E0,-4.527833E1,-3.535117E1
2.706871E0,-4.666107E1,-3.886069E1
2.711042E0,-4.763243E1,-4.043764E1
2.715213E0,-4.798091E1,-4.127425E1
2.719383E0,-4.675815E1,-4.137086E1
2.723554E0,-4.469177E1,-4.157994E1
2.727725E0,-4.181691E1,-4.079367E1
2.731896E0,-3.787508E1,-3.768283E1
2.736067E0,-3.270782E1,-3.503512E1
2.740238E0,-2.756278E1,-3.082882E1
2.744408E0,-2.102213E1,-2.630950E1
2.748579E0,-1.203168E1,-2.037368E1
2.752750E0,-4.588729E0,-1.316644E1
2.756921E0,5.122014E0,-3.137630E0
2.761092E0,1.223429E1,4.431412E0
2.765262E0,2.015683E1,1.388306E1
2.769433E0,2.668440E1,2.220710E1
2.773604E0,3.125570E1,2.844128E1
2.777775E0,3.553428E1,3.528420E1
2.781946E0,3.863645E1,4.079372E1
2.786117E0,4.175219E1,4.532649E1
2.790287E0,4.353014E1,4.871064E1
2.794458E0,4.441480E1,5.111499E1
2.798629E0,4.428577E1,5.236306E1
2.802800E0,4.329795E1,5.262875E1
2.806971E0,4.191462E1,5.165423E1
2.811142E0,3.993135E1,4.956972E1
2.815313E0,3.778402E1,4.622120E1
2.819483E0,3.428980E1,4.217967E1
2.823654E0,3.004243E1,3.603360E1
2.827825E0,2.533473E1,2.974446E1
2.831996E0,1.978185E1,2.122819E1
2.836167E0,1.449420E1,1.286238E1
2.840337E0,7.587128E0,2.873155E0
2.844508E0,1.486553E-1,-7.148373E0
2.848679E0,-6.771481E0,-1.547733E1
2.852850E0,-1.304371E1,-2.167797E1
2.857021E0,-1.838707E1,-2.741943E1
2.861192E0,-2.258880E1,-3.250321E1
2.865363E0,-2.576674E1,-3.601090E1
2.869533E0,-2.955931E1,-3.863964E1
2.873704E0,-3.172915E1,-4.063477E1
2.877875E0,-3.309589E1,-4.220720E1
2.882046E0,-3.359757E1,-4.224157E1
2.886217E0,-3.387660E1,-4.228395E1
2.890387E0,-3.298308E1,-3.998990E1
2.894558E0,-3.181811E1,-3.734746E1
2.898729E0,-2.943323E1,-3.390340E1
2.902900E0,-2.557823E1,-2.932938E1
2.907071E0,-2.225653E1,-2.453094E1
2.911242E0,-1.776648E1,-1.839522E1
2.915412E0,-1.040607E1,-1.018675E1
2.919583E0,-3.920636E0,-2.245617E0
2.923754E0,4.138043E0,5.986753E0
2.927925E0,1.203089E1,1.392420E1
2.932096E0,1.979559E1,2.022558E1
2.936267E0,2.643429E1,2.557410E1
2.940437E0,3.232797E1,2.999506E1
2.944608E0,3.762342E1,3.377702E1
2.948779E0,4.203556E1,3.593523E1
2.952950E0,4.559353E1,3.809322E1
2.957121E0,4.814666E1,3.920308E1
2.961292E0,4.928851E1,3.952155E1
2.965463E0,4.963525E1,3.851743E1
2.969633E0,4.904241E1,3.716355E1
2.973804E0,4.722250E1,3.461374E1
2.977975E0,4.467291E1,3.156678E1
2.982146E0,4.137266E1,2.742419E1
2.986317E0,3.630891E1,2.247709E1
2.990487E0,2.981419E1,1.765224E1
2.994658E0,2.258139E1,1.181067E1
2.998829E0,1.426224E1,5.569984E0
3.003000E0,4.940717E0,9.438812E-2
3.007171E0,-4.156285E0,-6.202087E0
3.011342E0,-1.147529E1,-1.212566E1
3.015512E0,-1.980449E1,-1.512598E1
3.019683E0,-2.602246E1,-1.645050E1
3.023854E0,-3.162698E1,-1.908166E1
3.028025E0,-3.570235E1,-2.087007E1
3.032196E0,-3.906046E1,-2.233772E1
3.036367E0,-4.081031E1,-2.407364E1
3.040538E0,-4.166093E1,-2.414128E1
3.044708E0,-4.167558E1,-2.350243E1
3.048879E0,-4.042622E1,-2.258215E1
3.053050E0,-3.766297E1,-2.218383E1
3.057221E0,-3.400471E1,-2.037052E1
3.061392E0,-2.973392E1,-1.831266E1
3.065562E0,-2.413185E1,-1.532567E1
3.069733E0,-1.638915E1,-1.231660E1
3.073904E0,-8.063567E0,-8.694392E0
3.078075E0,1.634779E0,-2.998484E0
3.082246E0,1.054314E1,1.503905E0
3.086417E0,1.879169E1,5.650851E0
3.090588E0,2.631609E1,1.125258E1
3.094758E0,3.271568E1,1.596552E1
3.098929E0,3.745154E1,1.933123E1
3.103100E0,4.150115E1,2.283797E1
3.107271E0,4.455894E1,2.497434E1
3.111442E0,4.607326E1,2.687438E1
3.115613E0,4.657917E1,2.858912E1
3.119783E0,4.635125E1,2.853190E1
3.123954E0,4.436110E1,2.873583E1
3.128125E0,4.205776E1,2.825229E1
3.132296E0,3.823282E1,2.698785E1
3.136467E0,3.306467E1,2.511397E1
3.140637E0,2.747546E1,2.230645E1
3.144808E0,2.089261E1,1.894431E1
3.148979E0,1.311095E1,1.374487E1
3.153150E0,5.004369E0,8.268715E0
3.157321E0,-1.920083E0,1.231696E0
3.161492E0,-8.743834E0,-5.062300E0
3.165662E0,-1.437578E1,-1.262828E1
3.169833E0,-1.866192E1,-1.876804E1
3.174004E0,-2.262365E1,-2.269807E1
3.178175E0,-2.518649E1,-2.680091E1
3.182346E0,-2.723695E1,-2.909391E1
3.186517E0,-2.745835E1,-3.198063E1
3.190688E0,-2.782086E1,-3.305509E1
3.194858E0,-2.722043E1,-3.347338E1
3.199029E0,-2.536441E1,-3.312642E1
3.203200E0,-2.329155E1,-3.125041E1
3.207371E0,-2.025210E1,-2.890126E1
3.211542E0,-1.701936E1,-2.519434E1
3.215712E0,-1.248367E1,-2.090522E1
3.219883E0,-7.300567E0,-1.515477E1
3.224054E0,-1.775586E0,-8.139118E0
3.228225E0,3.025178E0,-3.237573E-1
3.232396E0,8.978008E0,7.942154E0
3.236567E0,1.372020E1,1.604360E1
3.240738E0,1.713256E1,2.275745E1
3.244908E0,2.007448E1,2.874313E1
3.249079E0,2.209617E1,3.326483E1
3.253250E0,2.367667E1,3.718951E1
3.257421E0,2.460184E1,3.948779E1
3.261592E0,2.515548E1,4.106648E1
3.265763E0,2.434922E1,4.170255E1
3.269933E0,2.352883E1,4.084670E1
3.274104E0,2.238596E1,3.902124E1
3.278275E0,2.034676E1,3.606769E1
3.282446E0,1.809960E1,3.138426E1
3.286617E0,1.448330E1,2.555392E1
3.290787E0,1.149046E1,1.920754E1
3.294958E0,7.405337E0,1.131905E1
3.299129E0,2.726307E0,3.103421E0
3.303300E0,-9.269283E-1,-5.011164E0
3.307471E0,-4.065420E0,-1.280854E1
3.311642E0,-8.219475E0,-1.820294E1
3.315812E0,-1.117330E1,-2.428391E1
3.319983E0,-1.324436E1,-2.850858E1
3.324154E0,-1.424587E1,-3.099872E1
3.328325E0,-1.535256E1,-3.279689E1
3.332496E0,-1.553015E1,-3.350555E1
3.336667E0,-1.597480E1,-3.287325E1
3.340838E0,-1.601079E1,-3.158172E1
3.345008E0,-1.534684E1,-2.899722E1
3.349179E0,-1.361673E1,-2.542583E1
3.353350E0,-1.187803E1,-2.093052E1
3.357521E0,-8.938507E0,-1.510058E1
3.361692E0,-5.613079E0,-8.647095E0
3.365862E0,-2.301426E0,-6.160570E-1
3.370033E0,2.085036E0,6.951007E0
3.374204E0,7.570900E0,1.423348E1
3.378375E0,1.218287E1,2.012863E1
3.382546E0,1.612049E1,2.554490E1
3.386717E0,1.949240E1,2.938896E1
3.390888E0,2.208542E1,3.262866E1
3.395058E0,2.426977E1,3.429561E1
3.399229E0,2.576733E1,3.522323E1
3.403400E0,2.623989E1,3.514132E1
3.407571E0,2.576739E1,3.432964E1
3.411742E0,2.543162E1,3.208251E1
3.415913E0,2.372380E1,2.857913E1
3.420083E0,2.208522E1,2.405817E1
3.424254E0,1.888465E1,1.866596E1
3.428425E0,1.545033E1,1.224096E1
3.432596E0,1.089626E1,5.577100E0
3.436767E0,5.291320E0,-1.628252E0
3.440937E0,2.738007E-1,-7.010845E0
3.445108E0,-4.851459E0,-1.264046E1
3.449279E0,-8.235767E0,-1.546580E1
3.453450E0,-1.248910E1,-1.898641E1
3.457621E0,-1.513741E1,-2.111106E1
3.461792E0,-1.862235E1,-2.254772E1
3.465963E0,-1.922532E1,-2.282095E1
3.470133E0,-2.028141E1,-2.236463E1
3.474304E0,-2.058325E1,-2.075592E1
3.478475E0,-1.979890E1,-1.910252E1
3.482646E0,-1.807563E1,-1.609678E1
3.486817E0,-1.555941E1,-1.273864E1
3.490988E0,-1.191767E1,-8.501478E0
3.495158E0,-7.718777E0,-3.930490E0
3.499329E0,-2.276569E0,1.890341E0
3.503500E0,4.383604E0,7.104096E0
3.507671E0,1.114473E1,1.133719E1
3.511842E0,1.661158E1,1.475566E1
3.516013E0,2.196421E1,1.688636E1
3.520183E0,2.622610E1,1.864146E1
3.524354E0,2.957511E1,1.968076E1
3.528525E0,3.175358E1,1.990152E1
3.532696E0,3.267778E1,1.968009E1
3.536867E0,3.289961E1,1.885066E1
3.541037E0,3.200755E1,1.791550E1
3.545208E0,2.986043E1,1.624532E1
3.549379E0,2.619868E1,1.436493E1
3.553550E0,2.182117E1,1.249152E1
3.557721E0,1.616627E1,1.005773E1
3.561892E0,9.752404E0,7.977063E0
3.566063E0,2.087410E0,4.902685E0
3.570233E0,-4.421241E0,2.473661E0
3.574404E0,-9.790587E0,-4.996628E-3
3.578575E0,-1.466260E1,-2.945195E0
3.582746E0,-1.838887E1,-4.492088E0
3.586917E0,-2.111938E1,-5.744622E0
3.591087E0,-2.231011E1,-7.107639E0
3.595258E0,-2.222588E1,-7.785733E0
3.599429E0,-2.127960E1,-8.700279E0
3.603600E0,-1.937574E1,-8.984133E0
3.607771E0,-1.652666E1,-8.460365E0
3.611942E0,-1.297144E1,-7.634909E0
3.616113E0,-8.323406E0,-6.413900E0
3.620283E0,-2.146184E0,-5.110435E0
3.624454E0,4.380422E0,-3.457045E0
3.628625E0,1.092368E1,1.609519E-1
3.632796E0,1.689628E1,3.526694E0
3.636967E0,2.116697E1,5.913659E0
3.641138E0,2.456315E1,8.798615E0
3.645308E0,2.641219E1,1.038430E1
3.649479E0,2.789603E1,1.221933E1
3.653650E0,2.797052E1,1.297361E1
3.657821E0,2.660566E1,1.350186E1
3.661992E0,2.459006E1,1.349837E1
3.666162E0,2.134864E1,1.258364E1
3.670333E0,1.708387E1,1.157977E1
3.674504E0,1.190644E1,9.784062E0
3.678675E0,5.858580E0,7.606088E0
3.682846E0,1.698638E-1,5.534167E0
3.687017E0,-5.570319E0,1.994362E0
3.691187E0,-1.001981E1,-7.855568E-1
3.695358E0,-1.398841E1,-4.292333E0
3.699529E0,-1.594863E1,-6.953916E0
3.703700E0,-1.699009E1,-8.931733E0
3.707871E0,-1.735379E1,-1.032407E1
3.712042E0,-1.684294E1,-1.267974E1
3.716213E0,-1.498298E1,-1.261393E1
3.720383E0,-1.229867E1,-1.261019E1
3.724554E0,-8.976873E0,-1.248775E1
3.728725E0,-4.682663E0,-1.093769E1
3.732896E0,-3.661316E-2,-8.018231E0
3.737067E0,4.173987E0,-4.740796E0
3.741237E0,8.532331E0,-9.536702E-1
3.745408E0,1.161289E1,3.799732E0
3.749579E0,1.411666E1,7.241225E0
3.753750E0,1.515120E1,1.100404E1
3.757921E0,1.556477E1,1.377871E1
3.762092E0,1.515783E1,1.548627E1
3.766263E0,1.399487E1,1.670795E1
3.770433E0,1.207533E1,1.622024E1
3.774604E0,9.915948E0,1.560846E1
3.778775E0,6.580261E0,1.371430E1
3.782946E0,3.882652E0,1.102132E1
3.787117E0,1.313219E-1,6.984316E0
3.791287E0,-2.946331E0,1.918223E0
3.795458E0,-5.051972E0,-2.991710E0
3.799629E0,-6.221412E0,-7.692035E0
3.803800E0,-7.198761E0,-1.229504E1
3.807971E0,-7.343886E0,-1.529029E1
3.812142E0,-7.116545E0,-1.842028E1
3.816312E0,-6.379993E0,-1.932787E1
3.820483E0,-5.239374E0,-1.969665E1
3.824654E0,-3.364013E0,-1.868527E1
3.828825E0,-1.870481E0,-1.714768E1
3.832996E0,-2.160864E-1,-1.396332E1
3.837167E0,1.498138E0,-1.015553E1
3.841338E0,2.839331E0,-4.968685E0
3.845508E0,3.358565E0,-3.633263E-1
3.849679E0,3.733319E0,5.948812E0
3.853850E0,3.684236E0,9.604270E0
3.858021E0,3.602679E0,1.334078E1
3.862192E0,3.133374E0,1.609811E1
3.866363E0,2.731799E0,1.818327E1
3.870533E0,2.136246E0,1.840483E1
3.874704E0,1.764270E0,1.794561E1
3.878875E0,1.381219E0,1.562477E1
3.883046E0,8.265245E-1,1.307785E1
3.887217E0,9.053131E-1,9.698707E0
3.891388E0,7.968170E-1,5.141679E0
3.895558E0,1.249695E0,-9.640548E-1
3.899729E0,1.181880E0,-6.496691E0
3.903900E0,9.949192E-1,-1.120072E1
3.908071E0,5.745790E-1,-1.422235E1
3.912242E0,1.874270E-1,-1.758928E1
3.916412E0,-1.148937E0,-1.936546E1
3.920583E0,-1.286654E0,-1.918642E1
3.924754E0,-2.459859E0,-1.949659E1
3.928925E0,-3.313137E0,-1.761843E1
3.933096E0,-3.819848E0,-1.521389E1
3.937267E0,-4.156366E0,-1.160181E1
3.941438E0,-4.375431E0,-6.766985E0
3.945608E0,-3.414005E0,-1.667855E0
3.949779E0,-1.989888E0,3.170881E0
3.953950E0,-1.073255E-1,7.166636E0
3.958121E0,1.601857E0,1.075269E1
3.962292E0,4.156116E0,1.263281E1
3.966463E0,6.059985E0,1.338439E1
3.970633E0,7.416210E0,1.344907E1
3.974804E0,7.950998E0,1.237684E1
3.978975E0,8.169433E0,1.014409E1
3.983146E0,7.726616E0,7.649772E0
3.987317E0,6.836134E0,3.450199E0
3.991488E0,4.876861E0,-3.284133E-1
3.995658E0,1.982206E0,-4.115116E0
3.999829E0,-1.659180E0,-7.567246E0
4.004000E0,-5.245500E0,-1.040969E1
4.008171E0,-7.352451E0,-1.173400E1
4.012342E0,-1.006533E1,-1.318593E1
4.016513E0,-1.109346E1,-1.309441E1
4.020683E0,-1.170858E1,-1.292973E1
4.024854E0,-1.163351E1,-1.162562E1
4.029025E0,-1.055117E1,-9.794997E0
4.033196E0,-8.814373E0,-7.188561E0
4.037367E0,-5.964490E0,-4.324927E0
4.041537E0,-2.349959E0,-1.187105E0
4.045708E0,2.128752E0,1.336570E0
4.049879E0,6.331070E0,3.626873E0
4.054050E0,9.306975E0,4.860454E0
4.058221E0,1.127272E1,6.008607E0
4.062392E0,1.234244E1,6.817639E0
4.066562E0,1.293692E1,6.502225E0
4.070733E0,1.204659E1,5.626160E0
4.074904E0,1.065508E1,4.955889E0
4.079075E0,7.843338E0,3.221713E0
4.083246E0,4.397872E0,1.159179E0
4.087417E0,-1.284266E-1,-9.227087E-1
4.091588E0,-4.277844E0,-3.268688E0
4.095758E0,-7.302749E0,-5.835057E0
4.099929E0,-1.012177E1,-7.866745E0
4.104100E0,-1.175842E1,-9.568109E0
4.108271E0,-1.253653E1,-1.043165E1
4.112442E0,-1.245480E1,-1.111981E1
4.116613E0,-1.162890E1,-1.049116E1
4.120783E0,-9.439352E0,-9.503893E0
4.124954E0,-6.320361E0,-8.255867E0
4.129125E0,-2.939587E0,-6.205575E0
4.133296E0,6.206853E-1,-3.008710E0
4.137467E0,4.318473E0,-6.339966E-2
4.141637E0,6.402553E0,3.580281E0
4.145808E0,8.104219E0,5.850033E0
4.149979E0,9.002749E0,7.719024E0
4.154150E0,9.167609E0,8.687323E0
4.158321E0,8.617667E0,8.704206E0
4.162492E0,7.326063E0,8.106311E0
4.166663E0,5.056970E0,6.758445E0
4.170833E0,2.700824E0,4.238261E0
4.175004E0,4.981448E-2,1.014273E0
4.179175E0,-2.108884E0,-2.644060E0
4.183346E0,-3.910721E0,-6.358982E0
4.187517E0,-5.290044E0,-9.872586E0
4.191687E0,-6.007225E0,-1.265285E1
4.195858E0,-6.229911E0,-1.383559E1
4.200029E0,-5.954074E0,-1.412621E1
4.204200E0,-5.416987E0,-1.364397E1
4.208371E0,-4.015034E0,-1.207771E1
4.212542E0,-2.918980E0,-1.013647E1
4.216712E0,-1.225610E0,-6.692827E0
4.220883E0,4.182121E-1,-2.846367E0
4.225054E0,1.747604E0,1.394889E0
4.229225E0,2.668497E0,5.385140E0
4.233396E0,3.446813E0,7.961012E0
4.237567E0,3.774551E0,1.026581E1
4.241738E0,4.257569E0,1.106153E1
4.245908E0,4.242053E0,1.083157E1
4.250079E0,3.682136E0,9.630239E0
4.254250E0,2.834048E0,7.209077E0
4.258421E0,2.205273E0,3.759909E0
4.262592E0,9.804216E-1,-1.862598E-1
4.266762E0,-5.854085E-2,-4.583424E0
4.270933E0,-1.620780E0,-8.421198E0
4.275104E0,-3.026029E0,-1.072301E1
4.279275E0,-4.226316E0,-1.257675E1
4.283446E0,-4.883467E0,-1.302369E1
4.287617E0,-5.373043E0,-1.258706E1
4.291788E0,-5.120535E0,-1.207133E1
4.295958E0,-4.854701E0,-9.685953E0
4.300129E0,-3.947579E0,-6.785028E0
4.304300E0,-2.558327E0,-3.428892E0
4.308471E0,-5.525889E-1,1.052634E-1
4.312642E0,1.686933E0,3.915764E0
4.316813E0,3.754936E0,5.429288E0
4.320983E0,5.356777E0,7.045152E0
4.325154E0,6.439236E0,8.220822E0
4.329325E0,6.537503E0,8.050799E0
4.333496E0,6.420616E0,7.004372E0
4.337667E0,5.310009E0,5.139012E0
4.341837E0,3.707273E0,3.215304E0
4.346008E0,1.418863E0,4.800454E-1
4.350179E0,-1.623911E0,-3.024382E0
4.354350E0,-4.194922E0,-5.514544E0
4.358521E0,-6.697881E0,-7.297735E0
4.362692E0,-7.989114E0,-8.683566E0
4.366862E0,-8.596258E0,-9.322018E0
4.371033E0,-8.733712E0,-9.409374E0
4.375204E0,-7.925897E0,-8.444487E0
4.379375E0,-6.186873E0,-6.899001E0
4.383546E0,-3.873068E0,-4.604834E0
4.387717E0,-9.756222E-1,-2.009020E0
4.391888E0,1.789864E0,1.536481E0
4.396058E0,4.259828E0,3.684759E0
4.400229E0,5.306207E0,5.396675E0
4.404400E0,6.296450E0,6.349464E0
4.408571E0,6.433633E0,6.966955E0
4.412742E0,5.433599E0,6.816193E0
4.416913E0,4.052478E0,5.382949E0
4.421083E0,2.209763E0,3.650436E0
4.425254E0,-8.278705E-2,4.828870E-1
4.429425E0,-2.128176E0,-2.548121E0
4.433596E0,-3.685816E0,-5.578589E0
4.437767E0,-5.643864E0,-8.233948E0
4.441937E0,-5.990903E0,-9.095597E0
4.446108E0,-6.106421E0,-1.011799E1
4.450279E0,-5.970468E0,-9.766682E0
4.454450E0,-4.708668E0,-8.647789E0
4.458621E0,-3.920783E0,-6.967937E0
4.462792E0,-2.296122E0,-4.270726E0
4.466962E0,-6.491056E-1,-1.147625E0
4.471133E0,1.130350E0,1.683611E0
4.475304E0,2.366717E0,4.180563E0
4.479475E0,3.121982E0,5.996290E0
4.483646E0,3.869413E0,6.936691E0
4.487817E0,4.196643E0,7.252550E0
4.491988E0,3.841136E0,6.500693E0
4.496158E0,2.832731E0,4.837901E0
4.500329E0,1.675099E0,2.658049E0
4.504500E0,-3.217159E-1,-4.817130E-1
4.508671E0,-1.785286E0,-3.621752E0
4.512842E0,-3.484183E0,-5.936261E0
4.517012E0,-5.231399E0,-7.621683E0
4.521183E0,-5.332372E0,-8.479728E0
4.525354E0,-5.482097E0,-8.746573E0
4.529525E0,-5.751133E0,-7.707298E0
4.533696E0,-4.995344E0,-6.231485E0
4.537867E0,-3.678045E0,-4.218149E0
4.542038E0,-2.005003E0,-1.464629E0
4.546208E0,3.645522E-1,1.100813E0
4.550379E0,2.175841E0,2.651162E0
4.554550E0,3.762591E0,4.680639E0
4.558721E0,4.922688E0,5.380354E0
4.562892E0,5.022439E0,5.947643E0
4.567062E0,4.714483E0,5.554632E0
4.571233E0,3.433040E0,4.020185E0
4.575404E0,1.598168E0,1.759292E0
4.579575E0,-5.172963E-1,-4.905267E-1
4.583746E0,-2.419412E0,-3.230654E0
4.587917E0,-3.992825E0,-5.573178E0
4.592087E0,-5.008799E0,-7.117173E0
4.596258E0,-5.659042E0,-7.931573E0
4.600429E0,-5.531324E0,-7.950686E0
4.604600E0,-4.887548E0,-7.213486E0
4.608771E0,-3.862405E0,-5.619000E0
4.612942E0,-2.207277E0,-3.665283E0
4.617113E0,-6.154257E-1,-1.463438E0
4.621283E0,1.159958E0,7.164414E-1
4.625454E0,2.564819E0,2.908054E0
4.629625E0,3.199163E0,4.775909E0
4.633796E0,3.708016E0,5.389349E0
4.637967E0,3.968073E0,5.197508E0
4.642137E0,2.952340E0,4.577374E0
4.646308E0,1.813683E0,2.778990E0
4.650479E0,1.745711E-1,1.368441E-1
4.654650E0,-9.881436E-1,-2.674303E0
4.658821E0,-2.250417E0,-4.504243E0
4.662992E0,-3.234185E0,-6.394726E0
4.667163E0,-3.956152E0,-7.169774E0
4.671333E0,-4.246601E0,-7.064007E0
4.675504E0,-4.053444E0,-6.780636E0
4.679675E0,-3.479956E0,-5.446845E0
4.683846E0,-2.513080E0,-3.675229E0
4.688017E0,-1.320617E0,-1.505477E0
4.692188E0,3.501560E-1,4.699624E-1
4.696358E0,2.072639E0,2.227316E0
4.700529E0,2.922823E0,3.462832E0
4.704700E0,3.819945E0,4.376686E0
4.708871E0,4.100013E0,4.047256E0
4.713042E0,3.358275E0,3.326385E0
4.717212E0,2.169120E0,1.936698E0
4.721383E0,3.670156E-1,-2.423192E-2
4.725554E0,-1.228430E0,-1.771592E0
4.729725E0,-2.880730E0,-3.712330E0
4.733896E0,-3.749961E0,-5.681597E0
4.738067E0,-4.195473E0,-6.270543E0
4.742237E0,-4.225050E0,-6.471253E0
4.746408E0,-3.714170E0,-6.466260E0
4.750579E0,-3.106844E0,-5.193503E0
4.754750E0,-1.656021E0,-3.782236E0
4.758921E0,-3.325579E-1,-1.275697E0
4.763092E0,1.208524E0,4.995864E-1
4.767263E0,2.273600E0,2.339394E0
4.771433E0,2.903564E0,3.758744E0
4.775604E0,3.149264E0,3.458350E0
4.779775E0,2.944706E0,3.215317E0
4.783946E0,2.426644E0,2.213066E0
4.788117E0,1.296884E0,6.738245E-1
4.792288E0,-2.743921E-1,-1.454330E0
4.796458E0,-1.359107E0,-3.277243E0
4.800629E0,-2.180307E0,-5.077635E0
4.804800E0,-3.195787E0,-6.048286E0
4.808971E0,-3.680967E0,-6.527971E0
4.813142E0,-3.591410E0,-6.401844E0
4.817312E0,-3.404831E0,-6.026401E0
4.821483E0,-2.103179E0,-4.185260E0
4.825654E0,-1.045411E0,-2.589739E0
4.829825E0,4.977590E-1,-7.424516E-1
4.833996E0,2.003551E0,7.609057E-1
4.838167E0,2.833569E0,1.402809E0
4.842337E0,3.071351E0,2.233921E0
4.846508E0,3.074531E0,2.253398E0
4.850679E0,2.633986E0,1.602387E0
4.854850E0,1.472624E0,4.411951E-1
4.859021E0,4.200743E-1,-1.233652E0
4.863192E0,-9.606041E-1,-3.020566E0
4.867363E0,-1.894829E0,-4.453768E0
4.871533E0,-2.685294E0,-5.555013E0
4.875704E0,-3.072993E0,-6.193695E0
4.879875E0,-2.913785E0,-6.222414E0
4.884046E0,-2.647557E0,-5.414394E0
4.888217E0,-1.966810E0,-4.493340E0
4.892387E0,-7.467688E-1,-2.931281E0
4.896558E0,4.738459E-1,-6.827265E-1
4.900729E0,1.570325E0,1.018306E0
4.904900E0,2.448112E0,1.503656E0
4.909071E0,2.929327E0,1.420185E0
4.913242E0,2.573838E0,1.586909E0
4.917413E0,2.352968E0,5.675806E-1
4.921583E0,1.462784E0,-4.595822E-1
4.925754E0,2.187090E-1,-2.229566E0
4.929925E0,-7.652958E-1,-3.437348E0
4.934096E0,-1.610137E0,-4.674690E0
4.938267E0,-2.679249E0,-5.497648E0
4.942437E0,-3.043144E0,-5.730893E0
4.946608E0,-2.903557E0,-5.764439E0
4.950779E0,-2.260426E0,-4.815829E0
4.954950E0,-1.506594E0,-3.837741E0
4.959121E0,-1.470343E-1,-2.690465E0
4.963292E0,7.178041E-1,-9.558954E-1
4.967462E0,1.615872E0,5.484459E-1
4.971633E0,2.630057E0,9.301053E-1
4.975804E0,2.665197E0,1.579525E0
4.979975E0,2.231350E0,1.047586E0
4.984146E0,1.821891E0,6.402069E-1
4.988317E0,9.274791E-1,-6.886420E-1
4.992488E0,-1.455100E-1,-2.013508E0
4.996658E0,-1.175646E0,-3.246190E0
5.000829E0,-1.851663E0,-4.307749E0
5.005000E0,-2.499277E0,-4.862401E0
5.009171E0,-2.611573E0,-4.805208E0
5.013342E0,-2.327952E0,-4.391250E0
5.017512E0,-1.329266E0,-2.939736E0
5.021683E0,-5.727401E-1,-2.104017E0
5.025854E0,9.783424E-2,-6.567788E-1
5.030025E0,1.054378E0,5.456497E-1
5.034196E0,1.513842E0,1.032065E0
5.038367E0,1.717478E0,1.283061E0
5.042538E0,1.728101E0,1.144552E0
5.046708E0,1.280072E0,5.395854E-1
5.050879E0,4.003717E-1,-3.389181E-1
5.055050E0,-7.406528E-1,-1.690585E0
5.059221E0,-1.347116E0,-2.577425E0
5.063392E0,-2.108497E0,-3.411223E0
5.067563E0,-2.516390E0,-3.584440E0
5.071733E0,-2.827600E0,-3.728880E0
5.075904E0,-2.628008E0,-3.242879E0
5.080075E0,-2.034998E0,-2.839439E0
5.084246E0,-1.308470E0,-1.565382E0
5.088417E0,-3.519321E-1,-4.462859E-1
5.092587E0,4.917175E-1,5.313490E-1
5.096758E0,7.357293E-1,1.069109E0
5.100929E0,9.456452E-1,1.299470E0
5.105100E0,5.914564E-1,1.242995E0
5.109271E0,2.855601E-1,6.681654E-1
5.113442E0,-8.853629E-1,-2.473349E-1
5.117612E0,-1.552822E0,-1.312009E0
5.121783E0,-2.191644E0,-2.536395E0
5.125954E0,-2.772231E0,-2.950108E0
5.130125E0,-2.852514E0,-3.236062E0
5.134296E0,-3.344634E0,-2.920930E0
5.138467E0,-3.077913E0,-2.230995E0
5.142638E0,-2.248972E0,-1.572605E0
5.146808E0,-1.246574E0,-4.513603E-1
5.150979E0,-4.724371E-1,-2.199037E-2
5.155150E0,-1.753984E-1,1.060364E0
5.159321E0,-4.096720E-2,1.323627E0
5.163492E0,1.243918E-2,1.400016E0
5.167663E0,-5.856203E-1,1.042655E0
5.171833E0,-1.357932E0,3.633130E-1
5.176004E0,-1.936921E0,-4.820909E-1
5.180175E0,-2.742032E0,-1.286391E0
5.184346E0,-3.327791E0,-2.260945E0
5.188517E0,-3.393115E0,-2.059068E0
5.192687E0,-3.207732E0,-2.240375E0
5.196858E0,-3.253693E0,-1.821362E0
5.201029E0,-2.698008E0,-1.219122E0
5.205200E0,-2.262449E0,-2.816187E-1
5.209371E0,-1.387601E0,2.993728E-1
5.213542E0,-1.091920E0,1.071454E0
5.217712E0,-8.348833E-1,1.212161E0
5.221883E0,-1.178561E0,1.085433E0
5.226054E0,-1.118978E0,9.713123E-1
5.230225E0,-2.210592E0,4.540356E-1
5.234396E0,-2.796619E0,-3.368810E-1
5.238567E0,-3.056281E0,-1.021058E0
5.242738E0,-3.555003E0,-1.482460E0
5.246908E0,-4.226981E0,-1.777796E0
5.251079E0,-3.993171E0,-1.342285E0
5.255250E0,-3.737595E0,-1.450853E0
5.259421E0,-3.242838E0,-3.362571E-1
5.263592E0,-2.566598E0,3.691558E-1
5.267762E0,-2.377957E0,4.416700E-1
5.271933E0,-2.250650E0,1.198292E0
5.276104E0,-2.111889E0,1.109424E0
5.280275E0,-2.372480E0,1.357649E0
5.284446E0,-2.876073E0,5.690293E-1
5.288617E0,-2.950003E0,-1.168062E-1
5.292788E0,-3.839926E0,-2.877814E-1
5.296958E0,-4.075395E0,-9.050161E-1
5.301129E0,-4.397934E0,-1.485581E0
5.305300E0,-4.426276E0,-1.155712E0
5.309471E0,-3.986241E0,-5.759904E-1
5.313642E0,-3.797941E0,-1.952696E-1
5.317812E0,-3.517485E0,1.700315E-1
5.321983E0,-3.168380E0,9.069197E-1
5.326154E0,-3.003622E0,1.150869E0
5.330325E0,-3.263353E0,1.351613E0
5.334496E0,-3.324339E0,1.265233E0
5.338667E0,-3.762974E0,4.427522E-1
5.342837E0,-4.248882E0,2.435880E-1
5.347008E0,-4.485620E0,-5.409730E-1
5.351179E0,-4.811386E0,-8.440776E-1
5.355350E0,-5.172731E0,-8.683379E-1
5.359521E0,-4.859410E0,-7.615946E-1
5.363692E0,-4.822356E0,-2.343795E-1
5.367863E0,-4.578254E0,-1.802490E-1
5.372033E0,-4.613634E0,-4.577042E-1
5.376204E0,-4.195376E0,-9.141776E-2
5.380375E0,-4.317535E0,5.347099E-1
5.384546E0,-4.271320E0,-6.846960E-2
5.388717E0,-4.497786E0,1.652906E-1
5.392887E0,-4.797816E0,-3.073157E-1
5.397058E0,-5.238822E0,-9.231524E-1
5.401229E0,-5.138274E0,-1.228917E0
5.405400E0,-5.495270E0,-1.560706E0
5.409571E0,-5.340000E0,-1.306920E0
5.413742E0,-5.719478E0,-6.079992E-1
5.417913E0,-5.479752E0,-7.817833E-1
5.422083E0,-5.493045E0,-5.636475E-1
5.426254E0,-5.355345E0,-5.923574E-1
5.430425E0,-5.279627E0,-7.169919E-1
5.434596E0,-5.050016E0,-6.896996E-1
5.438767E0,-5.197456E0,-8.014149E-1
5.442938E0,-5.546437E0,-7.901935E-1
5.447108E0,-5.753707E0,-1.004019E0
5.451279E0,-6.104067E0,-8.227425E-1
5.455450E0,-5.980727E0,-1.240608E0
5.459621E0,-6.082731E0,-1.376873E0
5.463792E0,-5.952529E0,-1.398994E0
5.467962E0,-5.693822E0,-1.182355E0
5.472133E0,-5.550700E0,-1.322043E0
5.476304E0,-5.857763E0,-1.163809E0
5.480475E0,-5.763569E0,-1.099722E0
5.484646E0,-5.929166E0,-9.497313E-1
5.488817E0,-5.874646E0,-1.182819E0
5.492987E0,-6.126571E0,-1.750174E0
5.497158E0,-6.144254E0,-1.568567E0
5.501329E0,-6.300474E0,-1.806959E0
5.505500E0,-6.166467E0,-1.920723E0
5.509671E0,-6.061350E0,-1.679978E0
5.513842E0,-5.898505E0,-1.674665E0
5.518013E0,-6.049195E0,-1.455919E0
5.522183E0,-5.713297E0,-1.354528E0
5.526354E0,-5.782877E0,-1.511809E0
5.530525E0,-5.974471E0,-1.426240E0
5.534696E0,-6.106853E0,-1.585995E0
5.538867E0,-6.143569E0,-1.407363E0
5.543038E0,-6.381160E0,-1.841239E0
5.547208E0,-6.032683E0,-1.865560E0
5.551379E0,-6.112298E0,-2.249013E0
5.555550E0,-6.115464E0,-2.064003E0
5.559721E0,-6.194298E0,-2.129414E0
5.563892E0,-6.224537E0,-1.750901E0
5.568062E0,-6.004002E0,-1.904362E0
5.572233E0,-6.022091E0,-1.597244E0
5.576404E0,-5.919493E0,-1.438586E0
5.580575E0,-6.277406E0,-1.442889E0
5.584746E0,-6.267561E0,-1.774626E0
5.588917E0,-6.314375E0,-1.811577E0
5.593087E0,-6.312389E0,-1.905949E0
5.597258E0,-6.127501E0,-1.546484E0
5.601429E0,-6.217590E0,-1.785067E0
5.605600E0,-6.154070E0,-1.831911E0
5.609771E0,-6.016467E0,-2.284674E0
5.613942E0,-6.032061E0,-1.835467E0
5.618113E0,-5.876154E0,-1.610755E0
5.622283E0,-6.105593E0,-2.091495E0
5.626454E0,-6.112489E0,-1.916641E0
5.630625E0,-6.126542E0,-1.799558E0
5.634796E0,-6.275071E0,-1.769674E0
5.638967E0,-6.167089E0,-2.014306E0
5.643137E0,-6.129208E0,-2.031113E0
5.647308E0,-6.052949E0,-1.926868E0
5.651479E0,-6.205986E0,-1.858937E0
5.655650E0,-5.895495E0,-1.612008E0
5.659821E0,-6.084389E0,-1.587891E0
5.663992E0,-6.068680E0,-1.536355E0
5.668163E0,-5.981205E0,-1.560053E0
5.672333E0,-6.093721E0,-1.623542E0
5.676504E0,-5.972081E0,-1.935352E0
5.680675E0,-6.314245E0,-1.902448E0
5.684846E0,-6.059417E0,-1.940361E0
5.689017E0,-6.001553E0,-1.682731E0
5.693187E0,-6.305610E0,-1.730789E0
5.697358E0,-6.088877E0,-1.887641E0
5.701529E0,-6.298828E0,-1.949410E0
5.705700E0,-5.929202E0,-1.592464E0
5.709871E0,-6.256233E0,-1.691084E0
5.714042E0,-6.039637E0,-1.634666E0
5.718212E0,-6.210115E0,-1.952028E0
5.722383E0,-6.061066E0,-1.661586E0
5.726554E0,-6.137395E0,-1.670944E0
5.730725E0,-6.098843E0,-1.524937E0
5.734896E0,-6.128066E0,-2.207838E0
5.739067E0,-6.107641E0,-1.830466E0
5.743238E0,-6.074358E0,-1.661844E0
5.747408E0,-6.420444E0,-1.835968E0
5.751579E0,-6.218730E0,-2.013384E0
5.755750E0,-6.260429E0,-1.710503E0
5.759921E0,-6.102003E0,-1.961010E0
5.764092E0,-6.186636E0,-1.639177E0
5.768262E0,-6.035871E0,-1.770844E0
5.772433E0,-6.275559E0,-1.789243E0
5.776604E0,-6.202508E0,-1.835969E0
5.780775E0,-6.220604E0,-1.702829E0
5.784946E0,-6.141876E0,-1.712182E0
5.789117E0,-6.252626E0,-1.573325E0
5.793287E0,-6.106117E0,-1.575595E0
5.797458E0,-6.155435E0,-1.748117E0
5.801629E0,-6.175858E0,-1.871813E0
5.805800E0,-5.954067E0,-1.464576E0
5.809971E0,-6.188400E0,-1.952203E0
5.814142E0,-6.023621E0,-1.669496E0
5.818313E0,-6.077652E0,-1.900106E0
5.822483E0,-6.177698E0,-1.699119E0
5.826654E0,-6.078253E0,-1.845976E0
5.830825E0,-6.102994E0,-1.907688E0
5.834996E0,-6.091401E0,-1.617874E0
5.839167E0,-6.073415E0,-1.812341E0
5.843337E0,-6.191746E0,-1.979613E0
5.847508E0,-6.276901E0,-1.739279E0
5.851679E0,-6.216939E0,-1.577403E0
5.855850E0,-6.270349E0,-1.512625E0
5.860021E0,-6.008239E0,-1.803238E0
5.864192E0,-5.970598E0,-1.312083E0
5.868362E0,-5.935116E0,-1.607906E0
5.872533E0,-6.064116E0,-1.547476E0
5.876704E0,-5.925697E0,-1.632387E0
5.880875E0,-6.132814E0,-1.713153E0
5.885046E0,-6.002559E0,-1.489557E0
5.889217E0,-6.001581E0,-1.589360E0
5.893388E0,-6.222710E0,-1.729021E0
5.897558E0,-6.146003E0,-1.648152E0
5.901729E0,-6.174171E0,-1.681832E0
5.905900E0,-6.019300E0,-1.661020E0
5.910071E0,-5.858093E0,-1.522297E0
5.914242E0,-6.091785E0,-1.651552E0
5.918413E0,-5.953684E0,-1.493740E0
5.922583E0,-6.212314E0,-1.694370E0
5.926754E0,-6.073724E0,-1.493877E0
5.930925E0,-6.164553E0,-1.597377E0
5.935096E0,-6.186748E0,-1.542598E0
5.939267E0,-6.178125E0,-1.384187E0
5.943437E0,-6.194508E0,-1.460331E0
5.947608E0,-6.007581E0,-1.463132E0
5.951779E0,-6.044893E0,-1.320764E0
5.955950E0,-6.031002E0,-1.361329E0
5.960121E0,-6.144011E0,-1.437609E0
5.964292E0,-5.925705E0,-1.361046E0
5.968462E0,-6.267267E0,-1.436555E0
5.972633E0,-6.132885E0,-1.463080E0
5.976804E0,-6.172052E0,-1.547194E0
5.980975E0,-6.164663E0,-1.310973E0
5.985146E0,-6.163948E0,-1.411762E0
5.989317E0,-6.124113E0,-1.655071E0
5.993488E0,-6.241279E0,-1.440385E0
5.997658E0,-5.965482E0,-1.699417E0
6.001829E0,-6.044119E0,-1.341635E0
6.006000E0,-5.971479E0,-1.631874E0
6.010171E0,-6.175910E0,-1.612862E0
6.014342E0,-6.101812E0,-1.739949E0
6.018512E0,-6.341570E0,-1.514733E0
6.022683E0,-6.189656E0,-1.578314E0
6.026854E0,-6.181985E0,-1.771180E0
6.031025E0,-6.039993E0,-1.738181E0
6.035196E0,-5.921901E0,-1.888574E0
6.039367E0,-5.950692E0,-1.411756E0
6.043538E0,-6.327880E0,-1.686253E0
6.047708E0,-5.926694E0,-1.574766E0
6.051879E0,-6.242097E0,-1.611782E0
6.056050E0,-6.220209E0,-1.506633E0
6.060221E0,-6.139051E0,-1.500339E0
6.064392E0,-6.134864E0,-1.496466E0
6.068562E0,-5.975355E0,-1.476357E0
6.072733E0,-6.011633E0,-1.420649E0
6.076904E0,-6.269036E0,-1.670905E0
6.081075E0,-6.246018E0,-1.770531E0
6.085246E0,-6.168187E0,-1.632129E0
6.089417E0,-6.003796E0,-1.476367E0
6.093587E0,-6.099345E0,-1.543080E0
6.097758E0,-6.058018E0,-1.634152E0
6.101929E0,-6.135205E0,-1.370175E0
6.106100E0,-6.182515E0,-1.373657E0
6.110271E0,-6.203865E0,-1.435618E0
6.114442E0,-6.191908E0,-1.529582E0
6.118613E0,-5.929200E0,-1.524845E0
6.122783E0,-6.094365E0,-1.311803E0
6.126954E0,-6.109281E0,-1.611570E0
6.131125E0,-6.049101E0,-1.242193E0
6.135296E0,-6.096741E0,-1.356672E0
6.139467E0,-6.083365E0,-1.199468E0
6.143637E0,-6.051723E0,-9.874431E-1
6.147808E0,-6.010543E0,-6.162622E-1
6.151979E0,-6.204701E0,-4.410806E-1
6.156150E0,-6.209961E0,-1.420066E-1
6.160321E0,-6.463992E0,4.178065E-1
6.164492E0,-6.978208E0,1.184404E0
6.168662E0,-7.115050E0,1.440660E0
6.172833E0,-6.853948E0,1.323181E0
6.177004E0,-6.696552E0,4.622354E-1
6.181175E0,-6.689704E0,-2.743802E-1
6.185346E0,-6.969243E0,-8.118499E-1
6.189517E0,-7.170329E0,-6.424205E-1
6.193688E0,-6.896432E0,-6.348068E-1
6.197858E0,-7.076447E0,-6.823299E-1
6.202029E0,-6.910940E0,-6.537555E-1
6.206200E0,-6.928544E0,-4.541668E-1
6.210371E0,-6.964430E0,-5.092498E-1
6.214542E0,-7.004989E0,-6.558410E-1
6.218712E0,-6.966040E0,-7.477297E-1
6.222883E0,-7.095658E0,-7.151246E-1
6.227054E0,-7.172388E0,-5.868584E-1
6.231225E0,-6.960611E0,-4.829742E-1
6.235396E0,-6.948255E0,-6.004577E-1
6.239567E0,-7.108717E0,-6.263502E-1
6.243737E0,-7.122851E0,-7.964868E-1
6.247908E0,-6.935494E0,-5.719234E-1
6.252079E0,-7.140243E0,-6.997664E-1
6.256250E0,-7.062359E0,-6.222389E-1
6.260421E0,-7.288662E0,-6.820078E-1
6.264592E0,-6.645997E0,-6.254203E-1
6.268763E0,-7.090921E0,-5.886042E-1
6.272933E0,-7.136773E0,-7.899018E-1
6.277104E0,-7.082538E0,-3.680001E-1
6.281275E0,-7.180512E0,-6.986599E-1
6.285446E0,-6.989870E0,-6.161354E-1
6.289617E0,-7.374353E0,-8.819411E-1
6.293788E0,-7.234216E0,-1.006683E0
6.297958E0,-7.224406E0,-7.144082E-1
6.302129E0,-7.006344E0,-5.654227E-1
6.306300E0,-7.183781E0,-7.964165E-1
6.310471E0,-6.995527E0,-6.099952E-1
6.314642E0,-7.191667E0,-5.168931E-1
6.318812E0,-7.105561E0,-8.753116E-1
6.322983E0,-7.133562E0,-5.239033E-1
6.327154E0,-6.962859E0,-7.924591E-1
6.331325E0,-7.126541E0,-6.693576E-1
6.335496E0,-6.859093E0,-9.037902E-1
6.339667E0,-7.044065E0,-5.039545E-1
6.343837E0,-7.150494E0,-6.943986E-1
6.348008E0,-7.119807E0,-4.736467E-1
6.352179E0,-7.260624E0,-4.775504E-1
6.356350E0,-7.179267E0,-3.720921E-1
6.360521E0,-6.994313E0,-4.649732E-1
6.364692E0,-7.180651E0,-4.718849E-1
6.368863E0,-7.105216E0,-4.935564E-1
6.373033E0,-6.945013E0,-4.253846E-1
6.377204E0,-7.002410E0,-5.530207E-1
6.381375E0,-7.110860E0,-5.675952E-1
6.385546E0,-7.083650E0,-4.026102E-1
6.389717E0,-7.065882E0,-6.206968E-1
6.393887E0,-7.022777E0,-4.306801E-1
6.398058E0,-6.962050E0,-4.031189E-1
6.402229E0,-7.196349E0,-6.037066E-1
6.406400E0,-6.991852E0,-3.947721E-1
6.410571E0,-7.149511E0,-5.397790E-1
6.414742E0,-7.078530E0,-4.783476E-1
6.418913E0,-7.109585E0,-4.857333E-1
6.423083E0,-7.057819E0,-4.032597E-1
6.427254E0,-7.422928E0,-6.031309E-1
6.431425E0,-7.002587E0,-3.758798E-1
6.435596E0,-7.313934E0,-5.424933E-1
6.439767E0,-7.250104E0,-5.609099E-1
6.443937E0,-7.391549E0,-5.793242E-1
6.448108E0,-7.060171E0,-4.699811E-1
6.452279E0,-7.137427E0,-5.572647E-1
6.456450E0,-7.060152E0,-3.898930E-1
6.460621E0,-7.260025E0,-4.447348E-1
6.464792E0,-6.994840E0,-4.022288E-1
6.468963E0,-7.088738E0,-3.872986E-1
6.473133E0,-6.945631E0,-4.484320E-1
6.477304E0,-7.312713E0,-6.313895E-1
6.481475E0,-6.966802E0,-3.765185E-1
6.485646E0,-7.127495E0,-3.707660E-1
6.489817E0,-7.173859E0,-5.291709E-1
6.493988E0,-7.246053E0,-4.305880E-1
6.498158E0,-7.193639E0,-4.706572E-1
6.502329E0,-6.973874E0,-5.238936E-1
6.506500E0,-7.225680E0,-4.390829E-1
6.510671E0,-6.963029E0,-5.241212E-1
6.514842E0,-7.072871E0,-5.713650E-1
6.519012E0,-7.011694E0,-5.320989E-1
6.523183E0,-7.206074E0,-4.539417E-1
6.527354E0,-7.062371E0,-5.555000E-1
6.531525E0,-7.174975E0,-3.985676E-1
6.535696E0,-7.099776E0,-4.750794E-1
6.539867E0,-7.250915E0,-7.147964E-1
6.544037E0,-7.246109E0,-5.196419E-1
6.548208E0,-7.195405E0,-5.645097E-1
