,mass A,,
t,x,y,
0.000000E0,2.259870E2,2.847081E1
4.170833E-3,2.100933E2,2.814532E1
8.341667E-3,1.871920E2,2.672501E1
1.251250E-2,1.637898E2,2.741340E1
1.668333E-2,1.373073E2,2.625173E1
2.085417E-2,1.077482E2,2.526861E1
2.502500E-2,7.516365E1,2.257732E1
2.919583E-2,2.491196E1,1.779425E1
3.336667E-2,-6.717820E0,1.425770E1
3.753750E-2,-4.008145E1,1.002726E1
4.170833E-2,-7.130575E1,5.954799E0
4.587917E-2,-1.023493E2,9.668707E-1
5.005000E-2,-1.290795E2,-3.053169E0
5.422083E-2,-1.521145E2,-6.712504E0
5.839167E-2,-1.730382E2,-7.226376E0
6.256250E-2,-1.913544E2,-1.247714E1
6.673333E-2,-2.079888E2,-1.317656E1
7.090417E-2,-2.217833E2,-1.571366E1
7.507500E-2,-2.330520E2,-1.911220E1
7.924583E-2,-2.421877E2,-2.201073E1
8.341667E-2,-2.498440E2,-2.458245E1
8.758750E-2,-2.558322E2,-2.699376E1
9.175833E-2,-2.606932E2,-2.958003E1
9.592917E-2,-2.643293E2,-3.173521E1
1.001000E-1,-2.666791E2,-3.337914E1
1.042708E-1,-2.689524E2,-3.594964E1
1.084417E-1,-2.701461E2,-3.693407E1
1.126125E-1,-2.713009E2,-3.920069E1
1.167833E-1,-2.714951E2,-4.126269E1
1.209542E-1,-2.718365E2,-4.268984E1
1.251250E-1,-2.719871E2,-4.418836E1
1.292958E-1,-2.715456E2,-4.630944E1
1.334667E-1,-2.712439E2,-4.767319E1
1.376375E-1,-2.704603E2,-4.925617E1
1.418083E-1,-2.693208E2,-5.136271E1
1.459792E-1,-2.680927E2,-5.233620E1
1.501500E-1,-2.664035E2,-5.451316E1
1.543208E-1,-2.640060E2,-5.547878E1
1.584917E-1,-2.613836E2,-5.725512E1
1.626625E-1,-2.577010E2,-5.790601E1
1.668333E-1,-2.534932E2,-5.964182E1
1.710042E-1,-2.480690E2,-6.036320E1
1.751750E-1,-2.413724E2,-6.043904E1
1.793458E-1,-2.332168E2,-6.058336E1
1.835167E-1,-2.230877E2,-6.052721E1
1.876875E-1,-2.110445E2,-6.029617E1
1.918583E-1,-1.974332E2,-5.848404E1
1.960292E-1,-1.810880E2,-6.071904E1
2.002000E-1,-1.626729E2,-5.291645E1
2.043708E-1,-1.413401E2,-4.809052E1
2.085417E-1,-1.179057E2,-4.375868E1
2.127125E-1,-9.160016E1,-3.737964E1
2.168833E-1,-6.710437E1,-3.614669E1
2.210542E-1,-3.630614E1,-2.871315E1
2.252250E-1,-6.332811E0,-2.119742E1
2.293958E-1,1.713142E1,-6.609969E0
2.335667E-1,5.005552E1,8.333800E-1
2.377375E-1,8.057198E1,9.628498E0
2.419083E-1,1.099794E2,1.851896E1
2.460792E-1,1.348148E2,3.042159E1
2.502500E-1,1.587770E2,3.642267E1
2.544208E-1,1.801476E2,4.498433E1
2.585917E-1,1.989057E2,5.160662E1
2.627625E-1,2.154416E2,5.846038E1
2.669333E-1,2.304018E2,6.445892E1
2.711042E-1,2.417300E2,7.000895E1
2.752750E-1,2.517170E2,7.473852E1
2.794458E-1,2.596093E2,7.928323E1
2.836167E-1,2.663197E2,8.302878E1
2.877875E-1,2.719056E2,8.657005E1
2.919583E-1,2.760098E2,8.977965E1
2.961292E-1,2.788888E2,9.228471E1
3.003000E-1,2.819338E2,9.484986E1
3.044708E-1,2.839263E2,9.687795E1
3.086417E-1,2.854780E2,9.913859E1
3.128125E-1,2.868542E2,1.006120E2
3.169833E-1,2.873087E2,1.016832E2
3.211542E-1,2.872778E2,1.028923E2
3.253250E-1,2.869069E2,1.040062E2
3.294958E-1,2.861816E2,1.046254E2
3.336667E-1,2.851347E2,1.051896E2
3.378375E-1,2.840809E2,1.055897E2
3.420083E-1,2.819444E2,1.055957E2
3.461792E-1,2.797283E2,1.058707E2
3.503500E-1,2.767672E2,1.054345E2
3.545208E-1,2.731020E2,1.048437E2
3.586917E-1,2.686626E2,1.038488E2
3.628625E-1,2.633084E2,1.023222E2
3.670333E-1,2.566583E2,9.997761E1
3.712042E-1,2.482347E2,9.705125E1
3.753750E-1,2.393551E2,9.449346E1
3.795458E-1,2.281697E2,9.122143E1
3.837167E-1,2.142888E2,8.820056E1
3.878875E-1,1.982820E2,8.302690E1
3.920583E-1,1.797998E2,7.607455E1
3.962292E-1,1.594269E2,6.839353E1
4.004000E-1,1.356272E2,6.125407E1
4.045708E-1,1.114913E2,5.662487E1
4.087417E-1,8.148772E1,4.456926E1
4.129125E-1,5.791136E1,3.556145E1
4.170833E-1,3.587591E1,2.799477E1
4.212542E-1,9.931035E0,1.340245E1
4.254250E-1,-1.757222E1,-9.660901E-2
4.295958E-1,-4.525679E1,-1.436217E1
4.337667E-1,-6.901978E1,-2.638710E1
4.379375E-1,-9.195519E1,-4.038911E1
4.421083E-1,-1.128825E2,-5.177553E1
4.462792E-1,-1.332716E2,-6.086232E1
4.504500E-1,-1.515381E2,-6.998389E1
4.546208E-1,-1.670555E2,-7.690147E1
4.587917E-1,-1.805380E2,-8.361676E1
4.629625E-1,-1.914197E2,-8.939072E1
4.671333E-1,-2.011735E2,-9.391873E1
4.713042E-1,-2.089622E2,-9.813801E1
4.754750E-1,-2.156782E2,-1.008512E2
4.796458E-1,-2.212672E2,-1.039562E2
4.838167E-1,-2.251236E2,-1.059172E2
4.879875E-1,-2.288098E2,-1.072223E2
4.921583E-1,-2.317969E2,-1.082315E2
4.963292E-1,-2.338656E2,-1.090676E2
5.005000E-1,-2.352919E2,-1.102869E2
5.046708E-1,-2.362810E2,-1.106715E2
5.088417E-1,-2.364412E2,-1.112198E2
5.130125E-1,-2.368030E2,-1.108486E2
5.171833E-1,-2.363729E2,-1.112618E2
5.213542E-1,-2.350165E2,-1.111441E2
5.255250E-1,-2.338992E2,-1.104491E2
5.296958E-1,-2.318316E2,-1.099736E2
5.338667E-1,-2.294684E2,-1.094957E2
5.380375E-1,-2.259251E2,-1.080107E2
5.422083E-1,-2.220416E2,-1.062502E2
5.463792E-1,-2.168845E2,-1.042038E2
5.505500E-1,-2.104033E2,-1.020333E2
5.547208E-1,-2.029997E2,-9.838756E1
5.588917E-1,-1.940852E2,-9.431427E1
5.630625E-1,-1.835139E2,-8.949271E1
5.672333E-1,-1.711743E2,-8.385976E1
5.714042E-1,-1.571911E2,-7.653341E1
5.755750E-1,-1.409379E2,-6.944645E1
5.797458E-1,-1.233274E2,-6.078042E1
5.839167E-1,-1.012913E2,-4.871748E1
5.880875E-1,-7.726663E1,-3.931147E1
5.922583E-1,-5.301258E1,-2.945146E1
5.964292E-1,-2.904990E1,-2.230624E1
6.006000E-1,-2.982094E0,-1.023037E1
6.047708E-1,2.497192E1,2.844787E0
6.089417E-1,4.755208E1,1.644401E1
6.131125E-1,7.193435E1,3.039864E1
6.172833E-1,9.366667E1,4.243498E1
6.214542E-1,1.171837E2,5.488277E1
6.256250E-1,1.364260E2,6.513061E1
6.297958E-1,1.560299E2,7.606112E1
6.339667E-1,1.727855E2,8.402779E1
6.381375E-1,1.875310E2,9.182830E1
6.423083E-1,2.013673E2,9.812464E1
6.464792E-1,2.126166E2,1.030892E2
6.506500E-1,2.218316E2,1.071666E2
6.548208E-1,2.296637E2,1.108651E2
6.589917E-1,2.368389E2,1.144686E2
6.631625E-1,2.422685E2,1.169048E2
6.673333E-1,2.463338E2,1.189965E2
6.715042E-1,2.496883E2,1.209018E2
6.756750E-1,2.525221E2,1.222769E2
6.798458E-1,2.545852E2,1.230488E2
6.840167E-1,2.559931E2,1.232903E2
6.881875E-1,2.569143E2,1.235742E2
6.923583E-1,2.573927E2,1.235829E2
6.965292E-1,2.568788E2,1.230573E2
7.007000E-1,2.559064E2,1.225436E2
7.048708E-1,2.546529E2,1.215001E2
7.090417E-1,2.525203E2,1.203608E2
7.132125E-1,2.498450E2,1.184607E2
7.173833E-1,2.460422E2,1.161099E2
7.215542E-1,2.408938E2,1.131595E2
7.257250E-1,2.351388E2,1.097715E2
7.298958E-1,2.284555E2,1.057520E2
7.340667E-1,2.200906E2,1.013417E2
7.382375E-1,2.096032E2,9.602897E1
7.424083E-1,1.978299E2,9.032746E1
7.465792E-1,1.846968E2,8.370413E1
7.507500E-1,1.689170E2,7.566749E1
7.549208E-1,1.507103E2,6.729482E1
7.590917E-1,1.301971E2,5.635464E1
7.632625E-1,1.076575E2,4.645788E1
7.674333E-1,9.743568E1,3.424063E1
7.716042E-1,7.149743E1,2.117500E1
7.757750E-1,4.768584E1,9.017055E0
7.799458E-1,2.123489E1,-4.173906E0
7.841167E-1,-4.992104E0,-1.526459E1
7.882875E-1,-3.176544E1,-2.743700E1
7.924583E-1,-5.509579E1,-3.704793E1
7.966292E-1,-7.804736E1,-4.686132E1
8.008000E-1,-9.752717E1,-5.480296E1
8.049708E-1,-1.181120E2,-6.313311E1
8.091417E-1,-1.349793E2,-7.073510E1
8.133125E-1,-1.497081E2,-7.635355E1
8.174833E-1,-1.639056E2,-8.071699E1
8.216542E-1,-1.750536E2,-8.546631E1
8.258250E-1,-1.852181E2,-8.952636E1
8.299958E-1,-1.929949E2,-9.278367E1
8.341667E-1,-1.998788E2,-9.580861E1
8.383375E-1,-2.055269E2,-9.804400E1
8.425083E-1,-2.097559E2,-9.922822E1
8.466792E-1,-2.139683E2,-1.005272E2
8.508500E-1,-2.169985E2,-1.012059E2
8.550208E-1,-2.187067E2,-1.017433E2
8.591917E-1,-2.205220E2,-1.024950E2
8.633625E-1,-2.210567E2,-1.022714E2
8.675333E-1,-2.212961E2,-1.024556E2
8.717042E-1,-2.205390E2,-1.021516E2
8.758750E-1,-2.194789E2,-1.013853E2
8.800458E-1,-2.178357E2,-1.003301E2
8.842167E-1,-2.152831E2,-9.942551E1
8.883875E-1,-2.116898E2,-9.778625E1
8.925583E-1,-2.078485E2,-9.602207E1
8.967292E-1,-2.025177E2,-9.391279E1
9.009000E-1,-1.959635E2,-9.133452E1
9.050708E-1,-1.884516E2,-8.803780E1
9.092417E-1,-1.799088E2,-8.472638E1
9.134125E-1,-1.693486E2,-8.020948E1
9.175833E-1,-1.574856E2,-7.516281E1
9.217542E-1,-1.437082E2,-6.939244E1
9.259250E-1,-1.277029E2,-6.276976E1
9.300958E-1,-1.101495E2,-5.524582E1
9.342667E-1,-9.021093E1,-4.703401E1
9.384375E-1,-6.956918E1,-3.793724E1
9.426083E-1,-4.612765E1,-2.828450E1
9.467792E-1,-2.000279E1,-1.716419E1
9.509500E-1,3.910732E0,-6.827398E0
9.551208E-1,3.025270E1,4.880043E0
9.592917E-1,5.382997E1,1.605294E1
9.634625E-1,7.897786E1,2.771752E1
9.676333E-1,1.006356E2,3.792388E1
9.718042E-1,1.201088E2,4.695159E1
9.759750E-1,1.395357E2,5.606139E1
9.801458E-1,1.566653E2,6.412005E1
9.843167E-1,1.716121E2,7.107094E1
9.884875E-1,1.860338E2,7.760349E1
9.926583E-1,1.965919E2,8.318761E1
9.968292E-1,2.062991E2,8.794714E1
1.001000E0,2.148946E2,9.216164E1
1.005171E0,2.222731E2,9.575818E1
1.009342E0,2.281038E2,9.877578E1
1.013513E0,2.328205E2,1.010706E2
1.017683E0,2.365672E2,1.030218E2
1.021854E0,2.396955E2,1.041891E2
1.026025E0,2.419395E2,1.052186E2
1.030196E0,2.436088E2,1.057891E2
1.034367E0,2.441774E2,1.058813E2
1.038537E0,2.439950E2,1.059364E2
1.042708E0,2.434594E2,1.055686E2
1.046879E0,2.420817E2,1.045349E2
1.051050E0,2.399226E2,1.034348E2
1.055221E0,2.363820E2,1.016884E2
1.059392E0,2.320455E2,9.945212E1
1.063562E0,2.266782E2,9.686525E1
1.067733E0,2.202937E2,9.335844E1
1.071904E0,2.127938E2,8.992527E1
1.076075E0,2.031763E2,8.513285E1
1.080246E0,1.923269E2,7.975022E1
1.084417E0,1.794756E2,7.411447E1
1.088588E0,1.638345E2,6.692519E1
1.092758E0,1.487156E2,5.983538E1
1.096929E0,1.315226E2,5.163450E1
1.101100E0,1.110507E2,4.139251E1
1.105271E0,1.009222E2,3.481919E1
1.109442E0,7.920913E1,2.480060E1
1.113612E0,5.554353E1,1.412265E1
1.117783E0,2.882558E1,2.149916E0
1.121954E0,4.433206E0,-7.966483E0
1.126125E0,-2.051115E1,-1.803319E1
1.130296E0,-4.411281E1,-2.717593E1
1.134467E0,-6.708337E1,-3.622097E1
1.138637E0,-8.919912E1,-4.429421E1
1.142808E0,-1.071362E2,-5.043433E1
1.146979E0,-1.257088E2,-5.785722E1
1.151150E0,-1.414816E2,-6.371726E1
1.155321E0,-1.540537E2,-6.795384E1
1.159492E0,-1.654042E2,-7.193320E1
1.163662E0,-1.753930E2,-7.594128E1
1.167833E0,-1.834491E2,-7.912619E1
1.172004E0,-1.906352E2,-8.212267E1
1.176175E0,-1.964735E2,-8.403327E1
1.180346E0,-2.010781E2,-8.620929E1
1.184517E0,-2.048540E2,-8.756209E1
1.188687E0,-2.076181E2,-8.898957E1
1.192858E0,-2.098275E2,-8.986257E1
1.197029E0,-2.105450E2,-9.022225E1
1.201200E0,-2.109938E2,-9.077951E1
1.205371E0,-2.105290E2,-9.096145E1
1.209542E0,-2.094327E2,-9.072306E1
1.213713E0,-2.070107E2,-9.062314E1
1.217883E0,-2.046148E2,-9.024754E1
1.222054E0,-2.008561E2,-8.902759E1
1.226225E0,-1.960667E2,-8.800605E1
1.230396E0,-1.902456E2,-8.621225E1
1.234567E0,-1.834056E2,-8.396572E1
1.238738E0,-1.749632E2,-8.168709E1
1.242908E0,-1.653683E2,-7.798406E1
1.247079E0,-1.547658E2,-7.513998E1
1.251250E0,-1.420114E2,-7.089884E1
1.255421E0,-1.278029E2,-6.610029E1
1.259592E0,-1.109527E2,-5.994235E1
1.263763E0,-9.321314E1,-5.382285E1
1.267933E0,-7.252337E1,-4.592283E1
1.272104E0,-5.040408E1,-3.781873E1
1.276275E0,-2.761204E1,-2.922804E1
1.280446E0,-1.096239E0,-1.811380E1
1.284617E0,2.409256E1,-7.074634E0
1.288787E0,4.734674E1,3.849551E0
1.292958E0,6.951672E1,1.509059E1
1.297129E0,9.077633E1,2.584438E1
1.301300E0,1.104437E2,3.621335E1
1.305471E0,1.288990E2,4.590191E1
1.309642E0,1.465441E2,5.598543E1
1.313813E0,1.596458E2,6.314997E1
1.317983E0,1.725466E2,7.085474E1
1.322154E0,1.841994E2,7.745730E1
1.326325E0,1.937530E2,8.405602E1
1.330496E0,2.016089E2,8.905824E1
1.334667E0,2.085098E2,9.395580E1
1.338838E0,2.145614E2,9.820493E1
1.343008E0,2.191538E2,1.018453E2
1.347179E0,2.229616E2,1.048758E2
1.351350E0,2.255535E2,1.073279E2
1.355521E0,2.272816E2,1.092207E2
1.359692E0,2.285418E2,1.107744E2
1.363862E0,2.287465E2,1.117946E2
1.368033E0,2.284280E2,1.125107E2
1.372204E0,2.272882E2,1.129802E2
1.376375E0,2.250016E2,1.122777E2
1.380546E0,2.218300E2,1.114243E2
1.384717E0,2.178676E2,1.101207E2
1.388888E0,2.132168E2,1.081770E2
1.393058E0,2.074873E2,1.056224E2
1.397229E0,2.003711E2,1.025507E2
1.401400E0,1.923056E2,9.869028E1
1.405571E0,1.825418E2,9.401633E1
1.409742E0,1.723379E2,8.860053E1
1.413912E0,1.588097E2,8.202132E1
1.418083E0,1.451027E2,7.460724E1
1.422254E0,1.302457E2,6.683637E1
1.426425E0,1.148805E2,5.894057E1
1.430596E0,9.646264E1,4.913043E1
1.434767E0,7.656541E1,3.799848E1
1.438937E0,5.454091E1,2.605135E1
1.443108E0,3.279562E1,1.387413E1
1.447279E0,8.595926E0,2.162922E-1
1.451450E0,-1.435359E1,-1.292477E1
1.455621E0,-3.687343E1,-2.625242E1
1.459792E0,-5.712078E1,-3.803722E1
1.463963E0,-7.696604E1,-5.003334E1
1.468133E0,-9.247629E1,-5.893870E1
1.472304E0,-1.083276E2,-6.891777E1
1.476475E0,-1.221803E2,-7.792337E1
1.480646E0,-1.336303E2,-8.526129E1
1.484817E0,-1.439763E2,-9.207702E1
1.488987E0,-1.529283E2,-9.822852E1
1.493158E0,-1.601768E2,-1.030729E2
1.497329E0,-1.661407E2,-1.074075E2
1.501500E0,-1.711370E2,-1.111817E2
1.505671E0,-1.750867E2,-1.140799E2
1.509842E0,-1.784305E2,-1.168303E2
1.514012E0,-1.803071E2,-1.188458E2
1.518183E0,-1.819295E2,-1.208067E2
1.522354E0,-1.824386E2,-1.217249E2
1.526525E0,-1.820535E2,-1.223839E2
1.530696E0,-1.811001E2,-1.226811E2
1.534867E0,-1.793559E2,-1.221700E2
1.539037E0,-1.767534E2,-1.214353E2
1.543208E0,-1.735564E2,-1.198209E2
1.547379E0,-1.690973E2,-1.182456E2
1.551550E0,-1.641591E2,-1.159830E2
1.555721E0,-1.578761E2,-1.130966E2
1.559892E0,-1.506228E2,-1.094802E2
1.564062E0,-1.423993E2,-1.048011E2
1.568233E0,-1.330969E2,-9.987311E1
1.572404E0,-1.220372E2,-9.391225E1
1.576575E0,-1.078539E2,-8.553082E1
1.580746E0,-9.341715E1,-7.693877E1
1.584917E0,-7.724206E1,-6.706649E1
1.589087E0,-6.043477E1,-5.683557E1
1.593258E0,-4.138966E1,-4.487010E1
1.597429E0,-2.036332E1,-3.104721E1
1.601600E0,7.046591E-1,-1.703418E1
1.605771E0,2.233194E1,-2.515324E0
1.609942E0,4.313032E1,1.358709E1
1.614113E0,6.184810E1,2.892330E1
1.618283E0,7.970589E1,4.294213E1
1.622454E0,9.618468E1,5.565458E1
1.626625E0,1.118307E2,6.879218E1
1.630796E0,1.246827E2,7.917726E1
1.634967E0,1.379148E2,8.973848E1
1.639138E0,1.489213E2,9.875056E1
1.643308E0,1.578643E2,1.059749E2
1.647479E0,1.668094E2,1.130580E2
1.651650E0,1.742028E2,1.187682E2
1.655821E0,1.800042E2,1.239032E2
1.659992E0,1.851795E2,1.279621E2
1.664163E0,1.889549E2,1.312242E2
1.668333E0,1.926453E2,1.339480E2
1.672504E0,1.948441E2,1.359105E2
1.676675E0,1.966405E2,1.373568E2
1.680846E0,1.974784E2,1.382414E2
1.685017E0,1.978298E2,1.383849E2
1.689188E0,1.972870E2,1.379986E2
1.693358E0,1.954912E2,1.368618E2
1.697529E0,1.930365E2,1.349614E2
1.701700E0,1.897841E2,1.322494E2
1.705871E0,1.856179E2,1.289541E2
1.710042E0,1.807162E2,1.251074E2
1.714213E0,1.744553E2,1.201155E2
1.718383E0,1.670713E2,1.139715E2
1.722554E0,1.596728E2,1.078397E2
1.726725E0,1.493792E2,9.941297E1
1.730896E0,1.389775E2,9.179482E1
1.735067E0,1.262172E2,8.161983E1
1.739237E0,1.135568E2,7.200815E1
1.743408E0,9.817887E1,5.971903E1
1.747579E0,8.157735E1,4.704119E1
1.751750E0,6.464112E1,3.394515E1
1.755921E0,4.554146E1,1.906124E1
1.760092E0,2.491167E1,2.880521E0
1.764263E0,3.681980E0,-1.192818E1
1.768433E0,-1.638929E1,-2.602211E1
1.772604E0,-3.628392E1,-3.988209E1
1.776775E0,-5.391307E1,-5.219108E1
1.780946E0,-7.017998E1,-6.299581E1
1.785117E0,-8.514092E1,-7.319736E1
1.789288E0,-9.806941E1,-8.205109E1
1.793458E0,-1.099827E2,-9.024910E1
1.797629E0,-1.203132E2,-9.711432E1
1.801800E0,-1.290321E2,-1.032804E2
1.805971E0,-1.370936E2,-1.085265E2
1.810142E0,-1.440243E2,-1.130430E2
1.814312E0,-1.500196E2,-1.168218E2
1.818483E0,-1.543849E2,-1.192209E2
1.822654E0,-1.579458E2,-1.216949E2
1.826825E0,-1.611616E2,-1.229952E2
1.830996E0,-1.631312E2,-1.239877E2
1.835167E0,-1.641905E2,-1.246214E2
1.839338E0,-1.644311E2,-1.242150E2
1.843508E0,-1.636663E2,-1.236723E2
1.847679E0,-1.628317E2,-1.223361E2
1.851850E0,-1.605251E2,-1.200464E2
1.856021E0,-1.578638E2,-1.180191E2
1.860192E0,-1.541009E2,-1.150232E2
1.864362E0,-1.491372E2,-1.110687E2
1.868533E0,-1.433343E2,-1.067232E2
1.872704E0,-1.361769E2,-1.012642E2
1.876875E0,-1.279668E2,-9.559359E1
1.881046E0,-1.187235E2,-8.925723E1
1.885217E0,-1.078930E2,-8.119942E1
1.889387E0,-9.519207E1,-7.209272E1
1.893558E0,-8.071678E1,-6.233856E1
1.897729E0,-6.647359E1,-5.188431E1
1.901900E0,-5.055034E1,-4.079519E1
1.906071E0,-3.156774E1,-2.783560E1
1.910242E0,-1.098449E1,-1.424206E1
1.914413E0,7.175250E0,-2.247788E0
1.918583E0,2.994747E1,1.291612E1
1.922754E0,4.686995E1,2.389074E1
1.926925E0,6.668705E1,3.699956E1
1.931096E0,8.390353E1,4.795087E1
1.935267E0,1.009746E2,5.879447E1
1.939437E0,1.154384E2,6.813302E1
1.943608E0,1.298201E2,7.682649E1
1.947779E0,1.416103E2,8.400120E1
1.951950E0,1.530204E2,9.067452E1
1.956121E0,1.619271E2,9.580068E1
1.960292E0,1.705802E2,1.008416E2
1.964463E0,1.765093E2,1.042159E2
1.968633E0,1.825442E2,1.071760E2
1.972804E0,1.878621E2,1.097260E2
1.976975E0,1.918263E2,1.114752E2
1.981146E0,1.945774E2,1.127253E2
1.985317E0,1.964103E2,1.127842E2
1.989487E0,1.973900E2,1.128048E2
1.993658E0,1.976993E2,1.124842E2
1.997829E0,1.967073E2,1.111418E2
2.002000E0,1.948535E2,1.091886E2
2.006171E0,1.925124E2,1.068675E2
2.010342E0,1.888208E2,1.034851E2
2.014512E0,1.843303E2,9.982239E1
2.018683E0,1.786011E2,9.572963E1
2.022854E0,1.723067E2,9.059095E1
2.027025E0,1.639064E2,8.459580E1
2.031196E0,1.538800E2,7.792981E1
2.035367E0,1.420329E2,6.982360E1
2.039538E0,1.286598E2,6.109532E1
2.043708E0,1.148173E2,5.188169E1
2.047879E0,9.764824E1,4.112538E1
2.052050E0,8.017235E1,2.982657E1
2.056221E0,6.254675E1,1.909312E1
2.060392E0,4.581614E1,8.883111E0
2.064563E0,2.587291E1,-2.242717E0
2.068733E0,3.315238E0,-1.418890E1
2.072904E0,-1.747913E1,-2.395118E1
2.077075E0,-3.749600E1,-3.294917E1
2.081246E0,-5.689291E1,-4.213811E1
2.085417E0,-7.329393E1,-4.916257E1
2.089587E0,-8.931876E1,-5.595609E1
2.093758E0,-1.047453E2,-6.316811E1
2.097929E0,-1.166101E2,-6.837731E1
2.102100E0,-1.283334E2,-7.296960E1
2.106271E0,-1.373374E2,-7.693143E1
2.110442E0,-1.450198E2,-8.036188E1
2.114613E0,-1.524356E2,-8.381144E1
2.118783E0,-1.578955E2,-8.650872E1
2.122954E0,-1.626204E2,-8.866110E1
2.127125E0,-1.663771E2,-8.980024E1
2.131296E0,-1.690180E2,-9.107002E1
2.135467E0,-1.703285E2,-9.114104E1
2.139637E0,-1.710728E2,-9.175161E1
2.143808E0,-1.709657E2,-9.179744E1
2.147979E0,-1.694946E2,-9.083989E1
2.152150E0,-1.671895E2,-8.983115E1
2.156321E0,-1.635641E2,-8.789804E1
2.160492E0,-1.590624E2,-8.600694E1
2.164662E0,-1.533501E2,-8.307981E1
2.168833E0,-1.472073E2,-8.076924E1
2.173004E0,-1.390637E2,-7.724445E1
2.177175E0,-1.300266E2,-7.306953E1
2.181346E0,-1.190876E2,-6.810999E1
2.185517E0,-1.076057E2,-6.320875E1
2.189687E0,-9.302890E1,-5.623849E1
2.193858E0,-7.797278E1,-4.922539E1
2.198029E0,-6.114835E1,-4.106915E1
2.202200E0,-4.142629E1,-3.199069E1
2.206371E0,-2.243113E1,-2.289401E1
2.210542E0,-1.607347E0,-1.331488E1
2.214713E0,1.901953E1,-3.165118E0
2.218883E0,4.099391E1,8.829118E0
2.223054E0,5.943196E1,1.917444E1
2.227225E0,7.755503E1,2.910354E1
2.231396E0,9.484609E1,3.872323E1
2.235567E0,1.093745E2,4.665186E1
2.239738E0,1.228478E2,5.486892E1
2.243908E0,1.351494E2,6.174531E1
2.248079E0,1.453283E2,6.788795E1
2.252250E0,1.551195E2,7.372409E1
2.256421E0,1.634640E2,7.924177E1
2.260592E0,1.711439E2,8.353882E1
2.264762E0,1.770000E2,8.745765E1
2.268933E0,1.816611E2,9.067702E1
2.273104E0,1.851400E2,9.281712E1
2.277275E0,1.879593E2,9.476945E1
2.281446E0,1.895591E2,9.597407E1
2.285617E0,1.898865E2,9.628228E1
2.289788E0,1.895202E2,9.623220E1
2.293958E0,1.884651E2,9.587758E1
2.298129E0,1.861516E2,9.462418E1
2.302300E0,1.829261E2,9.289605E1
2.306471E0,1.786889E2,9.053762E1
2.310642E0,1.735327E2,8.763104E1
2.314812E0,1.666402E2,8.400442E1
2.318983E0,1.595223E2,7.980009E1
2.323154E0,1.493018E2,7.387806E1
2.327325E0,1.386032E2,6.812946E1
2.331496E0,1.278181E2,6.192837E1
2.335667E0,1.149498E2,5.476590E1
2.339838E0,1.005919E2,4.690608E1
2.344008E0,8.343509E1,3.718440E1
2.348179E0,6.586643E1,2.707546E1
2.352350E0,4.781980E1,1.685878E1
2.356521E0,2.666580E1,5.116074E0
2.360692E0,5.790832E0,-5.944009E0
2.364863E0,-1.458541E1,-1.582686E1
2.369033E0,-3.405151E1,-2.601926E1
2.373204E0,-5.200806E1,-3.516314E1
2.377375E0,-6.820329E1,-4.303547E1
2.381546E0,-8.240698E1,-4.996028E1
2.385717E0,-9.638012E1,-5.686290E1
2.389887E0,-1.083347E2,-6.294017E1
2.394058E0,-1.183775E2,-6.787499E1
2.398229E0,-1.278362E2,-7.326263E1
2.402400E0,-1.355571E2,-7.681205E1
2.406571E0,-1.423777E2,-8.092590E1
2.410742E0,-1.476031E2,-8.443629E1
2.414912E0,-1.522012E2,-8.680407E1
2.419083E0,-1.551560E2,-8.892368E1
2.423254E0,-1.569142E2,-9.057135E1
2.427425E0,-1.579658E2,-9.133562E1
2.431596E0,-1.581173E2,-9.195223E1
2.435767E0,-1.569077E2,-9.213486E1
2.439938E0,-1.551198E2,-9.194046E1
2.444108E0,-1.520899E2,-9.093505E1
2.448279E0,-1.474590E2,-8.906831E1
2.452450E0,-1.419038E2,-8.741381E1
2.456621E0,-1.360200E2,-8.511123E1
2.460792E0,-1.285167E2,-8.177105E1
2.464962E0,-1.193153E2,-7.799988E1
2.469133E0,-1.095006E2,-7.381206E1
2.473304E0,-9.812693E1,-6.898584E1
2.477475E0,-8.419040E1,-6.210169E1
2.481646E0,-7.094113E1,-5.601507E1
2.485817E0,-5.484956E1,-4.812653E1
2.489988E0,-3.749708E1,-3.888856E1
2.494158E0,-1.726877E1,-2.807129E1
2.498329E0,2.477424E0,-1.694322E1
2.502500E0,2.242316E1,-4.837587E0
2.506671E0,4.102126E1,6.843686E0
2.510842E0,5.801291E1,1.881283E1
2.515012E0,7.474648E1,3.091035E1
2.519183E0,8.895530E1,4.083893E1
2.523354E0,1.025794E2,5.103374E1
2.527525E0,1.147014E2,6.003237E1
2.531696E0,1.259935E2,6.870629E1
2.535867E0,1.360186E2,7.642320E1
2.540037E0,1.439606E2,8.263988E1
2.544208E0,1.514777E2,8.918838E1
2.548379E0,1.575706E2,9.403389E1
2.552550E0,1.624510E2,9.807861E1
2.556721E0,1.661799E2,1.007821E2
2.560892E0,1.689948E2,1.036562E2
2.565062E0,1.707269E2,1.058063E2
2.569233E0,1.718951E2,1.069006E2
2.573404E0,1.717769E2,1.074546E2
2.577575E0,1.708189E2,1.076492E2
2.581746E0,1.688861E2,1.066421E2
2.585917E0,1.659752E2,1.049552E2
2.590088E0,1.619986E2,1.025807E2
2.594258E0,1.574151E2,1.000517E2
2.598429E0,1.514447E2,9.609696E1
2.602600E0,1.448991E2,9.131414E1
2.606771E0,1.365827E2,8.608153E1
2.610942E0,1.267810E2,7.921480E1
2.615113E0,1.162130E2,7.173525E1
2.619283E0,1.046195E2,6.391588E1
2.623454E0,9.179174E1,5.491202E1
2.627625E0,7.699216E1,4.390328E1
2.631796E0,6.115037E1,3.256464E1
2.635967E0,4.394601E1,2.006215E1
2.640137E0,2.546016E1,7.028268E0
2.644308E0,6.946730E0,-5.985455E0
2.648479E0,-1.100132E1,-1.812924E1
2.652650E0,-2.861974E1,-3.020846E1
2.656821E0,-4.423530E1,-4.004106E1
2.660992E0,-5.843220E1,-4.980711E1
2.665163E0,-7.154221E1,-5.873756E1
2.669333E0,-8.350590E1,-6.676814E1
2.673504E0,-9.296638E1,-7.331521E1
2.677675E0,-1.008430E2,-7.861520E1
2.681846E0,-1.092241E2,-8.400199E1
2.686017E0,-1.169178E2,-9.036574E1
2.690187E0,-1.225582E2,-9.372758E1
2.694358E0,-1.260514E2,-9.644683E1
2.698529E0,-1.298769E2,-9.936708E1
2.702700E0,-1.320726E2,-1.006277E2
2.706871E0,-1.341041E2,-1.019919E2
2.711042E0,-1.350132E2,-1.027988E2
2.715213E0,-1.342521E2,-1.020602E2
2.719383E0,-1.328453E2,-1.016114E2
2.723554E0,-1.301067E2,-9.962346E1
2.727725E0,-1.270007E2,-9.728073E1
2.731896E0,-1.221704E2,-9.357018E1
2.736067E0,-1.170378E2,-9.029738E1
2.740238E0,-1.101469E2,-8.530389E1
2.744408E0,-1.031255E2,-8.091627E1
2.748579E0,-9.415958E1,-7.495721E1
2.752750E0,-8.298542E1,-6.728577E1
2.756921E0,-7.233574E1,-5.984682E1
2.761092E0,-5.930612E1,-5.090663E1
2.765262E0,-4.504354E1,-4.123580E1
2.769433E0,-3.036456E1,-3.094495E1
2.773604E0,-1.318043E1,-1.913150E1
2.777775E0,4.036273E0,-7.117881E0
2.781946E0,2.100745E1,4.892901E0
2.786117E0,3.854100E1,1.826694E1
2.790287E0,5.460661E1,3.013366E1
2.794458E0,6.969200E1,4.102986E1
2.798629E0,8.339860E1,5.050013E1
2.802800E0,9.560788E1,6.016307E1
2.806971E0,1.070055E2,6.793846E1
2.811142E0,1.175952E2,7.592408E1
2.815313E0,1.266209E2,8.211482E1
2.819483E0,1.341849E2,8.675982E1
2.823654E0,1.411225E2,9.148792E1
2.827825E0,1.464865E2,9.519935E1
2.831996E0,1.512109E2,9.747456E1
2.836167E0,1.547578E2,9.973957E1
2.840337E0,1.574064E2,1.005921E2
2.844508E0,1.588256E2,1.012627E2
2.848679E0,1.597553E2,1.011280E2
2.852850E0,1.594360E2,1.002459E2
2.857021E0,1.586876E2,9.879062E1
2.861192E0,1.567386E2,9.652467E1
2.865363E0,1.536210E2,9.364347E1
2.869533E0,1.488070E2,8.917580E1
2.873704E0,1.437705E2,8.463177E1
2.877875E0,1.370936E2,7.885922E1
2.882046E0,1.294844E2,7.321657E1
2.886217E0,1.207372E2,6.606477E1
2.890387E0,1.106942E2,5.811256E1
2.894558E0,9.965430E1,5.001054E1
2.898729E0,8.657736E1,4.003920E1
2.902900E0,7.280054E1,2.986956E1
2.907071E0,5.733852E1,1.865997E1
2.911242E0,3.971210E1,7.079035E0
2.915412E0,2.122709E1,-5.075855E0
2.919583E0,3.283993E0,-1.535270E1
2.923754E0,-1.527916E1,-2.489207E1
2.927925E0,-3.227803E1,-3.383219E1
2.932096E0,-4.713340E1,-4.120551E1
2.936267E0,-6.138955E1,-4.802728E1
2.940437E0,-7.509459E1,-5.500888E1
2.944608E0,-8.763485E1,-6.107358E1
2.948779E0,-9.725414E1,-6.515847E1
2.952950E0,-1.059330E2,-6.932579E1
2.957121E0,-1.137750E2,-7.323396E1
2.961292E0,-1.201326E2,-7.598176E1
2.965463E0,-1.251353E2,-7.823668E1
2.969633E0,-1.290987E2,-7.997998E1
2.973804E0,-1.318955E2,-8.127476E1
2.977975E0,-1.339660E2,-8.194652E1
2.982146E0,-1.349817E2,-8.200124E1
2.986317E0,-1.350937E2,-8.175724E1
2.990487E0,-1.333996E2,-8.017907E1
2.994658E0,-1.314306E2,-7.876490E1
2.998829E0,-1.271164E2,-7.645516E1
3.003000E0,-1.231363E2,-7.411485E1
3.007171E0,-1.173238E2,-7.081916E1
3.011342E0,-1.098073E2,-6.725548E1
3.015512E0,-1.012391E2,-6.211016E1
3.019683E0,-9.173424E1,-5.745060E1
3.023854E0,-8.188403E1,-5.208126E1
3.028025E0,-6.894106E1,-4.520884E1
3.032196E0,-5.537764E1,-3.797005E1
3.036367E0,-4.001952E1,-3.019600E1
3.040538E0,-2.295625E1,-2.126012E1
3.044708E0,-3.559395E0,-1.085622E1
3.048879E0,1.384180E1,-2.032399E0
3.053050E0,3.199880E1,7.671606E0
3.057221E0,4.850036E1,1.723489E1
3.061392E0,6.437372E1,2.562886E1
3.065562E0,7.855845E1,3.403754E1
3.069733E0,9.207839E1,4.139806E1
3.073904E0,1.038120E2,4.868808E1
3.078075E0,1.138125E2,5.410165E1
3.082246E0,1.228988E2,5.900926E1
3.086417E0,1.312586E2,6.351032E1
3.090588E0,1.381788E2,6.781045E1
3.094758E0,1.444277E2,7.196784E1
3.098929E0,1.486992E2,7.406044E1
3.103100E0,1.528419E2,7.653558E1
3.107271E0,1.551709E2,7.763150E1
3.111442E0,1.565971E2,7.876509E1
3.115613E0,1.567556E2,7.887164E1
3.119783E0,1.557330E2,7.806090E1
3.123954E0,1.540724E2,7.680002E1
3.128125E0,1.508645E2,7.487634E1
3.132296E0,1.469973E2,7.244315E1
3.136467E0,1.418931E2,6.944485E1
3.140637E0,1.354792E2,6.614414E1
3.144808E0,1.280805E2,6.149377E1
3.148979E0,1.185932E2,5.600664E1
3.153150E0,1.086278E2,5.015299E1
3.157321E0,9.666547E1,4.327961E1
3.161492E0,8.404770E1,3.570946E1
3.165662E0,7.004576E1,2.789000E1
3.169833E0,5.437980E1,1.889638E1
3.174004E0,3.752156E1,1.011758E1
3.178175E0,1.860647E1,7.748606E-2
3.182346E0,7.453100E-1,-8.319301E0
3.186517E0,-1.805342E1,-1.692058E1
3.190688E0,-3.432904E1,-2.434215E1
3.194858E0,-5.001603E1,-3.092809E1
3.199029E0,-6.407499E1,-3.735279E1
3.203200E0,-7.635686E1,-4.228065E1
3.207371E0,-8.775059E1,-4.733673E1
3.211542E0,-9.749526E1,-5.105242E1
3.215712E0,-1.061386E2,-5.507315E1
3.219883E0,-1.138421E2,-5.886586E1
3.224054E0,-1.188011E2,-6.154291E1
3.228225E0,-1.237396E2,-6.348660E1
3.232396E0,-1.272461E2,-6.510063E1
3.236567E0,-1.291986E2,-6.623377E1
3.240738E0,-1.299502E2,-6.738453E1
3.244908E0,-1.301406E2,-6.774730E1
3.249079E0,-1.289827E2,-6.776361E1
3.253250E0,-1.264175E2,-6.690151E1
3.257421E0,-1.225794E2,-6.594111E1
3.261592E0,-1.183180E2,-6.479350E1
3.265763E0,-1.123561E2,-6.277247E1
3.269933E0,-1.043767E2,-6.002139E1
3.274104E0,-9.610569E1,-5.698687E1
3.278275E0,-8.590604E1,-5.335561E1
3.282446E0,-7.534535E1,-4.888139E1
3.286617E0,-6.251202E1,-4.391015E1
3.290787E0,-4.805044E1,-3.826675E1
3.294958E0,-3.207900E1,-3.111291E1
3.299129E0,-1.607036E1,-2.399604E1
3.303300E0,2.550598E0,-1.486089E1
3.307471E0,2.044287E1,-5.724664E0
3.311642E0,3.772515E1,4.142459E0
3.315812E0,5.362115E1,1.420729E1
3.319983E0,6.793268E1,2.298211E1
3.324154E0,8.150956E1,3.212477E1
3.328325E0,9.334343E1,4.046244E1
3.332496E0,1.036675E2,4.713368E1
3.336667E0,1.127016E2,5.323626E1
3.340838E0,1.209147E2,5.902873E1
3.345008E0,1.276787E2,6.398031E1
3.349179E0,1.336335E2,6.901801E1
3.353350E0,1.380529E2,7.203161E1
3.357521E0,1.415879E2,7.628039E1
3.361692E0,1.439477E2,7.811175E1
3.365862E0,1.451255E2,7.969800E1
3.370033E0,1.457619E2,8.132613E1
3.374204E0,1.445961E2,8.172481E1
3.378375E0,1.424231E2,8.116285E1
3.382546E0,1.395190E2,8.004511E1
3.386717E0,1.351539E2,7.787438E1
3.390888E0,1.297114E2,7.508950E1
3.395058E0,1.235934E2,7.156059E1
3.399229E0,1.159507E2,6.753609E1
3.403400E0,1.075104E2,6.308433E1
3.407571E0,9.760933E1,5.710685E1
3.411742E0,8.628879E1,5.104267E1
3.415913E0,7.418378E1,4.309032E1
3.420083E0,6.065735E1,3.473395E1
3.424254E0,4.567479E1,2.699302E1
3.428425E0,3.092561E1,2.158283E1
3.432596E0,1.377736E1,3.219791E0
3.436767E0,-4.136755E0,-7.371224E0
3.440937E0,-1.912540E1,-1.744829E1
3.445108E0,-3.356657E1,-2.720325E1
3.449279E0,-4.639857E1,-3.593722E1
3.453450E0,-5.851026E1,-4.470948E1
3.457621E0,-6.932116E1,-5.378497E1
3.461792E0,-7.814642E1,-6.032510E1
3.465963E0,-8.601698E1,-6.636204E1
3.470133E0,-9.240987E1,-7.113326E1
3.474304E0,-9.792942E1,-7.614590E1
3.478475E0,-1.017568E2,-7.998987E1
3.482646E0,-1.051995E2,-8.275482E1
3.486817E0,-1.070077E2,-8.502610E1
3.490988E0,-1.080424E2,-8.688832E1
3.495158E0,-1.079985E2,-8.772540E1
3.499329E0,-1.071694E2,-8.792370E1
3.503500E0,-1.051438E2,-8.734889E1
3.507671E0,-1.018254E2,-8.651319E1
3.511842E0,-9.795975E1,-8.440732E1
3.516013E0,-9.259895E1,-8.166673E1
3.520183E0,-8.621327E1,-7.745312E1
3.524354E0,-7.882710E1,-7.343872E1
3.528525E0,-7.079093E1,-6.835499E1
3.532696E0,-6.086366E1,-6.213966E1
3.536867E0,-5.059409E1,-5.532129E1
3.541037E0,-3.886265E1,-4.712258E1
3.545208E0,-2.482029E1,-3.748056E1
3.549379E0,-9.263124E0,-2.528618E1
3.553550E0,5.745942E0,-1.348309E1
3.557721E0,2.054042E1,-9.498754E-1
3.561892E0,3.463601E1,1.669462E1
3.566063E0,4.693555E1,3.067107E1
3.570233E0,5.836175E1,4.117584E1
3.574404E0,6.853635E1,4.944660E1
3.578575E0,7.822859E1,5.675469E1
3.582746E0,8.674348E1,6.541908E1
3.586917E0,9.443770E1,7.345932E1
3.591087E0,1.008161E2,8.028941E1
3.595258E0,1.064587E2,8.652896E1
3.599429E0,1.108252E2,9.192590E1
3.603600E0,1.144560E2,9.614095E1
3.607771E0,1.170168E2,9.888880E1
3.611942E0,1.184808E2,1.010797E2
3.616113E0,1.194277E2,1.022013E2
3.620283E0,1.191534E2,1.012758E2
3.624454E0,1.178507E2,1.002891E2
3.628625E0,1.160210E2,9.781769E1
3.632796E0,1.131429E2,9.504261E1
3.636967E0,1.091306E2,9.106227E1
3.641138E0,1.046683E2,8.667298E1
3.645308E0,9.863848E1,8.077327E1
3.649479E0,9.186005E1,7.444083E1
3.653650E0,8.413377E1,6.710225E1
3.657821E0,7.550130E1,5.860784E1
3.661992E0,6.535284E1,4.888927E1
3.666162E0,5.448327E1,3.824128E1
3.670333E0,4.277295E1,2.848399E1
3.674504E0,3.013448E1,1.451711E1
3.678675E0,1.596805E1,1.831848E0
3.682846E0,1.642127E0,-9.268303E0
3.687017E0,-1.367427E1,-2.337286E1
3.691187E0,-2.657758E1,-3.388170E1
3.695358E0,-3.837130E1,-4.333427E1
3.699529E0,-4.903973E1,-5.180666E1
3.703700E0,-5.823482E1,-5.932208E1
3.707871E0,-6.620052E1,-6.519715E1
3.712042E0,-7.419131E1,-7.116964E1
3.716213E0,-7.997093E1,-7.546713E1
3.720383E0,-8.481305E1,-7.848253E1
3.724554E0,-8.831139E1,-8.055765E1
3.728725E0,-9.188578E1,-8.243332E1
3.732896E0,-9.438513E1,-8.327146E1
3.737067E0,-9.531320E1,-8.329899E1
3.741237E0,-9.576061E1,-8.303097E1
3.745408E0,-9.509832E1,-8.152827E1
3.749579E0,-9.351432E1,-7.894974E1
3.753750E0,-9.065797E1,-7.655913E1
3.757921E0,-8.706642E1,-7.288648E1
3.762092E0,-8.218604E1,-6.818422E1
3.766263E0,-7.621666E1,-6.320556E1
3.770433E0,-6.893694E1,-5.705270E1
3.774604E0,-6.006782E1,-4.951695E1
3.778775E0,-5.016283E1,-4.112661E1
3.782946E0,-3.756195E1,-3.091331E1
3.787117E0,-2.459961E1,-2.153957E1
3.791287E0,-1.093904E1,-1.052142E1
3.795458E0,2.854796E0,1.915502E-1
3.799629E0,1.754149E1,1.128571E1
3.803800E0,3.163889E1,2.115629E1
3.807971E0,4.468942E1,3.075003E1
3.812142E0,5.721297E1,3.985436E1
3.816312E0,6.794720E1,4.740373E1
3.820483E0,7.813749E1,5.415110E1
3.824654E0,8.712549E1,6.046077E1
3.828825E0,9.511198E1,6.571203E1
3.832996E0,1.017455E2,7.026229E1
3.837167E0,1.077575E2,7.362625E1
3.841338E0,1.126732E2,7.660895E1
3.845508E0,1.165694E2,7.896585E1
3.849679E0,1.195046E2,8.019939E1
3.853850E0,1.211859E2,7.995162E1
3.858021E0,1.218282E2,7.949413E1
3.862192E0,1.216612E2,7.804529E1
3.866363E0,1.202721E2,7.588686E1
3.870533E0,1.176876E2,7.301163E1
3.874704E0,1.140322E2,6.890896E1
3.878875E0,1.094645E2,6.504110E1
3.883046E0,1.036180E2,5.950398E1
3.887217E0,9.658489E1,5.418960E1
3.891388E0,8.829791E1,4.765897E1
3.895558E0,7.892939E1,4.019317E1
3.899729E0,6.819156E1,3.260073E1
3.903900E0,5.562695E1,2.420054E1
3.908071E0,4.296087E1,1.684453E1
3.912242E0,2.866614E1,6.514234E0
3.916412E0,1.193370E1,-3.617463E0
3.920583E0,-2.672436E0,-1.098022E1
3.924754E0,-1.809958E1,-1.786519E1
3.928925E0,-3.237685E1,-2.504543E1
3.933096E0,-4.566408E1,-3.037497E1
3.937267E0,-5.653931E1,-3.487044E1
3.941438E0,-6.730173E1,-3.957344E1
3.945608E0,-7.576737E1,-4.317172E1
3.949779E0,-8.309191E1,-4.654916E1
3.953950E0,-8.925520E1,-4.831800E1
3.958121E0,-9.363675E1,-5.049633E1
3.962292E0,-9.727749E1,-5.111653E1
3.966463E0,-9.934652E1,-5.186468E1
3.970633E0,-1.000786E2,-5.235073E1
3.974804E0,-1.001255E2,-5.212331E1
3.978975E0,-9.902851E1,-5.207181E1
3.983146E0,-9.611810E1,-5.044650E1
3.987317E0,-9.252546E1,-4.871581E1
3.991488E0,-8.774156E1,-4.742343E1
3.995658E0,-8.141744E1,-4.419859E1
3.999829E0,-7.416244E1,-4.128548E1
4.004000E0,-6.493514E1,-3.711408E1
4.008171E0,-5.499010E1,-3.324474E1
4.012342E0,-4.343147E1,-2.781022E1
4.016513E0,-2.863233E1,-2.144389E1
4.020683E0,-1.478533E1,-1.509381E1
4.024854E0,5.286402E-1,-7.886413E0
4.029025E0,1.614009E1,-8.036895E-1
4.033196E0,3.099435E1,7.665812E0
4.037367E0,4.419231E1,1.869069E1
4.041537E0,5.634421E1,2.850566E1
4.045708E0,6.690457E1,3.444946E1
4.049879E0,7.747303E1,3.750512E1
4.054050E0,8.595060E1,4.191955E1
4.058221E0,9.328708E1,4.571969E1
4.062392E0,9.948272E1,5.084460E1
4.066562E0,1.046877E2,5.419160E1
4.070733E0,1.093598E2,5.754800E1
4.074904E0,1.119943E2,6.005898E1
4.079075E0,1.140302E2,6.184089E1
4.083246E0,1.148137E2,6.372164E1
4.087417E0,1.143035E2,6.396650E1
4.091588E0,1.128849E2,6.381121E1
4.095758E0,1.099730E2,6.211380E1
4.099929E0,1.066010E2,6.160129E1
4.104100E0,1.016869E2,5.830909E1
4.108271E0,9.559678E1,5.594960E1
4.112442E0,8.853672E1,5.151006E1
4.116613E0,8.013761E1,4.671716E1
4.120783E0,7.078381E1,4.186554E1
4.124954E0,6.023578E1,3.508046E1
4.129125E0,4.871021E1,2.826810E1
4.133296E0,3.663631E1,2.089782E1
4.137467E0,2.262706E1,1.222380E1
4.141637E0,8.563979E0,3.525236E0
4.145808E0,-5.485544E0,-4.955073E0
4.149979E0,-1.938271E1,-1.419573E1
4.154150E0,-3.097557E1,-2.159485E1
4.158321E0,-4.255181E1,-2.872813E1
4.162492E0,-5.201459E1,-3.591059E1
4.166663E0,-5.982779E1,-4.226525E1
4.170833E0,-6.663347E1,-4.752458E1
4.175004E0,-7.295704E1,-5.209996E1
4.179175E0,-7.701308E1,-5.524610E1
4.183346E0,-8.098946E1,-5.905576E1
4.187517E0,-8.292977E1,-6.135800E1
4.191687E0,-8.429539E1,-6.287010E1
4.195858E0,-8.376903E1,-6.364486E1
4.200029E0,-8.316287E1,-6.382468E1
4.204200E0,-8.104175E1,-6.328228E1
4.208371E0,-7.704458E1,-6.159840E1
4.212542E0,-7.318446E1,-5.925094E1
4.216712E0,-6.824939E1,-5.701521E1
4.220883E0,-6.130461E1,-5.310804E1
4.225054E0,-5.390327E1,-4.926577E1
4.229225E0,-4.507844E1,-4.335736E1
4.233396E0,-3.508172E1,-3.721541E1
4.237567E0,-2.333152E1,-2.913404E1
4.241738E0,-1.078412E1,-2.113009E1
4.245908E0,2.674894E0,-1.103698E1
4.250079E0,1.573589E1,-1.002607E0
4.254250E0,2.808846E1,1.035857E1
4.258421E0,3.862934E1,2.084333E1
4.262592E0,4.852531E1,3.118726E1
4.266762E0,5.697011E1,3.884186E1
4.270933E0,6.476101E1,4.654220E1
4.275104E0,7.138554E1,5.255226E1
4.279275E0,7.701228E1,5.903155E1
4.283446E0,8.164579E1,6.441045E1
4.287617E0,8.550162E1,6.892195E1
4.291788E0,8.852730E1,7.232660E1
4.295958E0,9.071333E1,7.555063E1
4.300129E0,9.173440E1,7.719169E1
4.304300E0,9.208611E1,7.760449E1
4.308471E0,9.119232E1,7.716652E1
4.312642E0,8.924700E1,7.514092E1
4.316813E0,8.665428E1,7.291691E1
4.320983E0,8.330220E1,6.903067E1
4.325154E0,7.877176E1,6.436558E1
4.329325E0,7.351411E1,5.894133E1
4.333496E0,6.740140E1,5.264622E1
4.337667E0,5.993460E1,4.557204E1
4.341837E0,5.170218E1,3.721787E1
4.346008E0,4.277224E1,2.827594E1
4.350179E0,3.266901E1,1.813573E1
4.354350E0,2.130279E1,6.498817E0
4.358521E0,8.807343E0,-3.913722E0
4.362692E0,-3.576169E0,-1.287044E1
4.366862E0,-1.461066E1,-2.228424E1
4.371033E0,-2.502346E1,-3.002689E1
4.375204E0,-3.446618E1,-3.602694E1
4.379375E0,-4.310943E1,-4.266539E1
4.383546E0,-5.023328E1,-4.731240E1
4.387717E0,-5.703812E1,-5.240988E1
4.391888E0,-6.218985E1,-5.578358E1
4.396058E0,-6.568320E1,-5.867650E1
4.400229E0,-6.885134E1,-6.033039E1
4.404400E0,-7.138508E1,-6.096053E1
4.408571E0,-7.214174E1,-6.133041E1
4.412742E0,-7.146238E1,-5.988795E1
4.416913E0,-7.049366E1,-5.886312E1
4.421083E0,-6.839419E1,-5.673697E1
4.425254E0,-6.508956E1,-5.412281E1
4.429425E0,-6.036965E1,-5.004603E1
4.433596E0,-5.510358E1,-4.611354E1
4.437767E0,-4.836343E1,-4.087040E1
4.441937E0,-4.042610E1,-3.480446E1
4.446108E0,-3.141733E1,-2.788180E1
4.450279E0,-2.130175E1,-2.087115E1
4.454450E0,-9.026291E0,-1.211330E1
4.458621E0,3.355429E0,-3.288678E0
4.462792E0,1.658280E1,6.837674E0
4.466962E0,2.810577E1,1.613371E1
4.471133E0,3.854731E1,2.407825E1
4.475304E0,4.813371E1,3.115513E1
4.479475E0,5.673453E1,3.800416E1
4.483646E0,6.438097E1,4.303879E1
4.487817E0,7.118123E1,4.833580E1
4.491988E0,7.668790E1,5.218828E1
4.496158E0,8.152988E1,5.540407E1
4.500329E0,8.514589E1,5.819696E1
4.504500E0,8.772402E1,5.997795E1
4.508671E0,8.952259E1,6.111688E1
4.512842E0,9.024101E1,6.077283E1
4.517012E0,8.989385E1,5.993631E1
4.521183E0,8.838304E1,5.748649E1
4.525354E0,8.596618E1,5.527750E1
4.529525E0,8.265961E1,5.176315E1
4.533696E0,7.825573E1,4.744808E1
4.537867E0,7.254135E1,4.267790E1
4.542038E0,6.572939E1,3.694834E1
4.546208E0,5.813357E1,3.063259E1
4.550379E0,4.909217E1,2.378807E1
4.554550E0,3.842491E1,1.597870E1
4.558721E0,2.699744E1,7.435231E0
4.562892E0,1.495452E1,-2.125640E-1
4.567062E0,2.168696E0,-6.779311E0
4.571233E0,-1.034627E1,-1.358274E1
4.575404E0,-2.178334E1,-1.859413E1
4.579575E0,-3.180888E1,-2.343598E1
4.583746E0,-4.115210E1,-2.691635E1
4.587917E0,-4.910040E1,-3.052646E1
4.592087E0,-5.594018E1,-3.358958E1
4.596258E0,-6.185569E1,-3.633005E1
4.600429E0,-6.656727E1,-3.775701E1
4.604600E0,-6.943332E1,-3.907965E1
4.608771E0,-7.024748E1,-3.927589E1
4.612942E0,-7.143730E1,-4.003044E1
4.617113E0,-7.102410E1,-4.019609E1
4.621283E0,-6.904212E1,-3.920299E1
4.625454E0,-6.595964E1,-3.821292E1
4.629625E0,-6.151251E1,-3.576523E1
4.633796E0,-5.548789E1,-3.305767E1
4.637967E0,-4.863196E1,-3.048421E1
4.642137E0,-4.107836E1,-2.691370E1
4.646308E0,-3.204885E1,-2.313139E1
4.650479E0,-2.017166E1,-1.749152E1
4.654650E0,-9.229994E0,-1.207517E1
4.658821E0,4.327260E0,-5.422113E0
4.662992E0,1.721584E1,1.559184E0
4.667163E0,2.851658E1,9.080387E0
4.671333E0,3.890163E1,1.600569E1
4.675504E0,4.808509E1,2.259228E1
4.679675E0,5.604519E1,2.817692E1
4.683846E0,6.290142E1,3.229140E1
4.688017E0,6.894836E1,3.674408E1
4.692188E0,7.331400E1,3.988511E1
4.696358E0,7.700915E1,4.294734E1
4.700529E0,7.983828E1,4.560362E1
4.704700E0,8.109645E1,4.694250E1
4.708871E0,8.166189E1,4.821205E1
4.713042E0,8.147824E1,4.869483E1
4.717212E0,8.019280E1,4.833875E1
4.721383E0,7.771239E1,4.751055E1
4.725554E0,7.405341E1,4.549744E1
4.729725E0,6.954488E1,4.281612E1
4.733896E0,6.351723E1,3.921506E1
4.738067E0,5.708710E1,3.460970E1
4.742237E0,4.888073E1,2.928307E1
4.746408E0,4.083356E1,2.353422E1
4.750579E0,3.060772E1,1.681364E1
4.754750E0,1.959010E1,8.913927E0
4.758921E0,7.823671E0,1.203934E0
4.763092E0,-3.268026E0,-5.944653E0
4.767263E0,-1.386068E1,-1.254348E1
4.771433E0,-2.311557E1,-1.824757E1
4.775604E0,-3.228155E1,-2.373045E1
4.779775E0,-3.926746E1,-2.882420E1
4.783946E0,-4.512874E1,-3.306277E1
4.788117E0,-4.953435E1,-3.592454E1
4.792288E0,-5.297358E1,-3.956609E1
4.796458E0,-5.609114E1,-4.203271E1
4.800629E0,-5.691554E1,-4.337783E1
4.804800E0,-5.743056E1,-4.407576E1
4.808971E0,-5.625605E1,-4.413963E1
4.813142E0,-5.436792E1,-4.377287E1
4.817312E0,-5.083290E1,-4.246623E1
4.821483E0,-4.707553E1,-4.097814E1
4.825654E0,-4.136537E1,-3.811790E1
4.829825E0,-3.485468E1,-3.451053E1
4.833996E0,-2.759607E1,-3.048295E1
4.838167E0,-1.954819E1,-2.472934E1
4.842337E0,-1.008433E1,-1.888650E1
4.846508E0,3.184228E-2,-1.197004E1
4.850679E0,1.128254E1,-3.666245E0
4.854850E0,2.146375E1,6.185483E0
4.859021E0,2.989372E1,1.380954E1
4.863192E0,3.805325E1,2.241811E1
4.867363E0,4.472607E1,2.964651E1
4.871533E0,5.000998E1,3.491183E1
4.875704E0,5.458809E1,4.022179E1
4.879875E0,5.867893E1,4.491618E1
4.884046E0,6.173794E1,4.855464E1
4.888217E0,6.381218E1,5.110231E1
4.892387E0,6.494229E1,5.293879E1
4.896558E0,6.533920E1,5.344405E1
4.900729E0,6.475281E1,5.382817E1
4.904900E0,6.334444E1,5.242191E1
4.909071E0,6.097976E1,5.065894E1
4.913242E0,5.805297E1,4.748781E1
4.917413E0,5.417718E1,4.337712E1
4.921583E0,4.959390E1,3.862909E1
4.925754E0,4.393658E1,3.208612E1
4.929925E0,3.791614E1,2.549295E1
4.934096E0,3.037894E1,1.647288E1
4.938267E0,2.155083E1,7.903150E0
4.942437E0,1.200508E1,-1.041017E0
4.946608E0,2.030110E0,-9.008015E0
4.950779E0,-6.256339E0,-1.545247E1
4.954950E0,-1.448148E1,-2.096275E1
4.959121E0,-2.180414E1,-2.711049E1
4.963292E0,-2.793081E1,-3.148403E1
4.967462E0,-3.334333E1,-3.517355E1
4.971633E0,-3.726235E1,-3.792569E1
4.975804E0,-4.063849E1,-4.048270E1
4.979975E0,-4.288548E1,-4.122966E1
4.984146E0,-4.386350E1,-4.147642E1
4.988317E0,-4.451809E1,-4.077519E1
4.992488E0,-4.374148E1,-4.037139E1
4.996658E0,-4.215611E1,-3.795007E1
5.000829E0,-3.918046E1,-3.489940E1
5.005000E0,-3.518179E1,-3.124098E1
5.009171E0,-3.031592E1,-2.697226E1
5.013342E0,-2.422171E1,-2.180150E1
5.017512E0,-1.700706E1,-1.607384E1
5.021683E0,-9.184730E0,-1.013359E1
5.025854E0,5.220996E-1,-2.953353E0
5.030025E0,9.900221E0,4.126578E0
5.034196E0,1.979319E1,1.102380E1
5.038367E0,2.915167E1,1.737592E1
5.042538E0,3.676216E1,2.297036E1
5.046708E0,4.375170E1,2.767342E1
5.050879E0,4.951407E1,3.118225E1
5.055050E0,5.456236E1,3.395392E1
5.059221E0,5.852730E1,3.610133E1
5.063392E0,6.133533E1,3.687812E1
5.067563E0,6.327227E1,3.787528E1
5.071733E0,6.402049E1,3.767861E1
5.075904E0,6.390542E1,3.717829E1
5.080075E0,6.293405E1,3.559022E1
5.084246E0,6.072631E1,3.374743E1
5.088417E0,5.732277E1,3.059363E1
5.092587E0,5.272667E1,2.723930E1
5.096758E0,4.733518E1,2.274846E1
5.100929E0,4.123670E1,1.856274E1
5.105100E0,3.329656E1,1.332396E1
5.109271E0,2.459576E1,9.061129E0
5.113442E0,1.490098E1,3.524216E0
5.117612E0,3.952117E0,-1.975731E0
5.121783E0,-5.890132E0,-5.969592E0
5.125954E0,-1.529551E1,-9.736288E0
5.130125E0,-2.318822E1,-1.296770E1
5.134296E0,-2.937072E1,-1.506018E1
5.138467E0,-3.475654E1,-1.718591E1
5.142638E0,-3.900504E1,-1.864699E1
5.146808E0,-4.294201E1,-2.027977E1
5.150979E0,-4.513458E1,-2.107978E1
5.155150E0,-4.536289E1,-2.103665E1
5.159321E0,-4.489547E1,-2.129167E1
5.163492E0,-4.338941E1,-2.089347E1
5.167663E0,-3.995827E1,-2.033021E1
5.171833E0,-3.609123E1,-1.914014E1
5.176004E0,-2.983571E1,-1.758166E1
5.180175E0,-2.319535E1,-1.527230E1
5.184346E0,-1.561889E1,-1.326408E1
5.188517E0,-6.708859E0,-1.030902E1
5.192687E0,3.364223E0,-6.397441E0
5.196858E0,1.385880E1,-7.932534E-1
5.201029E0,2.271608E1,4.175347E0
5.205200E0,3.045024E1,9.214739E0
5.209371E0,3.684484E1,1.321254E1
5.213542E0,4.304808E1,1.734143E1
5.217712E0,4.703329E1,2.105313E1
5.221883E0,5.067993E1,2.419297E1
5.226054E0,5.317615E1,2.634958E1
5.230225E0,5.441416E1,2.894205E1
5.234396E0,5.471525E1,3.012372E1
5.238567E0,5.402269E1,3.050574E1
5.242738E0,5.240669E1,3.057367E1
5.246908E0,4.939745E1,2.982401E1
5.251079E0,4.592762E1,2.860210E1
5.255250E0,4.136494E1,2.655325E1
5.259421E0,3.565970E1,2.416066E1
5.263592E0,2.943299E1,2.024803E1
5.267762E0,2.217572E1,1.489778E1
5.271933E0,1.463861E1,9.955290E0
5.276104E0,6.649255E0,3.060199E0
5.280275E0,-6.828716E-1,-4.341333E0
5.284446E0,-7.099523E0,-1.052405E1
5.288617E0,-1.235134E1,-1.613338E1
5.292788E0,-1.672264E1,-2.227980E1
5.296958E0,-1.990681E1,-2.644160E1
5.301129E0,-2.247445E1,-2.979698E1
5.305300E0,-2.391898E1,-3.299092E1
5.309471E0,-2.429539E1,-3.433555E1
5.313642E0,-2.421479E1,-3.519188E1
5.317812E0,-2.335843E1,-3.480913E1
5.321983E0,-2.172025E1,-3.430668E1
5.326154E0,-1.965125E1,-3.227226E1
5.330325E0,-1.645113E1,-2.797946E1
5.334496E0,-1.295820E1,-2.422661E1
5.338667E0,-8.297788E0,-1.852602E1
5.342837E0,-3.213261E0,-1.168708E1
5.347008E0,1.951446E0,-4.853961E0
5.351179E0,7.849641E0,3.171755E0
5.355350E0,1.377635E1,1.117640E1
5.359521E0,1.884238E1,1.815721E1
5.363692E0,2.374544E1,2.493359E1
5.367863E0,2.728071E1,2.952270E1
5.372033E0,3.021188E1,3.383240E1
5.376204E0,3.295112E1,3.791175E1
5.380375E0,3.493763E1,4.035057E1
5.384546E0,3.579817E1,4.140179E1
5.388717E0,3.614495E1,4.176652E1
5.392887E0,3.582709E1,4.090762E1
5.397058E0,3.478674E1,3.913831E1
5.401229E0,3.310857E1,3.594948E1
5.405400E0,3.115529E1,3.246971E1
5.409571E0,2.808272E1,2.774639E1
5.413742E0,2.473192E1,2.246664E1
5.417913E0,2.012982E1,1.502242E1
5.422083E0,1.495474E1,7.128494E0
5.426254E0,9.113189E0,-2.917356E-1
5.430425E0,2.914968E0,-7.260839E0
5.434596E0,-2.422215E0,-1.296154E1
5.438767E0,-7.535653E0,-1.779671E1
5.442938E0,-1.153916E1,-2.178552E1
5.447108E0,-1.489352E1,-2.515606E1
5.451279E0,-1.743236E1,-2.700548E1
5.455450E0,-1.906026E1,-2.841078E1
5.459621E0,-2.015002E1,-2.852028E1
5.463792E0,-2.035224E1,-2.709217E1
5.467962E0,-1.981093E1,-2.611581E1
5.472133E0,-1.855005E1,-2.294459E1
5.476304E0,-1.652471E1,-1.978682E1
5.480475E0,-1.290122E1,-1.548559E1
5.484646E0,-9.148081E0,-1.029475E1
5.488817E0,-4.172316E0,-4.706000E0
5.492987E0,1.933662E0,1.555836E0
5.497158E0,8.690794E0,7.932651E0
5.501329E0,1.573898E1,1.315976E1
5.505500E0,2.218870E1,1.769609E1
5.509671E0,2.795458E1,2.174623E1
5.513842E0,3.274674E1,2.493838E1
5.518013E0,3.695545E1,2.684209E1
5.522183E0,3.998577E1,2.827289E1
5.526354E0,4.209839E1,2.869021E1
5.530525E0,4.330481E1,2.835825E1
5.534696E0,4.361287E1,2.778376E1
5.538867E0,4.308455E1,2.541660E1
5.543038E0,4.153467E1,2.365358E1
5.547208E0,3.882868E1,2.070986E1
5.551379E0,3.517533E1,1.680231E1
5.555550E0,3.011237E1,1.241420E1
5.559721E0,2.414311E1,8.457384E0
5.563892E0,1.693231E1,4.690263E0
5.568062E0,8.928923E0,7.528364E-1
5.572233E0,1.098015E0,-2.590130E0
5.576404E0,-6.315171E0,-4.554483E0
5.580575E0,-1.253281E1,-5.888643E0
5.584746E0,-1.759810E1,-7.474977E0
5.588917E0,-2.206785E1,-7.775750E0
5.593087E0,-2.493796E1,-8.297921E0
5.597258E0,-2.628736E1,-7.601050E0
5.601429E0,-2.680082E1,-7.434399E0
5.605600E0,-2.600524E1,-6.532962E0
5.609771E0,-2.438350E1,-5.752026E0
5.613942E0,-2.108037E1,-5.015012E0
5.618113E0,-1.624565E1,-3.534526E0
5.622283E0,-1.082090E1,-2.412562E0
5.626454E0,-4.172661E0,-5.012832E-1
5.630625E0,4.010273E0,1.365255E0
5.634796E0,1.196309E1,3.161180E0
5.638967E0,2.010091E1,5.884856E0
5.643137E0,2.692998E1,8.063893E0
5.647308E0,3.292055E1,1.046891E1
5.651479E0,3.708010E1,1.210417E1
5.655650E0,4.091862E1,1.365324E1
5.659821E0,4.327845E1,1.454624E1
5.663992E0,4.427842E1,1.536453E1
5.668163E0,4.404794E1,1.596843E1
5.672333E0,4.275379E1,1.680673E1
5.676504E0,4.014319E1,1.604166E1
5.680675E0,3.704943E1,1.580656E1
5.684846E0,3.224926E1,1.474096E1
5.689017E0,2.724870E1,1.434937E1
5.693187E0,1.996985E1,1.320346E1
5.697358E0,1.301054E1,1.173111E1
5.701529E0,5.062808E0,9.142812E0
5.705700E0,-2.145008E0,6.115517E0
5.709871E0,-7.863205E0,3.321595E0
5.714042E0,-1.293085E1,4.684242E-1
5.718212E0,-1.620263E1,-1.438931E0
5.722383E0,-1.895124E1,-4.275940E0
5.726554E0,-2.042499E1,-5.977852E0
5.730725E0,-2.079228E1,-8.157529E0
5.734896E0,-2.015552E1,-9.725574E0
5.739067E0,-1.807682E1,-1.080033E1
5.743238E0,-1.479174E1,-1.128493E1
5.747408E0,-1.044058E1,-1.107639E1
5.751579E0,-5.034485E0,-1.087386E1
5.755750E0,1.503175E0,-9.145719E0
5.759921E0,8.291672E0,-7.464441E0
5.764092E0,1.455997E1,-4.010378E0
5.768262E0,2.007853E1,-1.049851E0
5.772433E0,2.486220E1,3.024415E0
5.776604E0,2.877634E1,6.910717E0
5.780775E0,3.174582E1,1.068960E1
5.784946E0,3.303906E1,1.345462E1
5.789117E0,3.321919E1,1.590527E1
5.793287E0,3.207378E1,1.803943E1
5.797458E0,3.059889E1,1.989357E1
5.801629E0,2.875728E1,2.094878E1
5.805800E0,2.507083E1,2.094725E1
5.809971E0,2.083103E1,2.021345E1
5.814142E0,1.572076E1,1.828924E1
5.818313E0,1.104333E1,1.582761E1
5.822483E0,5.692456E0,1.220936E1
5.826654E0,1.579540E0,8.026169E0
5.830825E0,-2.014741E0,2.706519E0
5.834996E0,-4.590654E0,-2.509368E0
5.839167E0,-6.767442E0,-7.163644E0
5.843337E0,-7.218870E0,-1.112888E1
5.847508E0,-7.086524E0,-1.490511E1
5.851679E0,-5.409941E0,-1.704631E1
5.855850E0,-4.119685E0,-1.880841E1
5.860021E0,-1.224080E0,-1.937533E1
5.864192E0,1.712285E0,-1.895052E1
5.868362E0,4.841505E0,-1.794101E1
5.872533E0,8.788441E0,-1.550069E1
5.876704E0,1.203015E1,-1.225638E1
5.880875E0,1.521800E1,-8.282675E0
5.885046E0,1.747917E1,-3.021521E0
5.889217E0,1.995974E1,2.530988E0
5.893388E0,2.046686E1,8.157209E0
5.897558E0,2.051617E1,1.321059E1
5.901729E0,1.986044E1,1.756634E1
5.905900E0,1.825624E1,2.060944E1
5.910071E0,1.619697E1,2.296982E1
5.914242E0,1.388150E1,2.427807E1
5.918413E0,1.147950E1,2.405080E1
5.922583E0,9.027898E0,2.276878E1
5.926754E0,7.040197E0,2.039825E1
5.930925E0,4.902313E0,1.677794E1
5.935096E0,3.885549E0,1.241866E1
5.939267E0,3.145913E0,6.928164E0
5.943437E0,3.613517E0,9.292884E-1
5.947608E0,4.956252E0,-4.708486E0
5.951779E0,6.766370E0,-9.773213E0
5.955950E0,8.819306E0,-1.344166E1
5.960121E0,1.085973E1,-1.605283E1
5.964292E0,1.272582E1,-1.793278E1
5.968462E0,1.498067E1,-1.856780E1
5.972633E0,1.600612E1,-1.855022E1
5.976804E0,1.769783E1,-1.648317E1
5.980975E0,1.806293E1,-1.439722E1
5.985146E0,1.784563E1,-1.103049E1
5.989317E0,1.749809E1,-7.000321E0
5.993488E0,1.654206E1,-2.089266E0
5.997658E0,1.489935E1,2.640824E0
6.001829E0,1.214218E1,7.836326E0
6.006000E0,9.063936E0,1.306491E1
6.010171E0,6.553434E0,1.675539E1
6.014342E0,4.522373E0,1.949931E1
6.018512E0,2.829264E0,2.102450E1
6.022683E0,1.975500E0,2.161592E1
6.026854E0,1.427199E0,2.159985E1
6.031025E0,1.657836E0,2.011245E1
6.035196E0,2.822344E0,1.767306E1
6.039367E0,4.558179E0,1.472203E1
6.043538E0,7.093748E0,1.032479E1
6.047708E0,1.018891E1,6.315827E0
6.051879E0,1.331193E1,8.929233E-1
6.056050E0,1.600503E1,-3.206779E0
6.060221E0,1.836254E1,-6.438246E0
6.064392E0,2.007289E1,-8.922669E0
6.068562E0,2.131815E1,-1.053003E1
6.072733E0,2.170329E1,-1.121784E1
6.076904E0,2.180199E1,-1.123627E1
6.081075E0,2.112872E1,-1.053604E1
6.085246E0,2.002103E1,-8.450088E0
6.089417E0,1.788808E1,-5.822676E0
6.093587E0,1.537852E1,-3.146238E0
6.097758E0,1.200429E1,9.372927E-1
6.101929E0,8.762678E0,5.697871E0
6.106100E0,5.867856E0,1.002272E1
6.110271E0,2.902611E0,1.323729E1
6.114442E0,2.048015E0,1.639018E1
6.118613E0,1.383212E0,1.849121E1
6.122783E0,1.006918E0,1.956201E1
6.126954E0,1.574086E0,1.977314E1
6.131125E0,3.087059E0,1.849922E1
6.135296E0,5.188182E0,1.688210E1
6.139467E0,7.595460E0,1.428978E1
6.143637E0,1.049428E1,1.032300E1
6.147808E0,1.365217E1,5.930915E0
6.151979E0,1.621151E1,1.445266E0
6.156150E0,1.794317E1,-2.265453E0
6.160321E0,1.861704E1,-5.256838E0
6.164492E0,1.897981E1,-7.934322E0
6.168662E0,1.877308E1,-9.464947E0
6.172833E0,1.809163E1,-1.005162E1
6.177004E0,1.653151E1,-9.732832E0
6.181175E0,1.504012E1,-8.836839E0
6.185346E0,1.306676E1,-6.917216E0
6.189517E0,1.099328E1,-3.777736E0
6.193688E0,9.005576E0,1.209713E-1
6.197858E0,6.173253E0,4.194690E0
6.202029E0,5.181243E0,8.781315E0
6.206200E0,4.756114E0,1.350172E1
6.210371E0,4.967428E0,1.635952E1
6.214542E0,5.139053E0,1.807859E1
6.218712E0,6.188198E0,1.904977E1
6.222883E0,7.761113E0,1.902732E1
6.227054E0,9.778327E0,1.825514E1
6.231225E0,1.200690E1,1.568404E1
6.235396E0,1.392241E1,1.252036E1
6.239567E0,1.525756E1,8.405275E0
6.243737E0,1.578857E1,4.248912E0
6.247908E0,1.549324E1,-6.250492E-2
6.252079E0,1.484082E1,-3.520507E0
6.256250E0,1.334457E1,-6.558922E0
6.260421E0,1.147066E1,-7.879514E0
6.264592E0,9.898156E0,-8.624488E0
6.268763E0,7.925421E0,-8.169793E0
6.272933E0,6.092854E0,-7.169380E0
6.277104E0,4.540764E0,-4.376113E0
6.281275E0,3.007417E0,-1.913504E0
6.285446E0,2.842125E0,1.859588E0
6.289617E0,3.704902E0,6.353780E0
6.293788E0,5.158822E0,9.716815E0
6.297958E0,7.052014E0,1.220496E1
6.302129E0,9.898316E0,1.407174E1
6.306300E0,1.283221E1,1.503555E1
6.310471E0,1.531510E1,1.467970E1
6.314642E0,1.742935E1,1.422597E1
6.318812E0,1.876675E1,1.207433E1
6.322983E0,1.964933E1,9.741357E0
6.327154E0,1.902852E1,6.969818E0
6.331325E0,1.755626E1,4.145447E0
6.335496E0,1.507753E1,1.242366E0
6.339667E0,1.203571E1,-9.785445E-1
6.343837E0,8.541720E0,-1.809600E0
6.348008E0,4.836477E0,-2.707499E0
6.352179E0,2.014431E0,-2.211695E0
6.356350E0,-2.329253E-1,-1.104817E0
6.360521E0,-1.398289E0,2.558615E-1
6.364692E0,-1.354133E0,1.605390E0
6.368863E0,-5.421320E-1,3.174312E0
6.373033E0,1.737732E0,4.662999E0
6.377204E0,4.624468E0,5.674888E0
6.381375E0,8.715371E0,6.807592E0
6.385546E0,1.289533E1,6.710236E0
6.389717E0,1.657820E1,7.122229E0
6.393887E0,1.933279E1,6.384260E0
6.398058E0,2.090156E1,6.749118E0
6.402229E0,2.176732E1,6.437074E0
6.406400E0,2.180068E1,6.599800E0
6.410571E0,2.047586E1,6.284483E0
6.414742E0,1.833418E1,5.756584E0
6.418913E0,1.495548E1,5.844330E0
6.423083E0,1.094486E1,5.620313E0
6.427254E0,6.953640E0,5.678875E0
6.431425E0,3.250516E0,4.741474E0
6.435596E0,8.346611E-1,4.143961E0
6.439767E0,-2.473243E-3,3.499722E0
6.443937E0,-7.382790E-2,2.550958E0
6.448108E0,5.940080E-1,1.825955E0
6.452279E0,2.843940E0,1.626025E0
6.456450E0,5.248116E0,6.821602E-1
6.460621E0,8.403080E0,5.184218E-1
6.464792E0,1.178323E1,2.101603E0
6.468963E0,1.500573E1,3.432952E0
6.473133E0,1.718525E1,5.355840E0
6.477304E0,1.809654E1,7.782524E0
6.481475E0,1.822049E1,9.456074E0
6.485646E0,1.774354E1,1.145826E1
6.489817E0,1.596026E1,1.206427E1
6.493988E0,1.384299E1,1.212251E1
6.498158E0,1.159038E1,1.167829E1
6.502329E0,8.988083E0,9.896388E0
6.506500E0,6.773685E0,7.436878E0
6.510671E0,5.628747E0,4.971713E0
6.514842E0,5.237692E0,1.752584E0
6.519012E0,5.186051E0,-1.159335E0
6.523183E0,6.071766E0,-2.509351E0
6.527354E0,7.041877E0,-3.406203E0
6.531525E0,8.383798E0,-3.448594E0
6.535696E0,9.251533E0,-2.508621E0
6.539867E0,1.043013E1,-4.341042E-2
6.544037E0,1.141155E1,2.537482E0
6.548208E0,1.165632E1,6.234753E0
6.552379E0,1.128847E1,8.997365E0
6.556550E0,1.110945E1,1.190616E1
6.560721E0,1.075438E1,1.390490E1
6.564892E0,1.072686E1,1.475938E1
6.569063E0,1.064152E1,1.460113E1
6.573233E0,1.058877E1,1.358541E1
6.577404E0,1.104438E1,1.138105E1
6.581575E0,1.091993E1,8.109755E0
6.585746E0,1.117220E1,4.860960E0
6.589917E0,1.090763E1,1.838673E0
6.594088E0,1.022835E1,-5.605771E-1
6.598258E0,9.225416E0,-1.691872E0
6.602429E0,8.357277E0,-2.353053E0
6.606600E0,7.771473E0,-1.443950E0
6.610771E0,6.585990E0,-3.047931E-1
6.614942E0,6.298198E0,1.666196E0
6.619112E0,6.143650E0,4.112888E0
6.623283E0,7.003242E0,7.006696E0
6.627454E0,8.848908E0,9.451025E0
6.631625E0,1.078164E1,1.111119E1
6.635796E0,1.266175E1,1.171907E1
6.639967E0,1.424968E1,1.144817E1
6.644138E0,1.512048E1,1.087289E1
6.648308E0,1.486128E1,9.272689E0
6.652479E0,1.461227E1,7.895951E0
6.656650E0,1.313514E1,5.754646E0
6.660821E0,1.111535E1,4.457106E0
6.664992E0,8.059298E0,3.188055E0
6.669163E0,5.693133E0,2.752334E0
6.673333E0,4.267408E0,2.423025E0
6.677504E0,3.236821E0,2.639760E0
6.681675E0,3.148755E0,2.971693E0
6.685846E0,4.269509E0,3.498151E0
6.690017E0,5.879370E0,4.077365E0
6.694187E0,8.249932E0,4.908052E0
6.698358E0,1.096505E1,5.679000E0
6.702529E0,1.316753E1,6.752098E0
6.706700E0,1.437510E1,7.684819E0
6.710871E0,1.504194E1,8.827087E0
6.715042E0,1.489672E1,9.452900E0
6.719213E0,1.399882E1,9.820061E0
6.723383E0,1.210885E1,9.662353E0
6.727554E0,1.017636E1,8.674824E0
6.731725E0,7.811614E0,7.270434E0
6.735896E0,6.301633E0,4.861787E0
6.740067E0,5.874008E0,3.314008E0
6.744238E0,5.383177E0,1.641763E0
6.748408E0,5.763828E0,9.483318E-1
6.752579E0,6.947362E0,3.964435E-1
6.756750E0,7.679358E0,9.002277E-1
6.760921E0,9.035731E0,2.332199E0
6.765092E0,9.578267E0,4.285947E0
6.769262E0,1.041498E1,6.825328E0
6.773433E0,1.070136E1,9.152462E0
6.777604E0,1.132364E1,1.057247E1
6.781775E0,1.110196E1,1.175274E1
6.785946E0,1.104224E1,1.166677E1
6.790117E0,1.099580E1,1.089758E1
6.794288E0,1.083465E1,9.357065E0
6.798458E0,1.077241E1,7.502267E0
6.802629E0,1.000764E1,5.125339E0
6.806800E0,9.059437E0,2.847543E0
6.810971E0,8.126365E0,1.372621E0
6.815142E0,7.686633E0,1.446865E0
6.819312E0,7.176309E0,1.697453E0
6.823483E0,6.739100E0,2.596527E0
6.827654E0,6.826157E0,4.225987E0
6.831825E0,7.524662E0,5.937856E0
6.835996E0,9.116539E0,7.473581E0
6.840167E0,1.082871E1,8.881100E0
6.844338E0,1.200424E1,9.201276E0
6.848508E0,1.310318E1,9.212789E0
6.852679E0,1.379655E1,9.109134E0
6.856850E0,1.353776E1,8.959021E0
6.861021E0,1.250349E1,8.052284E0
6.865192E0,1.093808E1,7.025152E0
6.869363E0,9.011652E0,5.617490E0
6.873533E0,7.710035E0,4.815271E0
6.877704E0,6.553423E0,3.799484E0
6.881875E0,6.206840E0,2.712175E0
6.886046E0,6.637488E0,3.070152E0
6.890217E0,7.511560E0,3.251140E0
6.894387E0,8.622724E0,3.678012E0
6.898558E0,1.031258E1,4.745652E0
6.902729E0,1.113355E1,6.083262E0
6.906900E0,1.192989E1,7.771918E0
6.911071E0,1.196342E1,8.975661E0
6.915242E0,1.204549E1,9.522139E0
6.919412E0,1.158308E1,9.904764E0
6.923583E0,1.107522E1,8.962975E0
6.927754E0,1.064778E1,7.946321E0
6.931925E0,9.672328E0,6.090062E0
6.936096E0,9.188348E0,3.981333E0
6.940267E0,8.829635E0,3.084723E0
6.944438E0,8.324936E0,1.860499E0
6.948608E0,8.134797E0,1.900295E0
6.952779E0,8.244218E0,2.426543E0
6.956950E0,8.218330E0,3.743935E0
6.961121E0,8.710377E0,5.582094E0
6.965292E0,9.592807E0,6.843366E0
6.969463E0,1.067253E1,8.009733E0
6.973633E0,1.165633E1,8.872133E0
6.977804E0,1.221926E1,8.648387E0
6.981975E0,1.194839E1,8.217569E0
6.986146E0,1.175036E1,7.813293E0
6.990317E0,1.130999E1,6.456345E0
6.994487E0,9.906383E0,5.784376E0
6.998658E0,8.537832E0,4.950138E0
7.002829E0,7.735248E0,3.973682E0
7.007000E0,7.596355E0,3.680988E0
7.011171E0,7.942619E0,3.402966E0
7.015342E0,8.307293E0,3.573824E0
7.019512E0,9.120066E0,4.394501E0
7.023683E0,1.008329E1,5.459659E0
7.027854E0,1.080756E1,6.739345E0
7.032025E0,1.138865E1,7.511391E0
7.036196E0,1.161005E1,8.771174E0
7.040367E0,1.158478E1,8.948444E0
7.044538E0,1.145266E1,8.975161E0
7.048708E0,1.087306E1,8.072668E0
7.052879E0,1.032454E1,6.756667E0
7.057050E0,9.778901E0,5.591894E0
7.061221E0,9.199358E0,4.419153E0
7.065392E0,8.691250E0,3.962462E0
7.069562E0,8.612213E0,3.914265E0
7.073733E0,8.869957E0,4.404299E0
7.077904E0,8.992180E0,5.090444E0
7.082075E0,9.198952E0,5.714268E0
7.086246E0,1.017161E1,6.612753E0
7.090417E0,1.086536E1,7.627370E0
7.094588E0,1.115580E1,7.886722E0
7.098758E0,1.192908E1,8.341363E0
7.102929E0,1.147130E1,8.169216E0
7.107100E0,1.129426E1,7.331465E0
7.111271E0,1.068746E1,6.805749E0
7.115442E0,1.000798E1,6.304301E0
7.119613E0,9.054223E0,5.264522E0
7.123783E0,8.616762E0,5.107126E0
7.127954E0,8.978610E0,4.626956E0
7.132125E0,8.910451E0,4.548873E0
7.136296E0,9.211763E0,4.926866E0
7.140467E0,9.669417E0,6.061453E0
7.144637E0,1.044167E1,6.849992E0
7.148808E0,1.110687E1,7.449337E0
7.152979E0,1.122260E1,7.770168E0
7.157150E0,1.107829E1,8.063187E0
7.161321E0,1.103077E1,7.710747E0
7.165492E0,1.091010E1,7.501805E0
7.169663E0,1.017905E1,6.477493E0
7.173833E0,9.753025E0,6.083067E0
7.178004E0,8.908538E0,5.145414E0
7.182175E0,8.720279E0,4.807264E0
7.186346E0,8.828528E0,4.888440E0
7.190517E0,8.857862E0,5.153118E0
7.194687E0,9.064930E0,5.268730E0
7.198858E0,9.896589E0,5.999953E0
7.203029E0,1.051336E1,6.688489E0
7.207200E0,1.079100E1,6.954268E0
7.211371E0,1.093402E1,7.008018E0
7.215542E0,1.087314E1,6.804539E0
7.219713E0,1.064674E1,6.822148E0
7.223883E0,1.054981E1,6.571586E0
7.228054E0,9.883774E0,5.749393E0
7.232225E0,9.717604E0,5.519050E0
7.236396E0,9.089992E0,4.935001E0
7.240567E0,9.381458E0,4.692897E0
7.244738E0,9.048355E0,5.075692E0
7.248908E0,9.547560E0,5.813494E0
7.253079E0,9.693682E0,6.116220E0
7.257250E0,1.011760E1,6.016520E0
7.261421E0,1.078064E1,6.747165E0
7.265592E0,1.070236E1,6.992123E0
7.269762E0,1.078306E1,6.612049E0
7.273933E0,1.077282E1,6.615544E0
7.278104E0,1.010001E1,6.096138E0
7.282275E0,9.999798E0,5.783848E0
7.286446E0,9.678918E0,5.645650E0
7.290617E0,9.631983E0,5.461042E0
7.294787E0,9.885745E0,5.338977E0
7.298958E0,9.982171E0,5.801231E0
7.303129E0,1.003077E1,5.774968E0
7.307300E0,1.005709E1,6.040080E0
7.311471E0,1.041997E1,6.865799E0
7.315642E0,1.081477E1,6.891748E0
7.319813E0,1.071449E1,6.861365E0
7.323983E0,1.069312E1,6.830014E0
7.328154E0,1.063375E1,6.464406E0
7.332325E0,1.005719E1,6.191542E0
7.336496E0,1.004517E1,5.795483E0
7.340667E0,9.985098E0,5.717842E0
7.344838E0,9.872589E0,5.636464E0
7.349008E0,9.781598E0,5.854425E0
7.353179E0,1.011131E1,5.845198E0
7.357350E0,9.865923E0,6.145530E0
7.361521E0,1.016024E1,6.152173E0
7.365692E0,1.063872E1,6.680394E0
7.369862E0,1.073589E1,6.533547E0
7.374033E0,1.072904E1,6.642593E0
7.378204E0,1.060003E1,6.609890E0
7.382375E0,1.007401E1,6.068478E0
7.386546E0,1.010225E1,5.685619E0
7.390717E0,9.790230E0,5.776128E0
7.394887E0,9.976760E0,6.045796E0
7.399058E0,1.000131E1,5.702854E0
7.403229E0,1.013847E1,5.773232E0
7.407400E0,1.012519E1,5.938082E0
7.411571E0,1.006236E1,6.091354E0
7.415742E0,1.013264E1,6.043925E0
7.419913E0,1.009145E1,5.997202E0
7.424083E0,9.925283E0,5.774318E0
7.428254E0,9.992157E0,5.680493E0
7.432425E0,9.769233E0,5.790070E0
7.436596E0,9.729686E0,5.612837E0
7.440767E0,9.757555E0,5.776235E0
7.444937E0,9.809819E0,5.730131E0
7.449108E0,9.857548E0,5.819237E0
7.453279E0,1.007133E1,5.936494E0
7.457450E0,1.005334E1,5.965714E0
7.461621E0,1.010082E1,6.103498E0
7.465792E0,9.921684E0,6.025656E0
7.469963E0,9.953200E0,5.904141E0
7.474133E0,9.747328E0,5.828465E0
7.478304E0,9.887818E0,5.761894E0
7.482475E0,9.620403E0,5.851566E0
7.486646E0,9.703393E0,5.701648E0
7.490817E0,9.879774E0,5.837434E0
7.494988E0,9.994874E0,5.543400E0
7.499158E0,1.008933E1,5.677304E0
7.503329E0,9.996096E0,6.024049E0
7.507500E0,9.876792E0,5.947748E0
7.511671E0,9.848651E0,5.815132E0
7.515842E0,9.950823E0,5.730140E0
7.520012E0,9.811493E0,5.652111E0
7.524183E0,9.946479E0,5.780614E0
7.528354E0,9.808338E0,5.531020E0
7.532525E0,9.784985E0,5.666252E0
7.536696E0,9.686622E0,5.939866E0
7.540867E0,1.003661E1,5.848881E0
7.545038E0,1.017826E1,5.709321E0
7.549208E0,1.006713E1,5.914486E0
7.553379E0,1.001965E1,5.871047E0
7.557550E0,9.845332E0,5.978246E0
7.561721E0,9.897329E0,5.864387E0
7.565892E0,9.985343E0,5.800926E0
7.570062E0,9.758348E0,5.890636E0
7.574233E0,9.910284E0,5.672853E0
7.578404E0,9.712814E0,5.859618E0
7.582575E0,9.946766E0,5.681409E0
7.586746E0,9.908889E0,5.833428E0
7.590917E0,9.820791E0,6.006876E0
7.595088E0,9.825694E0,6.052082E0
7.599258E0,9.874353E0,5.848269E0
7.603429E0,9.930815E0,5.850908E0
7.607600E0,9.950911E0,5.784890E0
7.611771E0,9.992734E0,5.800267E0
7.615942E0,9.947011E0,5.756519E0
7.620113E0,1.008047E1,5.700389E0
7.624283E0,1.000928E1,5.783237E0
7.628454E0,9.973900E0,5.879689E0
7.632625E0,1.009100E1,5.697718E0
7.636796E0,1.000795E1,5.835309E0
7.640967E0,9.786544E0,5.888765E0
7.645137E0,1.005577E1,5.781787E0
7.649308E0,9.766309E0,5.748240E0
7.653479E0,9.770953E0,5.922848E0
7.657650E0,9.639712E0,5.879248E0
7.661821E0,1.002316E1,5.697616E0
7.665992E0,9.986361E0,5.794554E0
7.670162E0,9.895067E0,5.780021E0
7.674333E0,1.001949E1,5.835313E0
7.678504E0,9.833285E0,5.951836E0
7.682675E0,1.006998E1,5.942665E0
7.686846E0,9.750003E0,5.856466E0
7.691017E0,9.993040E0,5.750016E0
7.695188E0,9.910238E0,5.805142E0
7.699358E0,9.717101E0,5.810874E0
7.703529E0,9.721111E0,5.793382E0
7.707700E0,9.802729E0,5.766935E0
7.711871E0,9.986266E0,5.835396E0
7.716042E0,9.851544E0,6.015226E0
7.720213E0,1.005430E1,5.836182E0
7.724383E0,1.009373E1,5.709053E0
7.728554E0,1.000198E1,5.864659E0
7.732725E0,9.810433E0,5.830873E0
7.736896E0,9.978291E0,5.665759E0
7.741067E0,9.714016E0,5.942958E0
7.745237E0,9.922278E0,5.829013E0
7.749408E0,9.611863E0,6.032048E0
7.753579E0,9.815121E0,5.818369E0
7.757750E0,9.860291E0,5.842203E0
7.761921E0,9.883924E0,5.762089E0
7.766092E0,9.850468E0,5.812676E0
7.770262E0,9.785489E0,5.793797E0
7.774433E0,9.938392E0,5.636738E0
7.778604E0,1.003573E1,5.691440E0
7.782775E0,1.003875E1,5.705582E0
7.786946E0,9.926604E0,5.759095E0
7.791117E0,9.925419E0,5.953365E0
7.795288E0,1.006340E1,5.850028E0
7.799458E0,9.978800E0,5.861465E0
7.803629E0,1.001340E1,5.888790E0
7.807800E0,1.000253E1,5.818118E0
7.811971E0,9.989640E0,5.836834E0
7.816142E0,9.808265E0,5.830127E0
7.820312E0,9.898197E0,5.868995E0
7.824483E0,9.772465E0,5.905467E0
7.828654E0,9.861230E0,5.933949E0
7.832825E0,9.883278E0,5.630368E0
7.836996E0,9.930168E0,5.621933E0
7.841167E0,9.819946E0,5.843987E0
7.845338E0,9.871062E0,5.649790E0
7.849508E0,9.904547E0,5.669039E0
7.853679E0,9.772289E0,5.835160E0
7.857850E0,9.781945E0,5.721732E0
7.862021E0,9.742463E0,6.038084E0
7.866192E0,9.879089E0,5.731576E0
7.870363E0,9.812719E0,5.938905E0
7.874533E0,9.745991E0,5.840494E0
7.878704E0,9.873658E0,5.950356E0
7.882875E0,1.003092E1,5.809141E0
7.887046E0,1.009512E1,5.907033E0
7.891217E0,9.935241E0,5.882615E0
7.895388E0,9.848236E0,5.925615E0
7.899558E0,9.905396E0,5.952246E0
7.903729E0,9.761622E0,5.775171E0
7.907900E0,9.826207E0,5.780895E0
7.912071E0,9.710702E0,5.795898E0
7.916242E0,9.794840E0,5.618359E0
7.920413E0,9.829783E0,5.847657E0
7.924583E0,9.995532E0,5.684622E0
7.928754E0,9.823945E0,6.012664E0
7.932925E0,9.870914E0,5.738177E0
7.937096E0,9.763158E0,5.676726E0
7.941267E0,9.748243E0,6.008209E0
7.945437E0,9.718812E0,5.813623E0
7.949608E0,9.747369E0,5.785847E0
7.953779E0,9.719016E0,5.742478E0
7.957950E0,9.724291E0,5.835921E0
7.962121E0,9.693700E0,5.914418E0
7.966292E0,9.724855E0,5.895522E0
7.970463E0,9.687851E0,5.844605E0
7.974633E0,9.892571E0,5.806258E0
7.978804E0,9.634225E0,5.832677E0
7.982975E0,9.807272E0,5.788043E0
7.987146E0,9.724621E0,5.826688E0
7.991317E0,9.712225E0,5.798477E0
7.995488E0,9.587147E0,5.949625E0
7.999658E0,9.769736E0,5.869712E0
8.003829E0,9.740249E0,5.938006E0
8.008000E0,9.705681E0,5.838790E0
8.012171E0,9.645612E0,5.838775E0
8.016342E0,9.733618E0,5.731762E0
8.020513E0,9.650698E0,5.795716E0
8.024683E0,9.612924E0,5.836298E0
8.028854E0,9.660643E0,5.709088E0
8.033025E0,9.760665E0,5.765272E0
8.037196E0,9.709104E0,5.810904E0
8.041367E0,9.736886E0,5.971781E0
8.045538E0,9.585432E0,5.879717E0
8.049708E0,9.708561E0,5.857103E0
8.053879E0,9.513481E0,5.749790E0
8.058050E0,9.643737E0,5.831889E0
8.062221E0,9.661149E0,5.836019E0
8.066392E0,9.530081E0,5.911790E0
8.070562E0,9.618979E0,5.785979E0
8.074733E0,9.833725E0,5.752993E0
8.078904E0,9.513437E0,5.639261E0
8.083075E0,9.617689E0,5.961342E0
8.087246E0,9.418155E0,5.884137E0
8.091417E0,9.439913E0,5.733216E0
8.095588E0,9.654170E0,5.759441E0
8.099758E0,9.648806E0,5.806040E0
8.103929E0,9.558925E0,6.019808E0
8.108100E0,9.608766E0,5.815750E0
8.112271E0,9.492829E0,5.930767E0
8.116442E0,9.473661E0,6.003197E0
8.120613E0,9.342658E0,5.360450E0
8.124783E0,9.219074E0,5.524057E0
8.128954E0,9.184545E0,5.624797E0
8.133125E0,8.959531E0,5.678763E0
8.137296E0,8.938985E0,5.751609E0
8.141467E0,8.858074E0,5.862398E0
8.145637E0,8.678850E0,5.733052E0
8.149808E0,8.771789E0,5.770360E0
8.153979E0,8.595235E0,5.648245E0
8.158150E0,8.404723E0,5.449354E0
8.162321E0,8.317255E0,5.361132E0
8.166492E0,8.128377E0,5.612303E0
8.170663E0,8.156310E0,5.446324E0
8.174833E0,7.979542E0,5.681892E0
8.179004E0,7.832506E0,5.632781E0
8.183175E0,7.805882E0,5.808661E0
8.187346E0,7.713632E0,5.730500E0
8.191517E0,7.704895E0,5.880427E0
8.195688E0,7.787178E0,5.598798E0
8.199858E0,7.564554E0,5.723898E0
8.204029E0,7.694649E0,5.644399E0
8.208200E0,7.624938E0,5.861577E0
8.212371E0,7.741531E0,5.693988E0
8.216542E0,7.667135E0,5.878137E0
8.220712E0,7.683442E0,5.836759E0
8.224883E0,7.627922E0,5.659951E0
8.229054E0,7.714428E0,5.581707E0
8.233225E0,7.660009E0,5.690701E0
8.237396E0,7.565244E0,5.748189E0
8.241567E0,7.546810E0,5.889338E0
8.245737E0,7.683274E0,5.707683E0
8.249908E0,7.605964E0,5.525805E0
8.254079E0,7.691524E0,5.914631E0
8.258250E0,7.611893E0,5.975549E0
8.262421E0,7.428799E0,5.795209E0
8.266592E0,7.499891E0,5.976115E0
8.270763E0,7.686977E0,5.741738E0
8.274933E0,7.497591E0,5.812760E0
8.279104E0,7.611194E0,5.737859E0
8.283275E0,7.460166E0,6.003042E0
8.287446E0,7.576436E0,5.594566E0
8.291617E0,6.851062E0,5.152375E0
8.295788E0,6.640134E0,5.109096E0
8.299958E0,6.896794E0,5.012833E0
8.304129E0,6.591393E0,5.073827E0
8.308300E0,6.699105E0,4.896595E0
8.312471E0,6.534326E0,5.060234E0
8.316642E0,6.808748E0,4.711867E0
8.320813E0,6.673668E0,4.828186E0
8.324983E0,6.657507E0,4.966411E0
8.329154E0,6.843308E0,4.738294E0
8.333325E0,6.597996E0,4.875570E0
8.337496E0,6.714206E0,4.692266E0
8.341667E0,6.754451E0,4.897224E0
8.345838E0,6.473588E0,4.738426E0
8.350008E0,6.656681E0,4.923333E0
8.354179E0,6.523993E0,4.996908E0
8.358350E0,6.518774E0,5.007918E0
8.362521E0,6.511041E0,4.893973E0
8.366692E0,6.593962E0,4.703293E0
8.370862E0,6.141276E0,4.468624E0
8.375033E0,6.481140E0,5.104375E0
8.379204E0,5.952829E0,4.081278E0
8.383375E0,5.766466E0,4.201882E0
8.387546E0,5.755983E0,4.184663E0
8.391717E0,5.697327E0,3.917635E0
8.395888E0,5.945830E0,3.856227E0
8.400058E0,5.537774E0,4.087188E0
8.404229E0,5.771463E0,3.743695E0
8.408400E0,5.630735E0,4.031988E0
8.412571E0,5.753734E0,3.837951E0
8.416742E0,5.577078E0,3.897657E0
8.420913E0,5.624395E0,3.886663E0
8.425083E0,5.580527E0,3.993015E0
8.429254E0,5.445886E0,4.119665E0
8.433425E0,5.677155E0,3.787696E0
8.437596E0,5.623064E0,3.865258E0
8.441767E0,5.691879E0,3.761304E0
8.445937E0,5.938890E0,3.410055E0
8.450108E0,5.669949E0,3.657402E0
8.454279E0,5.640670E0,3.775966E0
8.458450E0,5.687282E0,3.750882E0
8.462621E0,5.621057E0,3.607725E0
8.466792E0,5.830396E0,3.582377E0
8.470962E0,5.646424E0,3.718154E0
8.475133E0,5.639847E0,3.740026E0
8.479304E0,5.445374E0,3.921795E0
8.483475E0,5.486933E0,3.875098E0
8.487646E0,5.696974E0,3.730641E0
8.491817E0,5.312371E0,3.597440E0
8.495988E0,5.318671E0,3.445819E0
8.500158E0,5.318294E0,3.476067E0
8.504329E0,5.023486E0,3.551283E0
8.508500E0,4.855813E0,3.798369E0
8.512671E0,4.871806E0,3.533638E0
8.516842E0,5.021184E0,3.557307E0
8.521013E0,4.817741E0,3.803717E0
8.525183E0,4.966112E0,3.630420E0
8.529354E0,4.898774E0,3.586248E0
8.533525E0,4.512892E0,3.931894E0
8.537696E0,4.771117E0,3.699889E0
8.541867E0,4.551853E0,3.894739E0
8.546038E0,4.522399E0,4.102605E0
8.550208E0,4.881200E0,3.602577E0
8.554379E0,4.403908E0,3.750180E0
8.558550E0,4.479866E0,3.978724E0
8.562721E0,4.507157E0,4.187294E0
8.566892E0,4.510382E0,4.012473E0
8.571063E0,4.263459E0,3.741500E0
8.575233E0,4.503588E0,4.050043E0
8.579404E0,4.087256E0,3.624979E0
8.583575E0,4.403978E0,3.558405E0
8.587746E0,4.155284E0,3.721692E0
8.591917E0,3.722361E0,3.785985E0
8.596087E0,3.759427E0,3.844641E0
8.600258E0,4.114483E0,3.689615E0
8.604429E0,3.739780E0,3.938330E0
8.608600E0,3.992746E0,3.791246E0
8.612771E0,3.445299E0,4.034632E0
8.616942E0,3.480863E0,3.991359E0
8.621112E0,3.739582E0,4.030173E0
8.625283E0,3.663616E0,4.041531E0
8.629454E0,3.740649E0,4.015570E0
8.633625E0,3.525839E0,3.952146E0
8.637796E0,3.639479E0,3.979097E0
8.641967E0,3.469808E0,4.081347E0
8.646138E0,3.603049E0,4.008087E0
8.650308E0,3.699106E0,3.990230E0
8.654479E0,3.749573E0,3.916523E0
8.658650E0,3.747877E0,3.926387E0
8.662821E0,3.544292E0,4.078092E0
8.666992E0,3.626283E0,3.982841E0
8.671163E0,3.796110E0,3.952601E0
8.675333E0,3.632958E0,3.916844E0
8.679504E0,3.630797E0,3.981782E0
8.683675E0,3.653244E0,3.972655E0
8.687846E0,3.770209E0,3.862564E0
8.692017E0,3.664493E0,3.926574E0
8.696188E0,3.897662E0,3.811577E0
8.700358E0,3.767915E0,3.823637E0
8.704529E0,3.535562E0,4.063301E0
8.708700E0,3.729652E0,3.804357E0
8.712871E0,3.732267E0,3.870270E0
8.717042E0,3.936217E0,3.808306E0
8.721213E0,3.739118E0,3.693439E0
8.725383E0,3.586672E0,4.140343E0
8.729554E0,3.736849E0,3.838263E0
8.733725E0,3.819523E0,3.827955E0
8.737896E0,3.867042E0,3.859055E0
8.742067E0,3.742315E0,3.919576E0
8.746237E0,3.653951E0,3.919741E0
8.750408E0,3.659882E0,3.756300E0
8.754579E0,3.740706E0,3.933683E0
8.758750E0,3.609538E0,3.916384E0
8.762921E0,3.725643E0,3.788491E0
8.767092E0,3.676953E0,3.931526E0
8.771263E0,3.648601E0,3.879473E0
8.775433E0,3.806918E0,3.820423E0
8.779604E0,3.596025E0,4.050909E0
8.783775E0,3.751864E0,3.746380E0
8.787946E0,3.536210E0,3.999714E0
8.792117E0,3.603191E0,4.004206E0
8.796288E0,3.664701E0,3.955851E0
8.800458E0,3.579354E0,3.917644E0
8.804629E0,3.788019E0,3.883883E0
8.808800E0,3.817448E0,3.940182E0
8.812971E0,3.759046E0,3.789162E0
8.817142E0,3.629956E0,3.915750E0
8.821312E0,3.841981E0,3.893325E0
8.825483E0,3.753134E0,3.788669E0
8.829654E0,3.651269E0,3.870279E0
8.833825E0,3.895592E0,3.576195E0
8.837996E0,3.818390E0,3.830922E0
8.842167E0,3.782652E0,3.813834E0
8.846337E0,3.598650E0,3.975911E0
8.850508E0,4.042745E0,3.710459E0
8.854679E0,4.271447E0,3.703326E0
8.858850E0,3.673634E0,4.056738E0
8.863021E0,3.819511E0,3.853176E0
8.867192E0,3.691168E0,3.824394E0
8.871363E0,3.803426E0,3.941406E0
8.875533E0,3.735273E0,3.894562E0
8.879704E0,3.656138E0,3.985445E0
8.883875E0,3.599886E0,4.055841E0
8.888046E0,3.623386E0,3.956278E0
