,mass A,,
t,x,y,
0.000000E0,-6.227989E1,0.000000E0
4.170833E-3,-7.218190E1,-1.891886E0
8.341667E-3,-8.188371E1,-3.917866E0
1.251250E-2,-8.958935E1,-6.030145E0
1.668333E-2,-9.620650E1,-8.220351E0
2.085417E-2,-1.012367E2,-1.013862E1
2.502500E-2,-1.055755E2,-1.171721E1
2.919583E-2,-1.084992E2,-1.370213E1
3.336667E-2,-1.102948E2,-1.590876E1
3.753750E-2,-1.104277E2,-1.753725E1
4.170833E-2,-1.099152E2,-1.970829E1
4.587917E-2,-1.082251E2,-2.041137E1
5.005000E-2,-1.053208E2,-2.142428E1
5.422083E-2,-1.009118E2,-2.225588E1
5.839167E-2,-9.609607E1,-2.232762E1
6.256250E-2,-8.970777E1,-2.319658E1
6.673333E-2,-8.053844E1,-2.195864E1
7.090417E-2,-7.271657E1,-2.207990E1
7.507500E-2,-6.262405E1,-2.099640E1
7.924583E-2,-5.055838E1,-1.862562E1
8.341667E-2,-3.841658E1,-1.732271E1
8.758750E-2,-2.815021E1,-1.551770E1
9.175833E-2,-1.492986E1,-1.167038E1
9.592917E-2,-1.259298E0,-8.194926E0
1.001000E-1,1.352852E1,-2.699065E0
1.042708E-1,2.696872E1,2.393291E0
1.084417E-1,3.967215E1,8.179255E0
1.126125E-1,5.060912E1,1.353084E1
1.167833E-1,6.058227E1,1.843102E1
1.209542E-1,6.884113E1,2.225034E1
1.251250E-1,7.688559E1,2.653561E1
1.292958E-1,8.222278E1,3.047267E1
1.334667E-1,8.701993E1,3.328975E1
1.376375E-1,9.051346E1,3.614243E1
1.418083E-1,9.238253E1,3.811398E1
1.459792E-1,9.382570E1,3.980919E1
1.501500E-1,9.333830E1,4.138876E1
1.543208E-1,9.161839E1,4.145174E1
1.584917E-1,8.857997E1,4.097736E1
1.626625E-1,8.438933E1,4.009524E1
1.668333E-1,7.850105E1,3.791783E1
1.710042E-1,7.130888E1,3.539428E1
1.751750E-1,6.267254E1,3.188788E1
1.793458E-1,5.322011E1,2.766595E1
1.835167E-1,4.125497E1,2.359159E1
1.876875E-1,2.940182E1,1.798364E1
1.918583E-1,1.546567E1,1.152398E1
1.960292E-1,1.334208E0,6.469966E0
2.002000E-1,-1.267838E1,2.301810E-1
2.043708E-1,-2.614818E1,-4.226899E0
2.085417E-1,-3.791396E1,-9.268355E0
2.127125E-1,-4.849145E1,-1.252772E1
2.168833E-1,-5.788511E1,-1.600127E1
2.210542E-1,-6.720249E1,-1.826431E1
2.252250E-1,-7.404454E1,-2.161722E1
2.293958E-1,-8.159231E1,-2.357629E1
2.335667E-1,-8.649206E1,-2.506527E1
2.377375E-1,-9.135980E1,-2.631279E1
2.419083E-1,-9.453466E1,-2.808617E1
2.460792E-1,-9.680291E1,-2.982632E1
2.502500E-1,-9.785159E1,-3.041897E1
2.544208E-1,-9.793603E1,-3.031619E1
2.585917E-1,-9.683065E1,-3.023638E1
2.627625E-1,-9.455360E1,-3.014774E1
2.669333E-1,-9.097732E1,-2.943050E1
2.711042E-1,-8.650419E1,-2.804349E1
2.752750E-1,-8.064186E1,-2.601314E1
2.794458E-1,-7.323319E1,-2.471031E1
2.836167E-1,-6.472740E1,-2.199357E1
2.877875E-1,-5.576282E1,-1.961567E1
2.919583E-1,-4.533525E1,-1.609055E1
2.961292E-1,-3.577359E1,-1.253366E1
3.003000E-1,-2.365790E1,-8.815019E0
3.044708E-1,-1.148359E1,-3.671220E0
3.086417E-1,1.681109E0,2.020868E0
3.128125E-1,1.392078E1,8.211759E0
3.169833E-1,2.666615E1,1.362483E1
3.211542E-1,3.804008E1,1.961456E1
3.253250E-1,4.683987E1,2.436051E1
3.294958E-1,5.579383E1,2.889609E1
3.336667E-1,6.340776E1,3.279817E1
3.378375E-1,6.961015E1,3.623884E1
3.420083E-1,7.439891E1,3.938840E1
3.461792E-1,7.817275E1,4.145307E1
3.503500E-1,7.993941E1,4.319651E1
3.545208E-1,8.116669E1,4.464101E1
3.586917E-1,8.077022E1,4.527218E1
3.628625E-1,7.881762E1,4.541399E1
3.670333E-1,7.571321E1,4.510207E1
3.712042E-1,7.147909E1,4.434227E1
3.753750E-1,6.593450E1,4.254396E1
3.795458E-1,5.925905E1,4.035516E1
3.837167E-1,5.097434E1,3.751230E1
3.878875E-1,4.196933E1,3.466233E1
3.920583E-1,3.091253E1,3.041502E1
3.962292E-1,1.933567E1,2.518121E1
4.004000E-1,6.556324E0,1.914203E1
4.045708E-1,-6.204239E0,1.190332E1
4.087417E-1,-1.827563E1,4.342973E0
4.129125E-1,-2.987111E1,-3.361068E0
4.170833E-1,-3.893080E1,-1.122935E1
4.212542E-1,-4.733338E1,-1.891977E1
4.254250E-1,-5.544277E1,-2.517104E1
4.295958E-1,-6.204401E1,-3.112786E1
4.337667E-1,-6.731734E1,-3.616305E1
4.379375E-1,-7.121414E1,-4.030100E1
4.421083E-1,-7.550858E1,-4.388217E1
4.462792E-1,-7.893473E1,-4.823361E1
4.504500E-1,-7.993458E1,-5.101165E1
4.546208E-1,-8.119982E1,-5.309485E1
4.587917E-1,-8.032046E1,-5.476186E1
4.629625E-1,-7.877956E1,-5.600840E1
4.671333E-1,-7.772323E1,-5.572563E1
4.713042E-1,-7.322198E1,-5.556040E1
4.754750E-1,-6.888189E1,-5.454356E1
4.796458E-1,-6.434256E1,-5.227083E1
4.838167E-1,-5.848884E1,-4.889037E1
4.879875E-1,-5.118921E1,-4.586331E1
4.921583E-1,-4.553360E1,-4.154777E1
4.963292E-1,-3.740678E1,-3.586127E1
5.005000E-1,-2.918383E1,-2.982274E1
5.046708E-1,-2.115634E1,-2.191374E1
5.088417E-1,-1.119921E1,-1.374850E1
5.130125E-1,-1.366779E0,-3.983275E0
5.171833E-1,7.597157E0,6.911141E0
5.213542E-1,1.519225E1,1.603450E1
5.255250E-1,2.253603E1,2.600228E1
5.296958E-1,2.924902E1,3.488718E1
5.338667E-1,3.547790E1,4.310963E1
5.380375E-1,4.032570E1,5.011231E1
5.422083E-1,4.468672E1,5.597581E1
5.463792E-1,4.761439E1,6.071072E1
5.505500E-1,4.983897E1,6.445746E1
5.547208E-1,5.114733E1,6.692201E1
5.588917E-1,5.132327E1,6.836846E1
5.630625E-1,5.137946E1,6.894324E1
5.672333E-1,5.011645E1,6.818329E1
5.714042E-1,4.772065E1,6.633171E1
5.755750E-1,4.504194E1,6.345746E1
5.797458E-1,4.122241E1,5.947481E1
5.839167E-1,3.690817E1,5.424212E1
5.880875E-1,3.149500E1,4.777262E1
5.922583E-1,2.501874E1,4.011479E1
5.964292E-1,1.814402E1,3.161973E1
6.006000E-1,9.831533E0,2.101228E1
6.047708E-1,1.718162E0,1.041916E1
6.089417E-1,-6.905184E0,-3.552554E-1
6.131125E-1,-1.514287E1,-1.071426E1
6.172833E-1,-2.406257E1,-2.025846E1
6.214542E-1,-3.105063E1,-2.884123E1
6.256250E-1,-3.742572E1,-3.661921E1
6.297958E-1,-4.304501E1,-4.337825E1
6.339667E-1,-4.803411E1,-4.926621E1
6.381375E-1,-5.333149E1,-5.275610E1
6.423083E-1,-5.696698E1,-5.642708E1
6.464792E-1,-6.111523E1,-5.904825E1
6.506500E-1,-6.324637E1,-6.123161E1
6.548208E-1,-6.503797E1,-6.198189E1
6.589917E-1,-6.640519E1,-6.204124E1
6.631625E-1,-6.650105E1,-6.149451E1
6.673333E-1,-6.607202E1,-5.938331E1
6.715042E-1,-6.464118E1,-5.669749E1
6.756750E-1,-6.197400E1,-5.396463E1
6.798458E-1,-5.929957E1,-4.987642E1
6.840167E-1,-5.498317E1,-4.506753E1
6.881875E-1,-5.083047E1,-3.935125E1
6.923583E-1,-4.628358E1,-3.279251E1
6.965292E-1,-4.010260E1,-2.564744E1
7.007000E-1,-3.331142E1,-1.722789E1
7.048708E-1,-2.512395E1,-9.487505E0
7.090417E-1,-1.617496E1,-6.733491E-1
7.132125E-1,-5.263811E0,8.773237E0
7.173833E-1,3.497480E0,1.726733E1
7.215542E-1,1.333693E1,2.495644E1
7.257250E-1,2.210278E1,3.132589E1
7.298958E-1,3.067502E1,3.715741E1
7.340667E-1,3.786795E1,4.192313E1
7.382375E-1,4.389727E1,4.555136E1
7.424083E-1,4.916939E1,4.843371E1
7.465792E-1,5.309589E1,5.039771E1
7.507500E-1,5.596260E1,5.135598E1
7.549208E-1,5.786770E1,5.178231E1
7.590917E-1,5.868247E1,5.136175E1
7.632625E-1,5.820416E1,5.043190E1
7.674333E-1,5.655320E1,4.817202E1
7.716042E-1,5.407045E1,4.546446E1
7.757750E-1,5.016883E1,4.203194E1
7.799458E-1,4.518566E1,3.825949E1
7.841167E-1,3.913899E1,3.331788E1
7.882875E-1,3.181367E1,2.795424E1
7.924583E-1,2.342932E1,2.186713E1
7.966292E-1,1.380313E1,1.486410E1
8.008000E-1,2.401055E0,7.517574E0
8.049708E-1,-8.285728E0,5.949343E-1
8.091417E-1,-1.974406E1,-6.166242E0
8.133125E-1,-3.008132E1,-1.162284E1
8.174833E-1,-3.922542E1,-1.737484E1
8.216542E-1,-4.828302E1,-2.039223E1
8.258250E-1,-5.450627E1,-2.597826E1
8.299958E-1,-6.003804E1,-2.935932E1
8.341667E-1,-6.446061E1,-3.024691E1
8.383375E-1,-6.782526E1,-3.310993E1
8.425083E-1,-7.280223E1,-3.524594E1
8.466792E-1,-7.523317E1,-3.601316E1
8.508500E-1,-7.676008E1,-3.680244E1
8.550208E-1,-7.662164E1,-3.731274E1
8.591917E-1,-7.595227E1,-3.697292E1
8.633625E-1,-7.381450E1,-3.648679E1
8.675333E-1,-7.129613E1,-3.477660E1
8.717042E-1,-6.753453E1,-3.275535E1
8.758750E-1,-6.214313E1,-3.071121E1
8.800458E-1,-5.638142E1,-2.732335E1
8.842167E-1,-4.868925E1,-2.371764E1
8.883875E-1,-4.037460E1,-1.928794E1
8.925583E-1,-3.263059E1,-1.572979E1
8.967292E-1,-2.377256E1,-1.089388E1
9.009000E-1,-1.383765E1,-4.631391E0
9.050708E-1,-3.757189E0,2.113790E0
9.092417E-1,6.693046E0,9.442253E0
9.134125E-1,1.588603E1,1.625965E1
9.175833E-1,2.422785E1,2.234245E1
9.217542E-1,3.207642E1,2.796251E1
9.259250E-1,3.823271E1,3.322098E1
9.300958E-1,4.344642E1,3.796331E1
9.342667E-1,4.782868E1,4.148490E1
9.384375E-1,5.098439E1,4.449885E1
9.426083E-1,5.265557E1,4.631405E1
9.467792E-1,5.325216E1,4.782464E1
9.509500E-1,5.296469E1,4.845062E1
9.551208E-1,5.133994E1,4.836489E1
9.592917E-1,4.868589E1,4.769525E1
9.634625E-1,4.491409E1,4.586434E1
9.676333E-1,4.000802E1,4.362655E1
9.718042E-1,3.418879E1,4.038347E1
9.759750E-1,2.757901E1,3.579010E1
9.801458E-1,1.945914E1,3.015041E1
9.843167E-1,1.049861E1,2.417180E1
9.884875E-1,1.420858E0,1.663308E1
9.926583E-1,-7.585663E0,8.659108E0
9.968292E-1,-1.716732E1,-2.092861E-1
1.001000E0,-2.606389E1,-8.067231E0
1.005171E0,-3.299586E1,-1.608085E1
1.009342E0,-3.991179E1,-2.330274E1
1.013513E0,-4.415066E1,-3.068404E1
1.017683E0,-4.917008E1,-3.653549E1
1.021854E0,-5.261113E1,-4.166914E1
1.026025E0,-5.223605E1,-4.429902E1
1.030196E0,-5.618424E1,-4.840112E1
1.034367E0,-5.791974E1,-5.098422E1
1.038537E0,-5.915516E1,-5.219685E1
1.042708E0,-5.913782E1,-5.274617E1
1.046879E0,-5.862188E1,-5.300999E1
1.051050E0,-5.641405E1,-5.134957E1
1.055221E0,-5.389899E1,-4.928396E1
1.059392E0,-5.156613E1,-4.655891E1
1.063562E0,-4.782902E1,-4.276957E1
1.067733E0,-4.270321E1,-3.794956E1
1.071904E0,-3.810265E1,-3.219953E1
1.076075E0,-3.220328E1,-2.604570E1
1.080246E0,-2.491357E1,-1.849474E1
1.084417E0,-1.759157E1,-1.015456E1
1.088588E0,-1.104593E1,-2.158893E0
1.092758E0,-3.812505E0,8.000374E0
1.096929E0,3.055216E0,1.762091E1
1.101100E0,9.471765E0,2.661602E1
1.105271E0,1.571229E1,3.410298E1
1.109442E0,2.096829E1,4.053803E1
1.113612E0,2.571853E1,4.617128E1
1.117783E0,2.941516E1,5.077069E1
1.121954E0,3.226867E1,5.413731E1
1.126125E0,3.454178E1,5.648425E1
1.130296E0,3.611400E1,5.738579E1
1.134467E0,3.670964E1,5.747141E1
1.138637E0,3.647592E1,5.640946E1
1.142808E0,3.565242E1,5.425673E1
1.146979E0,3.410342E1,5.102030E1
1.151150E0,3.141880E1,4.689196E1
1.155321E0,2.809369E1,4.145317E1
1.159492E0,2.406911E1,3.500516E1
1.163662E0,1.873495E1,2.781671E1
1.167833E0,1.273087E1,1.897768E1
1.172004E0,5.853757E0,9.004179E0
1.176175E0,-2.118532E0,4.378327E-1
1.180346E0,-1.041408E1,-8.476492E0
1.184517E0,-1.755816E1,-1.638199E1
1.188687E0,-2.451244E1,-2.392521E1
1.192858E0,-3.128386E1,-2.958840E1
1.197029E0,-3.728582E1,-3.510391E1
1.201200E0,-4.243591E1,-3.839823E1
1.205371E0,-4.671820E1,-4.179260E1
1.209542E0,-5.076854E1,-4.376105E1
1.213713E0,-5.380471E1,-4.557065E1
1.217883E0,-5.612918E1,-4.629108E1
1.222054E0,-5.823914E1,-4.588602E1
1.226225E0,-5.961779E1,-4.426937E1
1.230396E0,-5.991032E1,-4.266023E1
1.234567E0,-5.876346E1,-4.026750E1
1.238738E0,-5.658251E1,-3.695789E1
1.242908E0,-5.388527E1,-3.285015E1
1.247079E0,-5.023815E1,-2.860942E1
1.251250E0,-4.566404E1,-2.373113E1
1.255421E0,-4.008605E1,-1.785047E1
1.259592E0,-3.360381E1,-1.195326E1
1.263763E0,-2.584538E1,-5.800525E0
1.267933E0,-1.750749E1,2.965258E-1
1.272104E0,-7.986998E0,6.665227E0
1.276275E0,2.162642E0,1.207599E1
1.280446E0,1.091980E1,1.728833E1
1.284617E0,1.887712E1,2.147950E1
1.288787E0,2.731717E1,2.585336E1
1.292958E0,3.394655E1,2.813803E1
1.297129E0,3.928225E1,3.034806E1
1.301300E0,4.346379E1,3.204970E1
1.305471E0,4.655991E1,3.305639E1
1.309642E0,4.819042E1,3.320479E1
1.313813E0,4.866029E1,3.311071E1
1.317983E0,4.806950E1,3.240962E1
1.322154E0,4.614776E1,3.124984E1
1.326325E0,4.263367E1,2.971280E1
1.330496E0,3.835416E1,2.748358E1
1.334667E0,3.299140E1,2.464413E1
1.338838E0,2.637658E1,2.171807E1
1.343008E0,1.857944E1,1.775268E1
1.347179E0,8.736424E0,1.362786E1
1.351350E0,-9.936252E-1,9.289985E0
1.355521E0,-1.131986E1,4.296099E0
1.359692E0,-2.173228E1,-1.677315E0
1.363862E0,-3.111336E1,-6.275388E0
1.368033E0,-3.897635E1,-1.005187E1
1.372204E0,-4.597302E1,-1.368882E1
1.376375E0,-5.161924E1,-1.764030E1
1.380546E0,-5.621867E1,-2.026653E1
1.384717E0,-5.979064E1,-2.249779E1
1.388888E0,-6.281171E1,-2.415356E1
1.393058E0,-6.496545E1,-2.624021E1
1.397229E0,-6.540913E1,-2.796458E1
1.401400E0,-6.443874E1,-2.820336E1
1.405571E0,-6.326320E1,-2.836040E1
1.409742E0,-6.096316E1,-2.804434E1
1.413912E0,-5.743338E1,-2.767510E1
1.418083E0,-5.258298E1,-2.673949E1
1.422254E0,-4.740274E1,-2.484353E1
1.426425E0,-4.052286E1,-2.276999E1
1.430596E0,-3.277517E1,-1.911734E1
1.434767E0,-2.516566E1,-1.483760E1
1.438937E0,-1.628434E1,-9.902070E0
1.443108E0,-6.667996E0,-4.207596E0
1.447279E0,1.602548E0,2.360648E0
1.451450E0,9.340172E0,9.140884E0
1.455621E0,1.571884E1,1.575770E1
1.459792E0,2.094320E1,2.120224E1
1.463963E0,2.538903E1,2.659263E1
1.468133E0,2.904031E1,3.119445E1
1.472304E0,3.160273E1,3.523713E1
1.476475E0,3.342239E1,3.854147E1
1.480646E0,3.405162E1,4.063165E1
1.484817E0,3.366963E1,4.215320E1
1.488987E0,3.230883E1,4.238349E1
1.493158E0,2.999775E1,4.178184E1
1.497329E0,2.695262E1,4.013805E1
1.501500E0,2.292179E1,3.799576E1
1.505671E0,1.828491E1,3.417856E1
1.509842E0,1.334983E1,2.918221E1
1.514012E0,7.302659E0,2.347015E1
1.518183E0,9.648799E-1,1.685984E1
1.522354E0,-6.123150E0,8.426105E0
1.526525E0,-1.321075E1,-8.170406E-2
1.530696E0,-1.927712E1,-8.408053E0
1.534867E0,-2.470726E1,-1.624004E1
1.539037E0,-2.850265E1,-2.294437E1
1.543208E0,-3.181681E1,-2.907662E1
1.547379E0,-3.528315E1,-3.386478E1
1.551550E0,-3.756498E1,-3.788100E1
1.555721E0,-3.938622E1,-4.047416E1
1.559892E0,-3.991065E1,-4.328584E1
1.564062E0,-4.079882E1,-4.408669E1
1.568233E0,-4.134927E1,-4.397910E1
1.572404E0,-4.025579E1,-4.336736E1
1.576575E0,-3.977323E1,-4.098077E1
1.580746E0,-3.770807E1,-3.804368E1
1.584917E0,-3.555788E1,-3.403518E1
1.589087E0,-3.294262E1,-2.956955E1
1.593258E0,-2.926162E1,-2.410305E1
1.597429E0,-2.571485E1,-1.767030E1
1.601600E0,-2.090570E1,-9.720699E0
1.605771E0,-1.592487E1,-2.071742E0
1.609942E0,-9.463221E0,6.030837E0
1.614113E0,-3.208937E0,1.410110E1
1.618283E0,3.338794E0,2.033699E1
1.622454E0,8.974928E0,2.637163E1
1.626625E0,1.378594E1,3.074565E1
1.630796E0,1.782753E1,3.478511E1
1.634967E0,2.119459E1,3.732120E1
1.639138E0,2.372886E1,3.902354E1
1.643308E0,2.561780E1,3.953406E1
1.647479E0,2.673914E1,3.934755E1
1.651650E0,2.699506E1,3.798769E1
1.655821E0,2.603669E1,3.573238E1
1.659992E0,2.484640E1,3.224008E1
1.664163E0,2.248594E1,2.799286E1
1.668333E0,1.926370E1,2.313018E1
1.672504E0,1.476297E1,1.723465E1
1.676675E0,9.701066E0,1.075010E1
1.680846E0,2.816929E0,3.087076E0
1.685017E0,-3.883519E0,-2.803310E0
1.689188E0,-1.143393E1,-8.956642E0
1.693358E0,-1.896908E1,-1.376457E1
1.697529E0,-2.546552E1,-1.811496E1
1.701700E0,-3.099355E1,-2.200714E1
1.705871E0,-3.659213E1,-2.407482E1
1.710042E0,-4.055677E1,-2.594664E1
1.714213E0,-4.375155E1,-2.685524E1
1.718383E0,-4.641391E1,-2.681761E1
1.722554E0,-4.891567E1,-2.628814E1
1.726725E0,-4.949198E1,-2.548469E1
1.730896E0,-4.927282E1,-2.402606E1
1.735067E0,-4.795986E1,-2.184497E1
1.739237E0,-4.575694E1,-1.948101E1
1.743408E0,-4.229410E1,-1.622891E1
1.747579E0,-3.797721E1,-1.334308E1
1.751750E0,-3.285707E1,-9.862916E0
1.755921E0,-2.581149E1,-5.999281E0
1.760092E0,-1.891368E1,-1.866805E0
1.764263E0,-1.039764E1,2.191150E0
1.768433E0,-2.220708E0,5.355983E0
1.772604E0,5.812911E0,8.445485E0
1.776775E0,1.338949E1,1.146745E1
1.780946E0,1.886563E1,1.349811E1
1.785117E0,2.394514E1,1.534960E1
1.789288E0,2.764152E1,1.650300E1
1.793458E0,3.036219E1,1.740860E1
1.797629E0,3.184733E1,1.748642E1
1.801800E0,3.193389E1,1.741643E1
1.805971E0,3.090311E1,1.705792E1
1.810142E0,2.872718E1,1.637586E1
1.814312E0,2.509133E1,1.498403E1
1.818483E0,2.075638E1,1.374792E1
1.822654E0,1.519729E1,1.215796E1
1.826825E0,7.913513E0,9.969264E0
1.830996E0,-4.452454E-1,7.053248E0
1.835167E0,-8.705171E0,4.980197E0
1.839338E0,-1.740588E1,2.105839E0
1.843508E0,-2.568030E1,-7.716704E-1
1.847679E0,-3.241579E1,-3.870120E0
1.851850E0,-3.803661E1,-6.307602E0
1.856021E0,-4.303169E1,-8.725546E0
1.860192E0,-4.688835E1,-1.009767E1
1.864362E0,-4.970832E1,-1.151230E1
1.868533E0,-5.116766E1,-1.313465E1
1.872704E0,-5.184309E1,-1.380668E1
1.876875E0,-5.140494E1,-1.445478E1
1.881046E0,-4.957447E1,-1.479085E1
1.885217E0,-4.627152E1,-1.482239E1
1.889387E0,-4.315811E1,-1.454741E1
1.893558E0,-3.852162E1,-1.369413E1
1.897729E0,-3.239378E1,-1.262429E1
1.901900E0,-2.588259E1,-1.102093E1
1.906071E0,-1.845174E1,-8.534171E0
1.910242E0,-1.010668E1,-4.372263E0
1.914413E0,-3.051307E0,2.144108E-3
1.918583E0,3.093008E0,4.285019E0
1.922754E0,9.197059E0,8.721476E0
1.926925E0,1.353426E1,1.346392E1
1.931096E0,1.719074E1,1.679887E1
1.935267E0,1.943111E1,2.020555E1
1.939437E0,2.069911E1,2.230426E1
1.943608E0,2.087480E1,2.398299E1
1.947779E0,1.992720E1,2.549052E1
1.951950E0,1.781782E1,2.606593E1
1.956121E0,1.485604E1,2.596870E1
1.960292E0,1.106191E1,2.464951E1
1.964463E0,6.290390E0,2.323205E1
1.968633E0,1.094477E0,2.018866E1
1.972804E0,-4.998913E0,1.607498E1
1.976975E0,-1.160820E1,1.166106E1
1.981146E0,-1.766196E1,5.869103E0
1.985317E0,-2.282323E1,3.659932E-2
1.989487E0,-2.689113E1,-5.884786E0
1.993658E0,-3.042346E1,-1.135736E1
1.997829E0,-3.290957E1,-1.582460E1
2.002000E0,-3.454769E1,-1.927094E1
2.006171E0,-3.547741E1,-2.240753E1
2.010342E0,-3.511296E1,-2.478421E1
2.014512E0,-3.484093E1,-2.598078E1
2.018683E0,-3.350557E1,-2.728963E1
2.022854E0,-3.158349E1,-2.708146E1
2.027025E0,-2.913704E1,-2.581311E1
2.031196E0,-2.541704E1,-2.355543E1
2.035367E0,-2.280892E1,-2.059014E1
2.039538E0,-1.926371E1,-1.594651E1
2.043708E0,-1.516418E1,-1.033469E1
2.047879E0,-1.162840E1,-3.689074E0
2.052050E0,-7.740661E0,3.881070E0
2.056221E0,-5.069032E0,1.091719E1
2.060392E0,-3.430440E0,1.798690E1
2.064563E0,-2.256954E0,2.386396E1
2.068733E0,-1.520600E0,2.831141E1
2.072904E0,-1.287032E0,3.167006E1
2.077075E0,-1.497804E0,3.417695E1
2.081246E0,-2.016602E0,3.544776E1
2.085417E0,-2.951736E0,3.528311E1
2.089587E0,-4.470179E0,3.362333E1
2.093758E0,-5.953737E0,3.189983E1
2.097929E0,-7.600747E0,2.794722E1
2.102100E0,-9.710712E0,2.353524E1
2.106271E0,-1.091788E1,1.764837E1
2.110442E0,-1.300609E1,1.066950E1
2.114613E0,-1.430413E1,2.556916E0
2.118783E0,-1.479463E1,-5.124439E0
2.122954E0,-1.546387E1,-1.215152E1
2.127125E0,-1.543668E1,-1.782242E1
2.131296E0,-1.518854E1,-2.241965E1
2.135467E0,-1.524707E1,-2.594337E1
2.139637E0,-1.516445E1,-2.873311E1
2.143808E0,-1.501970E1,-3.010008E1
2.147979E0,-1.450092E1,-3.040082E1
2.152150E0,-1.414805E1,-3.000507E1
2.156321E0,-1.371358E1,-2.817066E1
2.160492E0,-1.313402E1,-2.511771E1
2.164662E0,-1.286560E1,-2.096135E1
2.168833E0,-1.262211E1,-1.584060E1
2.173004E0,-1.231140E1,-1.011106E1
2.177175E0,-1.209690E1,-3.113119E0
2.181346E0,-1.243585E1,4.403604E0
2.185517E0,-1.235789E1,1.239153E1
2.189687E0,-1.152413E1,1.825158E1
2.193858E0,-1.075779E1,2.380499E1
2.198029E0,-9.983676E0,2.848212E1
2.202200E0,-9.318308E0,3.108724E1
2.206371E0,-9.115716E0,3.309600E1
2.210542E0,-8.956421E0,3.380739E1
2.214713E0,-8.591751E0,3.312701E1
2.218883E0,-8.302344E0,3.103947E1
2.223054E0,-8.369253E0,2.801592E1
2.227225E0,-8.654134E0,2.394845E1
2.231396E0,-8.727858E0,1.895660E1
2.235567E0,-9.531654E0,1.213435E1
2.239738E0,-1.026050E1,5.116907E0
2.243908E0,-1.071227E1,-2.868125E0
2.248079E0,-1.165474E1,-9.031572E0
2.252250E0,-1.262482E1,-1.463962E1
2.256421E0,-1.377524E1,-1.966429E1
2.260592E0,-1.447493E1,-2.306613E1
2.264762E0,-1.547728E1,-2.535660E1
2.268933E0,-1.607239E1,-2.658094E1
2.273104E0,-1.686345E1,-2.700124E1
2.277275E0,-1.713236E1,-2.600390E1
2.281446E0,-1.761039E1,-2.407961E1
2.285617E0,-1.739238E1,-2.095733E1
2.289788E0,-1.734702E1,-1.691632E1
2.293958E0,-1.674738E1,-1.164942E1
2.298129E0,-1.571504E1,-5.726749E0
2.302300E0,-1.421508E1,5.927727E-1
2.306471E0,-1.200226E1,7.680201E0
2.310642E0,-9.468492E0,1.405763E1
2.314812E0,-6.565377E0,1.902866E1
2.318983E0,-4.314806E0,2.298718E1
2.323154E0,-2.349730E0,2.564189E1
2.327325E0,-8.976738E-1,2.743452E1
2.331496E0,3.933347E-2,2.827524E1
2.335667E0,2.576451E-1,2.755790E1
2.339838E0,6.070780E-1,2.612010E1
2.344008E0,7.560740E-2,2.346939E1
2.348179E0,-1.062016E0,1.967502E1
2.352350E0,-2.352419E0,1.484802E1
2.356521E0,-4.762800E0,9.588574E0
2.360692E0,-7.286098E0,2.998587E0
2.364863E0,-1.073923E1,-3.106147E0
2.369033E0,-1.391425E1,-8.807648E0
2.373204E0,-1.671984E1,-1.327857E1
2.377375E0,-1.899137E1,-1.641638E1
2.381546E0,-2.100121E1,-1.839016E1
2.385717E0,-2.337282E1,-2.024599E1
2.389887E0,-2.415944E1,-2.033040E1
2.394058E0,-2.470072E1,-1.962817E1
2.398229E0,-2.428544E1,-1.795749E1
2.402400E0,-2.376806E1,-1.618260E1
2.406571E0,-2.271766E1,-1.304773E1
2.410742E0,-2.072329E1,-8.711306E0
2.414912E0,-1.822410E1,-4.416418E0
2.419083E0,-1.479975E1,5.362490E-1
2.423254E0,-1.133569E1,5.358780E0
2.427425E0,-6.288119E0,1.010156E1
2.431596E0,-2.259303E0,1.349365E1
2.435767E0,1.438807E0,1.613341E1
2.439938E0,4.509375E0,1.749075E1
2.444108E0,6.698517E0,1.804225E1
2.448279E0,8.123256E0,1.792636E1
2.452450E0,8.382036E0,1.714299E1
2.456621E0,8.195369E0,1.509375E1
2.460792E0,6.874011E0,1.286421E1
2.464962E0,4.782289E0,1.012456E1
2.469133E0,1.181621E0,6.808761E0
2.473304E0,-3.212820E0,3.372866E0
2.477475E0,-8.121171E0,-8.238513E-1
2.481646E0,-1.356348E1,-3.554587E0
2.485817E0,-1.899315E1,-6.386744E0
2.489988E0,-2.354132E1,-7.886807E0
2.494158E0,-2.711826E1,-9.217969E0
2.498329E0,-2.943718E1,-9.582066E0
2.502500E0,-3.103767E1,-1.014471E1
2.506671E0,-3.144947E1,-9.927639E0
2.510842E0,-3.118907E1,-9.462468E0
2.515012E0,-2.974989E1,-8.006345E0
2.519183E0,-2.723372E1,-6.630525E0
2.523354E0,-2.371112E1,-4.928264E0
2.527525E0,-1.905478E1,-3.265125E0
2.531696E0,-1.370180E1,-9.017250E-1
2.535867E0,-7.738275E0,1.389046E0
2.540037E0,-2.606372E0,3.349716E0
2.544208E0,1.608030E0,5.456381E0
2.548379E0,5.173558E0,7.145824E0
2.552550E0,7.608605E0,8.610521E0
2.556721E0,8.675144E0,9.479270E0
2.560892E0,8.852946E0,1.034097E1
2.565062E0,7.959990E0,1.000967E1
2.569233E0,5.822474E0,9.783493E0
2.573404E0,2.977055E0,9.136010E0
2.577575E0,-1.075588E0,7.423333E0
2.581746E0,-5.965221E0,5.388124E0
2.585917E0,-1.164274E1,3.106751E0
2.590088E0,-1.699176E1,9.902664E-1
2.594258E0,-2.193628E1,-1.549605E0
2.598429E0,-2.505558E1,-4.565432E0
2.602600E0,-2.736996E1,-6.516464E0
2.606771E0,-2.895943E1,-8.676049E0
2.610942E0,-2.938460E1,-1.016792E1
2.615113E0,-2.908361E1,-1.068817E1
2.619283E0,-2.782194E1,-1.117389E1
2.623454E0,-2.582548E1,-1.082038E1
2.627625E0,-2.303455E1,-9.471942E0
2.631796E0,-1.934668E1,-7.981604E0
2.635967E0,-1.529964E1,-5.363135E0
2.640137E0,-1.095570E1,-2.438281E0
2.644308E0,-6.878184E0,1.769720E0
2.648479E0,-3.625269E0,6.272538E0
2.652650E0,-1.143303E0,9.629226E0
2.656821E0,4.640223E-1,1.259061E1
2.660992E0,1.173656E0,1.481502E1
2.665163E0,9.967585E-1,1.617786E1
2.669333E0,-4.848765E-2,1.669323E1
2.673504E0,-1.444379E0,1.608689E1
2.677675E0,-3.389908E0,1.438579E1
2.681846E0,-6.450787E0,1.143207E1
2.686017E0,-9.177523E0,8.474387E0
2.690187E0,-1.293814E1,3.953273E0
2.694358E0,-1.607191E1,-1.128946E0
2.698529E0,-1.865554E1,-4.795569E0
2.702700E0,-2.052559E1,-9.084687E0
2.706871E0,-2.163163E1,-1.151660E1
2.711042E0,-2.223120E1,-1.335517E1
2.715213E0,-2.258099E1,-1.402521E1
2.719383E0,-2.227713E1,-1.411748E1
2.723554E0,-2.128916E1,-1.326475E1
2.727725E0,-1.993311E1,-1.184606E1
2.731896E0,-1.827132E1,-9.006587E0
2.736067E0,-1.597590E1,-5.458208E0
2.740238E0,-1.355133E1,-9.752739E-1
2.744408E0,-1.099184E1,3.754231E0
2.748579E0,-8.731153E0,8.933260E0
2.752750E0,-6.749309E0,1.277459E1
2.756921E0,-5.052158E0,1.555868E1
2.761092E0,-4.285982E0,1.732093E1
2.765262E0,-4.007602E0,1.807423E1
2.769433E0,-4.149936E0,1.792043E1
2.773604E0,-4.836345E0,1.646030E1
2.777775E0,-6.271449E0,1.432361E1
2.781946E0,-8.027281E0,1.093713E1
2.786117E0,-1.076884E1,6.398666E0
2.790287E0,-1.305073E1,1.122754E0
2.794458E0,-1.519248E1,-3.356175E0
2.798629E0,-1.722560E1,-7.473702E0
2.802800E0,-1.889993E1,-1.011366E1
2.806971E0,-1.997345E1,-1.235057E1
2.811142E0,-2.113629E1,-1.346574E1
2.815313E0,-2.121050E1,-1.336113E1
2.819483E0,-2.121078E1,-1.273488E1
2.823654E0,-2.040157E1,-1.080231E1
2.827825E0,-1.916632E1,-8.641540E0
2.831996E0,-1.766542E1,-5.251379E0
2.836167E0,-1.541326E1,-1.167700E0
2.840337E0,-1.300813E1,3.210716E0
2.844508E0,-1.014194E1,7.451724E0
2.848679E0,-7.406850E0,1.116079E1
2.852850E0,-5.540158E0,1.354461E1
2.857021E0,-3.872550E0,1.523717E1
2.861192E0,-3.033770E0,1.565520E1
2.865363E0,-2.758844E0,1.535270E1
2.869533E0,-3.101707E0,1.407468E1
2.873704E0,-4.481139E0,1.148547E1
2.877875E0,-6.213973E0,8.271781E0
2.882046E0,-8.813735E0,4.672490E0
2.886217E0,-1.227750E1,9.508095E-1
2.890387E0,-1.563745E1,-2.472965E0
2.894558E0,-1.871906E1,-5.169117E0
2.898729E0,-2.121745E1,-7.132684E0
2.902900E0,-2.300115E1,-8.926634E0
2.907071E0,-2.408463E1,-9.417511E0
2.911242E0,-2.453930E1,-9.326007E0
2.915412E0,-2.397964E1,-8.573303E0
2.919583E0,-2.270193E1,-6.881955E0
2.923754E0,-2.053120E1,-5.018203E0
2.927925E0,-1.803816E1,-2.629813E0
2.932096E0,-1.473874E1,5.196918E-1
2.936267E0,-1.093169E1,3.584188E0
2.940437E0,-7.451662E0,7.068581E0
2.944608E0,-4.612628E0,9.626873E0
2.948779E0,-2.378077E0,1.178072E1
2.952950E0,-1.281945E0,1.264088E1
2.957121E0,-9.772925E-1,1.297675E1
2.961292E0,-1.484203E0,1.269325E1
2.965463E0,-2.703513E0,1.131818E1
2.969633E0,-4.628225E0,9.044943E0
2.973804E0,-7.494847E0,6.380578E0
2.977975E0,-1.090560E1,3.235878E0
2.982146E0,-1.500209E1,2.412019E-1
2.986317E0,-1.796543E1,-2.355169E0
2.990487E0,-2.101204E1,-4.722633E0
2.994658E0,-2.233260E1,-6.613463E0
2.998829E0,-2.379188E1,-7.477042E0
3.003000E0,-2.404773E1,-7.974167E0
3.007171E0,-2.341970E1,-7.543803E0
3.011342E0,-2.183967E1,-6.750895E0
3.015512E0,-2.000986E1,-5.211402E0
3.019683E0,-1.737891E1,-3.242383E0
3.023854E0,-1.404581E1,-5.940118E-1
3.028025E0,-1.102451E1,2.976625E0
3.032196E0,-7.914646E0,6.012478E0
3.036367E0,-5.993027E0,8.942792E0
3.040538E0,-4.879808E0,1.124604E1
3.044708E0,-4.074250E0,1.235578E1
3.048879E0,-3.999657E0,1.295686E1
3.053050E0,-4.774619E0,1.239671E1
3.057221E0,-6.105959E0,1.103968E1
3.061392E0,-8.033762E0,8.582833E0
3.065562E0,-1.075004E1,5.652951E0
3.069733E0,-1.326023E1,1.896668E0
3.073904E0,-1.609983E1,-1.686104E0
3.078075E0,-1.829555E1,-4.719888E0
3.082246E0,-1.997894E1,-6.790759E0
3.086417E0,-2.103606E1,-8.758830E0
3.090588E0,-2.136352E1,-9.408089E0
3.094758E0,-2.129849E1,-9.087278E0
3.098929E0,-2.055350E1,-8.396182E0
3.103100E0,-1.936500E1,-6.792540E0
3.107271E0,-1.752900E1,-4.024491E0
3.111442E0,-1.523102E1,-1.229879E0
3.115613E0,-1.261619E1,2.516300E0
3.119783E0,-9.937236E0,6.240384E0
3.123954E0,-7.829173E0,8.907494E0
3.128125E0,-6.278806E0,1.129417E1
3.132296E0,-5.267748E0,1.227966E1
3.136467E0,-5.138282E0,1.250829E1
3.140637E0,-5.383073E0,1.211338E1
3.144808E0,-6.349343E0,1.051674E1
3.148979E0,-8.354310E0,7.907037E0
3.153150E0,-1.050376E1,4.879267E0
3.157321E0,-1.299167E1,1.367154E0
3.161492E0,-1.591035E1,-1.623144E0
3.165662E0,-1.812172E1,-4.185724E0
3.169833E0,-1.988661E1,-6.160211E0
3.174004E0,-2.095207E1,-7.309322E0
3.178175E0,-2.136651E1,-7.504660E0
3.182346E0,-2.126977E1,-7.349876E0
3.186517E0,-2.010219E1,-5.756201E0
3.190688E0,-1.879397E1,-4.352712E0
3.194858E0,-1.663608E1,-1.618193E0
3.199029E0,-1.419948E1,1.370722E0
3.203200E0,-1.134194E1,4.278974E0
3.207371E0,-8.934614E0,6.777357E0
3.211542E0,-7.136632E0,9.739065E0
3.215712E0,-5.772744E0,1.097935E1
3.219883E0,-5.345643E0,1.166750E1
3.224054E0,-5.419660E0,1.138893E1
3.228225E0,-6.325429E0,9.798739E0
3.232396E0,-8.002556E0,8.042569E0
3.236567E0,-1.042090E1,5.559594E0
3.240738E0,-1.294746E1,2.225106E0
3.244908E0,-1.573322E1,-6.844878E-1
3.249079E0,-1.777443E1,-3.480011E0
3.253250E0,-1.958911E1,-5.282632E0
3.257421E0,-2.030480E1,-6.179646E0
3.261592E0,-2.044076E1,-6.622837E0
3.265763E0,-2.006893E1,-6.475990E0
3.269933E0,-1.911132E1,-5.202954E0
3.274104E0,-1.773136E1,-3.427961E0
3.278275E0,-1.585083E1,-1.185484E0
3.282446E0,-1.329691E1,1.287134E0
3.286617E0,-1.062234E1,4.686264E0
3.290787E0,-8.606748E0,7.414958E0
3.294958E0,-6.768668E0,9.391467E0
3.299129E0,-5.911793E0,1.033873E1
3.303300E0,-5.680478E0,1.084216E1
3.307471E0,-6.162429E0,1.018491E1
3.311642E0,-7.302150E0,9.082581E0
3.315812E0,-9.297194E0,6.775168E0
3.319983E0,-1.125448E1,3.915548E0
3.324154E0,-1.357417E1,1.220805E0
3.328325E0,-1.536764E1,-1.617444E0
3.332496E0,-1.697866E1,-3.980365E0
3.336667E0,-1.830718E1,-5.938776E0
3.340838E0,-1.853829E1,-5.993590E0
3.345008E0,-1.875116E1,-6.497052E0
3.349179E0,-1.819340E1,-5.651942E0
3.353350E0,-1.674361E1,-3.920161E0
3.357521E0,-1.553518E1,-1.761482E0
3.361692E0,-1.328130E1,9.210660E-1
3.365862E0,-1.093535E1,3.991722E0
3.370033E0,-9.279263E0,6.336329E0
3.374204E0,-7.405697E0,8.458750E0
3.378375E0,-6.345173E0,9.584332E0
3.382546E0,-6.020865E0,1.012590E1
3.386717E0,-6.474625E0,9.623174E0
3.390888E0,-7.302241E0,8.387737E0
3.395058E0,-9.077655E0,5.876913E0
3.399229E0,-1.119584E1,3.648349E0
3.403400E0,-1.332312E1,2.830349E-1
3.407571E0,-1.540844E1,-2.076459E0
3.411742E0,-1.691195E1,-3.760096E0
3.415913E0,-1.855187E1,-5.028275E0
3.420083E0,-1.867247E1,-5.548371E0
3.424254E0,-1.848075E1,-5.419886E0
3.428425E0,-1.765405E1,-4.448726E0
3.432596E0,-1.603435E1,-2.765724E0
3.436767E0,-1.440248E1,-3.995052E-1
3.440937E0,-1.213618E1,2.219944E0
3.445108E0,-9.944760E0,4.386209E0
3.449279E0,-8.259865E0,6.687040E0
3.453450E0,-7.003457E0,8.549849E0
3.457621E0,-6.827690E0,9.519155E0
3.461792E0,-6.969303E0,9.822709E0
3.465963E0,-7.769748E0,8.589284E0
3.470133E0,-9.008410E0,7.221413E0
3.474304E0,-1.097187E1,4.617266E0
3.478475E0,-1.307303E1,2.312004E0
3.482646E0,-1.491333E1,-3.798874E-1
3.486817E0,-1.659124E1,-2.508076E0
3.490988E0,-1.731060E1,-3.989334E0
3.495158E0,-1.792846E1,-4.222069E0
3.499329E0,-1.814064E1,-4.291407E0
3.503500E0,-1.724454E1,-3.569592E0
3.507671E0,-1.646768E1,-2.256508E0
3.511842E0,-1.440726E1,-2.648916E-1
3.516013E0,-1.283029E1,2.273257E0
3.520183E0,-1.078938E1,4.741769E0
3.524354E0,-9.492547E0,6.965527E0
3.528525E0,-8.006883E0,8.396761E0
3.532696E0,-7.451032E0,9.249491E0
3.536867E0,-7.543308E0,8.756883E0
3.541037E0,-8.322801E0,7.833758E0
3.545208E0,-9.790031E0,6.269516E0
3.549379E0,-1.146058E1,3.814548E0
3.553550E0,-1.344681E1,1.713515E0
3.557721E0,-1.515335E1,-3.514248E-1
3.561892E0,-1.663190E1,-2.331087E0
3.566063E0,-1.699414E1,-3.382359E0
3.570233E0,-1.737929E1,-3.685437E0
3.574404E0,-1.703552E1,-3.444894E0
3.578575E0,-1.655098E1,-2.121773E0
3.582746E0,-1.503489E1,-9.362919E-1
3.586917E0,-1.362954E1,1.552269E0
3.591087E0,-1.161713E1,3.891983E0
3.595258E0,-9.949849E0,5.861274E0
3.599429E0,-8.732045E0,7.489112E0
3.603600E0,-7.782057E0,8.346882E0
3.607771E0,-8.003012E0,8.234242E0
3.611942E0,-8.378117E0,7.609709E0
3.616113E0,-9.661505E0,6.260720E0
3.620283E0,-1.122301E1,4.086819E0
3.624454E0,-1.305919E1,1.935790E0
3.628625E0,-1.439324E1,9.963942E-2
3.632796E0,-1.590270E1,-1.889894E0
3.636967E0,-1.634378E1,-3.421457E0
3.641138E0,-1.642271E1,-3.314678E0
3.645308E0,-1.636967E1,-2.896951E0
3.649479E0,-1.578497E1,-1.945448E0
3.653650E0,-1.464260E1,-2.836635E-1
3.657821E0,-1.321789E1,1.329098E0
3.661992E0,-1.142317E1,3.770800E0
3.666162E0,-9.721394E0,5.748989E0
3.670333E0,-8.888825E0,6.801914E0
3.674504E0,-8.341508E0,7.852913E0
3.678675E0,-8.338185E0,7.736315E0
3.682846E0,-8.982290E0,7.320432E0
3.687017E0,-9.751740E0,5.637789E0
3.691187E0,-1.129590E1,3.900667E0
3.695358E0,-1.308736E1,1.881827E0
3.699529E0,-1.416658E1,2.258693E-1
3.703700E0,-1.544757E1,-1.475955E0
3.707871E0,-1.577114E1,-2.087405E0
3.712042E0,-1.593115E1,-2.498234E0
3.716213E0,-1.578525E1,-1.820540E0
3.720383E0,-1.498033E1,-4.148404E-1
3.724554E0,-1.399795E1,1.094418E0
3.728725E0,-1.269957E1,3.096996E0
3.732896E0,-1.086386E1,4.927295E0
3.737067E0,-9.748813E0,6.084784E0
3.741237E0,-8.769830E0,7.428812E0
3.745408E0,-8.546519E0,7.245092E0
3.749579E0,-8.828481E0,6.742136E0
3.753750E0,-9.757139E0,5.984467E0
3.757921E0,-1.095288E1,4.469148E0
3.762092E0,-1.261175E1,2.410074E0
3.766263E0,-1.392653E1,4.674020E-1
3.770433E0,-1.482512E1,-1.168130E0
3.774604E0,-1.560144E1,-1.917901E0
3.778775E0,-1.570653E1,-2.016320E0
3.782946E0,-1.529818E1,-1.823586E0
3.787117E0,-1.451396E1,-6.549280E-1
3.791287E0,-1.347076E1,3.815818E-1
3.795458E0,-1.200445E1,2.251023E0
3.799629E0,-1.112189E1,3.677279E0
3.803800E0,-9.559954E0,5.576647E0
3.807971E0,-9.108614E0,6.339389E0
3.812142E0,-9.054117E0,6.252398E0
3.816312E0,-9.347331E0,5.974821E0
3.820483E0,-1.035398E1,5.123596E0
3.824654E0,-1.136648E1,3.637514E0
3.828825E0,-1.259468E1,2.204041E0
3.832996E0,-1.346943E1,2.629023E-1
3.837167E0,-1.433258E1,-9.046810E-1
3.841338E0,-1.461485E1,-1.618096E0
3.845508E0,-1.468087E1,-1.618519E0
3.849679E0,-1.431409E1,-1.230248E0
3.853850E0,-1.361198E1,-7.370853E-2
3.858021E0,-1.293223E1,1.435592E0
3.862192E0,-1.155867E1,2.950374E0
3.866363E0,-1.027991E1,4.407914E0
3.870533E0,-9.516123E0,5.441067E0
3.874704E0,-9.101135E0,5.670812E0
3.878875E0,-9.122850E0,5.800722E0
3.883046E0,-9.618216E0,5.391311E0
3.887217E0,-1.075786E1,4.099112E0
3.891388E0,-1.168159E1,2.482930E0
3.895558E0,-1.249094E1,1.254952E0
3.899729E0,-1.320351E1,-3.369357E-1
3.903900E0,-1.360685E1,-8.599576E-1
3.908071E0,-1.373569E1,-1.224511E0
3.912242E0,-1.349854E1,-7.045876E-1
3.916412E0,-1.299554E1,-2.296274E-1
3.920583E0,-1.245752E1,9.437735E-1
3.924754E0,-1.155701E1,2.531853E0
3.928925E0,-1.031714E1,3.750566E0
3.933096E0,-9.378012E0,4.996994E0
3.937267E0,-9.149268E0,5.441800E0
3.941438E0,-9.021486E0,5.589080E0
3.945608E0,-9.583750E0,5.164628E0
3.949779E0,-1.042983E1,4.045306E0
3.953950E0,-1.144739E1,2.436354E0
3.958121E0,-1.229335E1,1.478249E0
3.962292E0,-1.291441E1,2.128828E-1
3.966463E0,-1.320649E1,-3.220454E-1
3.970633E0,-1.336147E1,-4.999224E-1
3.974804E0,-1.315994E1,-1.442903E-1
3.978975E0,-1.293499E1,4.088896E-1
3.983146E0,-1.243578E1,1.551277E0
3.987317E0,-1.143404E1,3.064462E0
3.991488E0,-1.049933E1,3.860602E0
3.995658E0,-9.738106E0,5.197386E0
3.999829E0,-9.298043E0,5.254942E0
4.004000E0,-9.317333E0,5.138092E0
4.008171E0,-9.799228E0,4.721363E0
4.012342E0,-1.083023E1,3.698817E0
4.016513E0,-1.142266E1,2.812456E0
4.020683E0,-1.235867E1,1.695950E0
4.024854E0,-1.290881E1,5.472087E-1
4.029025E0,-1.317187E1,4.280525E-1
4.033196E0,-1.330742E1,9.858257E-2
4.037367E0,-1.311237E1,5.686591E-1
4.041537E0,-1.273047E1,1.530042E0
4.045708E0,-1.190230E1,2.415281E0
4.049879E0,-1.109004E1,3.381921E0
4.054050E0,-1.074296E1,4.331436E0
4.058221E0,-9.867998E0,4.566841E0
4.062392E0,-1.005624E1,4.821917E0
4.066562E0,-1.032114E1,4.714053E0
4.070733E0,-1.097357E1,3.910998E0
4.074904E0,-1.154318E1,2.963946E0
4.079075E0,-1.233140E1,1.813450E0
4.083246E0,-1.282094E1,8.977210E-1
4.087417E0,-1.340355E1,5.752591E-1
4.091588E0,-1.327730E1,4.070136E-1
4.095758E0,-1.326161E1,5.335310E-1
4.099929E0,-1.290965E1,1.780209E0
4.104100E0,-1.223402E1,2.449991E0
4.108271E0,-1.170348E1,3.134762E0
4.112442E0,-1.093241E1,3.866337E0
4.116613E0,-1.049538E1,4.544517E0
4.120783E0,-1.052545E1,4.808043E0
4.124954E0,-1.034566E1,4.508322E0
4.129125E0,-1.078823E1,4.228717E0
4.133296E0,-1.150029E1,3.433071E0
4.137467E0,-1.202048E1,2.353764E0
4.141637E0,-1.287133E1,1.707172E0
4.145808E0,-1.337066E1,1.178294E0
4.149979E0,-1.331203E1,6.878453E-1
4.154150E0,-1.315310E1,1.436593E0
4.158321E0,-1.279642E1,2.114250E0
4.162492E0,-1.228635E1,2.780893E0
4.166663E0,-1.183292E1,3.372449E0
4.170833E0,-1.125768E1,3.707744E0
4.175004E0,-1.119326E1,4.135956E0
4.179175E0,-1.104403E1,4.038870E0
4.183346E0,-1.139254E1,3.837602E0
4.187517E0,-1.193336E1,2.815743E0
4.191687E0,-1.242113E1,2.534089E0
4.195858E0,-1.285609E1,2.407444E0
4.200029E0,-1.347932E1,1.758835E0
4.204200E0,-1.343921E1,1.497953E0
4.208371E0,-1.341828E1,1.546999E0
4.212542E0,-1.310877E1,2.098815E0
4.216712E0,-1.266578E1,2.478311E0
4.220883E0,-1.198992E1,2.917244E0
4.225054E0,-1.166161E1,3.711113E0
4.229225E0,-1.126583E1,3.693216E0
4.233396E0,-1.139787E1,3.934331E0
4.237567E0,-1.153691E1,3.896678E0
4.241738E0,-1.185908E1,3.459964E0
4.245908E0,-1.220069E1,2.829307E0
4.250079E0,-1.249095E1,2.094775E0
4.254250E0,-1.268891E1,1.987760E0
4.258421E0,-1.274882E1,1.987477E0
4.262592E0,-1.265042E1,1.879256E0
4.266762E0,-1.268264E1,2.184982E0
4.270933E0,-1.226901E1,2.363330E0
4.275104E0,-1.200089E1,2.466082E0
4.279275E0,-1.147122E1,2.903081E0
4.283446E0,-1.121383E1,3.409735E0
4.287617E0,-1.120570E1,2.940892E0
4.291788E0,-1.132170E1,2.896484E0
4.295958E0,-1.141578E1,2.608987E0
4.300129E0,-1.203219E1,2.454133E0
4.304300E0,-1.241074E1,2.004207E0
4.308471E0,-1.268320E1,1.778789E0
4.312642E0,-1.248871E1,1.789088E0
4.316813E0,-1.212377E1,1.790099E0
4.320983E0,-1.236235E1,2.050719E0
4.325154E0,-1.188988E1,2.283087E0
4.329325E0,-1.189086E1,2.383668E0
4.333496E0,-1.156972E1,2.872333E0
4.337667E0,-1.151227E1,3.010490E0
4.341837E0,-1.154112E1,2.813713E0
4.346008E0,-1.161209E1,2.988952E0
4.350179E0,-1.192280E1,2.369434E0
4.354350E0,-1.190312E1,2.204933E0
4.358521E0,-1.240128E1,1.880314E0
4.362692E0,-1.259616E1,1.962832E0
4.366862E0,-1.252635E1,2.015685E0
4.371033E0,-1.217895E1,2.098691E0
4.375204E0,-1.196878E1,2.279449E0
4.379375E0,-1.198702E1,2.189472E0
4.383546E0,-1.184615E1,2.247932E0
4.387717E0,-1.184332E1,2.448218E0
4.391888E0,-1.208092E1,2.411581E0
4.396058E0,-1.214524E1,2.168210E0
4.400229E0,-1.243066E1,2.051358E0
4.404400E0,-1.246426E1,1.956435E0
4.408571E0,-1.243012E1,1.950202E0
4.412742E0,-1.259061E1,1.974682E0
4.416913E0,-1.254041E1,1.931686E0
4.421083E0,-1.226971E1,2.000057E0
4.425254E0,-1.229225E1,2.141253E0
4.429425E0,-1.199236E1,2.118887E0
4.433596E0,-1.210926E1,2.254862E0
4.437767E0,-1.208470E1,2.128196E0
4.441937E0,-1.212245E1,2.173092E0
4.446108E0,-1.230036E1,1.986101E0
4.450279E0,-1.235127E1,2.017455E0
4.454450E0,-1.252923E1,1.958702E0
4.458621E0,-1.249669E1,1.779531E0
4.462792E0,-1.259144E1,1.945200E0
4.466962E0,-1.232368E1,1.767250E0
4.471133E0,-1.216218E1,2.068515E0
4.475304E0,-1.214575E1,2.211097E0
4.479475E0,-1.217247E1,2.305564E0
4.483646E0,-1.212919E1,2.464905E0
4.487817E0,-1.216976E1,2.217079E0
4.491988E0,-1.218737E1,2.183304E0
4.496158E0,-1.219465E1,1.933137E0
4.500329E0,-1.237519E1,1.887198E0
4.504500E0,-1.237579E1,1.867178E0
4.508671E0,-1.240022E1,2.052704E0
4.512842E0,-1.257351E1,2.028885E0
4.517012E0,-1.228311E1,2.183245E0
4.521183E0,-1.232361E1,1.990392E0
4.525354E0,-1.210839E1,2.148907E0
4.529525E0,-1.215363E1,2.170563E0
4.533696E0,-1.223125E1,2.182265E0
4.537867E0,-1.217931E1,1.975241E0
4.542038E0,-1.227503E1,1.927710E0
4.546208E0,-1.229551E1,1.925213E0
4.550379E0,-1.233077E1,2.075480E0
4.554550E0,-1.215053E1,1.962318E0
4.558721E0,-1.213095E1,2.008906E0
4.562892E0,-1.243860E1,1.918709E0
4.567062E0,-1.235595E1,2.130105E0
4.571233E0,-1.218655E1,2.071132E0
4.575404E0,-1.236374E1,2.160214E0
4.579575E0,-1.230530E1,1.975335E0
4.583746E0,-1.224235E1,2.140776E0
4.587917E0,-1.229690E1,2.132297E0
4.592087E0,-1.237719E1,2.188022E0
4.596258E0,-1.219321E1,1.864271E0
4.600429E0,-1.226395E1,1.930132E0
4.604600E0,-1.231590E1,2.036659E0
4.608771E0,-1.212812E1,2.011803E0
4.612942E0,-1.226639E1,2.140298E0
4.617113E0,-1.221714E1,2.152454E0
4.621283E0,-1.226119E1,2.000574E0
4.625454E0,-1.225534E1,1.916359E0
4.629625E0,-1.230290E1,2.077779E0
4.633796E0,-1.229717E1,2.029348E0
4.637967E0,-1.221194E1,2.041333E0
4.642137E0,-1.226098E1,2.209369E0
4.646308E0,-1.234157E1,2.039739E0
4.650479E0,-1.209464E1,1.946761E0
4.654650E0,-1.217433E1,1.966593E0
4.658821E0,-1.239042E1,2.036577E0
4.662992E0,-1.233752E1,2.072241E0
4.667163E0,-1.223149E1,2.072077E0
4.671333E0,-1.223661E1,2.066251E0
4.675504E0,-1.219054E1,2.090229E0
4.679675E0,-1.216788E1,1.931807E0
4.683846E0,-1.216577E1,1.953950E0
4.688017E0,-1.210716E1,2.010020E0
4.692188E0,-1.234470E1,2.008504E0
4.696358E0,-1.233680E1,2.029635E0
4.700529E0,-1.245480E1,2.151405E0
4.704700E0,-1.213081E1,2.079254E0
4.708871E0,-1.224374E1,2.036687E0
4.713042E0,-1.226744E1,1.951631E0
4.717212E0,-1.222914E1,2.040591E0
4.721383E0,-1.224416E1,2.028013E0
4.725554E0,-1.218226E1,2.170599E0
4.729725E0,-1.218516E1,2.191213E0
4.733896E0,-1.226884E1,1.987311E0
4.738067E0,-1.223791E1,1.818294E0
4.742237E0,-1.227864E1,1.916707E0
4.746408E0,-1.228197E1,2.125672E0
4.750579E0,-1.227989E1,2.014334E0
4.754750E0,-1.215199E1,2.011150E0
4.758921E0,-1.227899E1,1.943868E0
4.763092E0,-1.220572E1,2.015726E0
4.767263E0,-1.233478E1,2.161352E0
4.771433E0,-1.221364E1,2.253061E0
4.775604E0,-1.229866E1,1.965274E0
4.779775E0,-1.238997E1,2.052145E0
4.783946E0,-1.229676E1,2.159528E0
4.788117E0,-1.216588E1,2.158627E0
4.792288E0,-1.220532E1,1.905502E0
4.796458E0,-1.232846E1,2.193013E0
4.800629E0,-1.221688E1,1.988473E0
4.804800E0,-1.224281E1,2.181939E0
4.808971E0,-1.225625E1,2.024970E0
4.813142E0,-1.232375E1,2.208959E0
4.817312E0,-1.228891E1,2.158096E0
4.821483E0,-1.230450E1,2.120072E0
4.825654E0,-1.238155E1,2.080144E0
4.829825E0,-1.213220E1,2.176881E0
4.833996E0,-1.243292E1,2.010130E0
4.838167E0,-1.216657E1,1.946159E0
4.842337E0,-1.216092E1,1.987666E0
4.846508E0,-1.226806E1,1.966305E0
4.850679E0,-1.219691E1,2.088980E0
4.854850E0,-1.234263E1,1.979537E0
4.859021E0,-1.232990E1,2.216485E0
4.863192E0,-1.225464E1,2.025850E0
4.867363E0,-1.217815E1,1.995711E0
4.871533E0,-1.232444E1,2.150994E0
4.875704E0,-1.215422E1,2.103311E0
4.879875E0,-1.219019E1,2.087022E0
4.884046E0,-1.225009E1,2.031025E0
4.888217E0,-1.207566E1,2.012890E0
4.892387E0,-1.225161E1,2.015683E0
4.896558E0,-1.250330E1,2.050408E0
4.900729E0,-1.245800E1,2.057753E0
4.904900E0,-1.229647E1,2.186435E0
4.909071E0,-1.227664E1,1.925208E0
4.913242E0,-1.214142E1,1.979630E0
4.917413E0,-1.230144E1,1.917833E0
4.921583E0,-1.215427E1,1.919638E0
4.925754E0,-1.227633E1,2.040906E0
4.929925E0,-1.210774E1,2.072701E0
4.934096E0,-1.218922E1,2.118997E0
4.938267E0,-1.217059E1,2.071365E0
4.942437E0,-1.209422E1,2.147615E0
4.946608E0,-1.230034E1,1.901423E0
4.950779E0,-1.223674E1,2.073574E0
4.954950E0,-1.209971E1,2.122396E0
4.959121E0,-1.214946E1,2.075156E0
4.963292E0,-1.219252E1,2.030869E0
4.967462E0,-1.224227E1,2.048248E0
4.971633E0,-1.214555E1,2.180866E0
4.975804E0,-1.222531E1,2.040372E0
4.979975E0,-1.214645E1,1.987593E0
4.984146E0,-1.202380E1,1.991785E0
4.988317E0,-1.223996E1,2.214051E0
4.992488E0,-1.209372E1,1.880630E0
4.996658E0,-1.224721E1,2.239528E0
5.000829E0,-1.213238E1,1.896680E0
5.005000E0,-1.217741E1,2.165643E0
5.009171E0,-1.208901E1,1.964250E0
5.013342E0,-1.212068E1,2.005663E0
5.017512E0,-1.210130E1,1.909535E0
5.021683E0,-1.217670E1,1.982691E0
5.025854E0,-1.211899E1,2.054880E0
5.030025E0,-1.206787E1,2.084467E0
5.034196E0,-1.218791E1,1.971154E0
5.038367E0,-1.213578E1,2.168012E0
5.042538E0,-1.212646E1,1.980791E0
5.046708E0,-1.226276E1,2.244704E0
5.050879E0,-1.216025E1,2.051783E0
5.055050E0,-1.200776E1,2.141208E0
5.059221E0,-1.214099E1,2.272882E0
5.063392E0,-1.209833E1,2.118713E0
5.067563E0,-1.211074E1,2.141011E0
5.071733E0,-1.214337E1,2.107053E0
5.075904E0,-1.209819E1,2.129972E0
5.080075E0,-1.209418E1,2.161692E0
5.084246E0,-1.205090E1,2.161042E0
5.088417E0,-1.192004E1,2.197935E0
5.092587E0,-1.174608E1,2.182818E0
5.096758E0,-1.172510E1,2.240549E0
5.100929E0,-1.151079E1,2.260627E0
5.105100E0,-1.109897E1,2.168687E0
5.109271E0,-1.152042E1,2.319663E0
5.113442E0,-1.132382E1,2.060529E0
5.117612E0,-1.116804E1,2.155703E0
5.121783E0,-1.130385E1,2.290533E0
5.125954E0,-1.118380E1,2.121555E0
5.130125E0,-1.106469E1,2.167417E0
5.134296E0,-1.107071E1,2.163062E0
5.138467E0,-1.086097E1,2.157700E0
5.142638E0,-1.065064E1,2.329320E0
5.146808E0,-1.072256E1,2.195967E0
5.150979E0,-1.052446E1,2.190456E0
5.155150E0,-1.045347E1,2.273137E0
5.159321E0,-1.035682E1,2.148215E0
5.163492E0,-1.009666E1,2.132293E0
5.167663E0,-1.008233E1,2.277406E0
5.171833E0,-1.005753E1,2.332978E0
5.176004E0,-1.018406E1,2.184054E0
5.180175E0,-9.706932E0,2.098830E0
5.184346E0,-9.603726E0,2.301119E0
5.188517E0,-9.513652E0,2.355059E0
5.192687E0,-9.437293E0,2.347644E0
5.196858E0,-9.265216E0,2.233103E0
5.201029E0,-9.103507E0,2.126324E0
5.205200E0,-8.991107E0,2.096855E0
5.209371E0,-8.997336E0,2.274259E0
5.213542E0,-8.858918E0,2.079942E0
5.217712E0,-9.068682E0,2.271533E0
5.221883E0,-8.857813E0,2.050316E0
5.226054E0,-9.027141E0,2.089566E0
5.230225E0,-8.908906E0,2.038104E0
5.234396E0,-8.940674E0,2.092341E0
5.238567E0,-9.068541E0,2.096173E0
5.242738E0,-8.941276E0,2.149594E0
5.246908E0,-8.758086E0,2.300162E0
5.251079E0,-8.445580E0,2.330515E0
5.255250E0,-8.647277E0,2.414750E0
5.259421E0,-8.131711E0,2.226251E0
5.263592E0,-8.262726E0,2.115828E0
5.267762E0,-7.975655E0,2.155144E0
5.271933E0,-8.100158E0,2.124212E0
5.276104E0,-8.156141E0,2.188705E0
5.280275E0,-8.000700E0,2.196570E0
5.284446E0,-7.919423E0,2.057804E0
5.288617E0,-7.926143E0,2.163593E0
5.292788E0,-8.038945E0,2.414875E0
5.296958E0,-7.830589E0,2.158546E0
5.301129E0,-7.728378E0,2.187526E0
5.305300E0,-7.497505E0,2.220646E0
5.309471E0,-7.292123E0,2.203322E0
5.313642E0,-7.401445E0,2.216970E0
5.317812E0,-7.390018E0,2.256057E0
5.321983E0,-7.128238E0,2.043794E0
5.326154E0,-7.082944E0,1.957200E0
5.330325E0,-7.002965E0,1.985735E0
5.334496E0,-7.197889E0,2.105005E0
5.338667E0,-7.090692E0,1.887193E0
5.342837E0,-7.236434E0,2.140709E0
5.347008E0,-6.961353E0,2.007364E0
5.351179E0,-7.164328E0,2.090445E0
5.355350E0,-7.136404E0,2.115173E0
5.359521E0,-7.111594E0,2.017384E0
5.363692E0,-6.960651E0,2.080676E0
5.367863E0,-7.127151E0,2.343780E0
5.372033E0,-6.476574E0,2.137955E0
5.376204E0,-6.713085E0,2.339116E0
5.380375E0,-6.539362E0,2.287208E0
5.384546E0,-6.449715E0,2.192796E0
5.388717E0,-6.189894E0,2.288890E0
5.392887E0,-6.224949E0,2.038433E0
5.397058E0,-6.357800E0,2.038568E0
5.401229E0,-6.094354E0,2.067843E0
5.405400E0,-6.275678E0,2.171220E0
5.409571E0,-6.134538E0,2.167329E0
5.413742E0,-6.095560E0,2.119916E0
5.417913E0,-5.990514E0,2.002661E0
5.422083E0,-5.924443E0,2.180212E0
5.426254E0,-6.292728E0,2.040977E0
5.430425E0,-6.348251E0,2.067624E0
5.434596E0,-6.262016E0,2.301970E0
5.438767E0,-6.153926E0,2.046115E0
5.442938E0,-6.185611E0,2.112425E0
5.447108E0,-6.043295E0,2.021970E0
5.451279E0,-6.093931E0,1.983397E0
5.455450E0,-5.802230E0,1.931413E0
5.459621E0,-6.217714E0,1.988446E0
5.463792E0,-6.113842E0,1.940943E0
5.467962E0,-6.082312E0,2.052246E0
5.472133E0,-6.398111E0,2.047469E0
5.476304E0,-5.891933E0,1.901190E0
5.480475E0,-6.000181E0,2.085460E0
5.484646E0,-6.169275E0,2.191322E0
5.488817E0,-6.053581E0,2.360289E0
5.492987E0,-6.089709E0,2.102527E0
5.497158E0,-6.303568E0,2.106053E0
5.501329E0,-5.970829E0,2.151523E0
5.505500E0,-6.248610E0,2.233469E0
5.509671E0,-6.311406E0,2.328639E0
