,mass A,,
t,x,y,
0.000000E0,1.761631E2,2.491196E1
4.170833E-3,1.620083E2,2.578135E1
8.341667E-3,1.469637E2,2.659339E1
1.251250E-2,1.299545E2,2.656232E1
1.668333E-2,1.119496E2,2.688755E1
2.085417E-2,9.140187E1,2.564049E1
2.502500E-2,6.920116E1,2.431484E1
2.919583E-2,3.736793E1,1.779425E1
3.336667E-2,1.096512E1,1.402851E1
3.753750E-2,-1.325418E1,1.063936E1
4.170833E-2,-3.569188E1,7.563813E0
4.587917E-2,-5.381916E1,4.659906E0
5.005000E-2,-7.328636E1,4.910085E-1
5.422083E-2,-9.169508E1,-4.427348E0
5.839167E-2,-1.081470E2,-8.926346E0
6.256250E-2,-1.231000E2,-1.363384E1
6.673333E-2,-1.375683E2,-1.720187E1
7.090417E-2,-1.491843E2,-2.098396E1
7.507500E-2,-1.584987E2,-2.603338E1
7.924583E-2,-1.674865E2,-3.008135E1
8.341667E-2,-1.729357E2,-3.623994E1
8.758750E-2,-1.787147E2,-4.006318E1
9.175833E-2,-1.834483E2,-4.312984E1
9.592917E-2,-1.876589E2,-4.606939E1
1.001000E-1,-1.895113E2,-4.979248E1
1.042708E-1,-1.906621E2,-5.259098E1
1.084417E-1,-1.905284E2,-5.472172E1
1.126125E-1,-1.902440E2,-5.677183E1
1.167833E-1,-1.883555E2,-5.905962E1
1.209542E-1,-1.855222E2,-6.082712E1
1.251250E-1,-1.812868E2,-6.229526E1
1.292958E-1,-1.755326E2,-6.372756E1
1.334667E-1,-1.695464E2,-6.472697E1
1.376375E-1,-1.628272E2,-6.440510E1
1.418083E-1,-1.542916E2,-6.395308E1
1.459792E-1,-1.441961E2,-6.294433E1
1.501500E-1,-1.323693E2,-6.220606E1
1.543208E-1,-1.187516E2,-6.100936E1
1.584917E-1,-1.050405E2,-5.917462E1
1.626625E-1,-9.077585E1,-5.567205E1
1.668333E-1,-7.260724E1,-5.162600E1
1.710042E-1,-5.298531E1,-4.670389E1
1.751750E-1,-3.400680E1,-4.129610E1
1.793458E-1,-1.238292E1,-3.517376E1
1.835167E-1,1.124815E1,-2.725888E1
1.876875E-1,3.321711E1,-1.909249E1
1.918583E-1,5.445488E1,-8.616530E0
1.960292E-1,7.316911E1,1.624394E0
2.002000E-1,9.037262E1,1.026296E1
2.043708E-1,1.063309E2,1.904705E1
2.085417E-1,1.203725E2,2.699269E1
2.127125E-1,1.331215E2,3.479314E1
2.168833E-1,1.450180E2,4.310930E1
2.210542E-1,1.552675E2,5.061243E1
2.252250E-1,1.633566E2,5.653737E1
2.293958E-1,1.704324E2,6.251829E1
2.335667E-1,1.762361E2,6.790781E1
2.377375E-1,1.808262E2,7.289436E1
2.419083E-1,1.843070E2,7.729341E1
2.460792E-1,1.865180E2,8.103913E1
2.502500E-1,1.874119E2,8.436566E1
2.544208E-1,1.875555E2,8.755260E1
2.585917E-1,1.864648E2,8.973007E1
2.627625E-1,1.841223E2,9.154102E1
2.669333E-1,1.815277E2,9.314649E1
2.711042E-1,1.764608E2,9.454917E1
2.752750E-1,1.708995E2,9.432593E1
2.794458E-1,1.653593E2,9.406292E1
2.836167E-1,1.574602E2,9.280558E1
2.877875E-1,1.483102E2,9.087919E1
2.919583E-1,1.381060E2,8.782685E1
2.961292E-1,1.264314E2,8.434753E1
3.003000E-1,1.143281E2,8.013391E1
3.044708E-1,1.004859E2,7.414151E1
3.086417E-1,8.532963E1,6.815186E1
3.128125E-1,6.901005E1,6.120150E1
3.169833E-1,5.162497E1,5.168785E1
3.211542E-1,3.306488E1,4.146896E1
3.253250E-1,1.300277E1,2.925065E1
3.294958E-1,-8.522934E0,1.402889E1
3.336667E-1,-2.640129E1,1.327377E0
3.378375E-1,-4.104534E1,-1.102467E1
3.420083E-1,-5.490376E1,-2.420767E1
3.461792E-1,-6.807445E1,-3.672997E1
3.503500E-1,-8.049737E1,-4.978116E1
3.545208E-1,-9.089054E1,-6.140770E1
3.586917E-1,-1.000539E2,-7.217867E1
3.628625E-1,-1.087127E2,-8.196382E1
3.670333E-1,-1.162294E2,-9.038563E1
3.712042E-1,-1.217231E2,-9.829659E1
3.753750E-1,-1.253238E2,-1.064047E2
3.795458E-1,-1.286751E2,-1.125132E2
3.837167E-1,-1.306285E2,-1.185679E2
3.878875E-1,-1.319087E2,-1.236633E2
3.920583E-1,-1.321622E2,-1.272756E2
3.962292E-1,-1.320484E2,-1.305338E2
4.004000E-1,-1.307683E2,-1.331022E2
4.045708E-1,-1.289919E2,-1.346463E2
4.087417E-1,-1.265134E2,-1.353648E2
4.129125E-1,-1.232839E2,-1.352486E2
4.170833E-1,-1.195676E2,-1.344773E2
4.212542E-1,-1.145286E2,-1.323293E2
4.254250E-1,-1.088339E2,-1.293790E2
4.295958E-1,-1.023352E2,-1.258879E2
4.337667E-1,-9.493443E1,-1.212350E2
4.379375E-1,-8.795950E1,-1.158104E2
4.421083E-1,-7.979371E1,-1.085524E2
4.462792E-1,-7.006776E1,-1.010099E2
4.504500E-1,-5.788163E1,-9.191943E1
4.546208E-1,-4.773017E1,-8.131134E1
4.587917E-1,-3.358947E1,-6.996935E1
4.629625E-1,-2.107244E1,-5.759572E1
4.671333E-1,-6.308238E0,-4.360073E1
4.713042E-1,7.770974E0,-2.928134E1
4.754750E-1,2.319997E1,-1.212751E1
4.796458E-1,3.736964E1,3.590749E0
4.838167E-1,5.036322E1,2.205715E1
4.879875E-1,6.223772E1,3.948886E1
4.921583E-1,7.197473E1,5.552141E1
4.963292E-1,8.041757E1,7.208035E1
5.005000E-1,8.851812E1,8.327979E1
5.046708E-1,9.574256E1,9.543410E1
5.088417E-1,1.012421E2,1.058860E2
5.130125E-1,1.061632E2,1.157017E2
5.171833E-1,1.100947E2,1.244225E2
5.213542E-1,1.133746E2,1.326966E2
5.255250E-1,1.158174E2,1.388451E2
5.296958E-1,1.168952E2,1.439047E2
5.338667E-1,1.178696E2,1.477321E2
5.380375E-1,1.178986E2,1.504634E2
5.422083E-1,1.173200E2,1.524069E2
5.463792E-1,1.160336E2,1.532648E2
5.505500E-1,1.137469E2,1.532013E2
5.547208E-1,1.105443E2,1.520805E2
5.588917E-1,1.068251E2,1.501781E2
5.630625E-1,1.022893E2,1.470409E2
5.672333E-1,9.704992E1,1.429584E2
5.714042E-1,9.140239E1,1.379099E2
5.755750E-1,8.460439E1,1.316318E2
5.797458E-1,7.709907E1,1.236285E2
5.839167E-1,6.917699E1,1.147643E2
5.880875E-1,6.030935E1,1.043123E2
5.922583E-1,5.074262E1,9.280635E1
5.964292E-1,4.076688E1,7.782543E1
6.006000E-1,3.007667E1,6.290670E1
6.047708E-1,1.871370E1,4.468739E1
6.089417E-1,6.502504E0,2.545426E1
6.131125E-1,-5.395096E0,6.301946E0
6.172833E-1,-1.598626E1,-1.208662E1
6.214542E-1,-2.432315E1,-3.099491E1
6.256250E-1,-3.085480E1,-4.771849E1
6.297958E-1,-3.673258E1,-6.401500E1
6.339667E-1,-4.322443E1,-7.995463E1
6.381375E-1,-4.777121E1,-9.363282E1
6.423083E-1,-5.286687E1,-1.070531E2
6.464792E-1,-5.608935E1,-1.184006E2
6.506500E-1,-5.884453E1,-1.285240E2
6.548208E-1,-6.043047E1,-1.375641E2
6.589917E-1,-6.166421E1,-1.453769E2
6.631625E-1,-6.231871E1,-1.518155E2
6.673333E-1,-6.310486E1,-1.575748E2
6.715042E-1,-6.267603E1,-1.616041E2
6.756750E-1,-6.181191E1,-1.653425E2
6.798458E-1,-6.037194E1,-1.669649E2
6.840167E-1,-5.940576E1,-1.683005E2
6.881875E-1,-5.731270E1,-1.682429E2
6.923583E-1,-5.477319E1,-1.674843E2
6.965292E-1,-5.187731E1,-1.654128E2
7.007000E-1,-4.852508E1,-1.619078E2
7.048708E-1,-4.475156E1,-1.579234E2
7.090417E-1,-4.066813E1,-1.519540E2
7.132125E-1,-3.650054E1,-1.452744E2
7.173833E-1,-3.249014E1,-1.374679E2
7.215542E-1,-2.745799E1,-1.284141E2
7.257250E-1,-2.184504E1,-1.174159E2
7.298958E-1,-1.625257E1,-1.057628E2
7.340667E-1,-1.039224E1,-9.216051E1
7.382375E-1,-4.289276E0,-7.701809E1
7.424083E-1,2.197773E0,-6.075813E1
7.465792E-1,8.495737E0,-4.431988E1
7.507500E-1,1.459308E1,-2.652675E1
7.549208E-1,2.070253E1,-7.698710E0
7.590917E-1,2.652640E1,1.297456E1
7.632625E-1,3.224977E1,3.738281E1
7.674333E-1,3.568792E1,5.595841E1
7.716042E-1,3.903964E1,7.621697E1
7.757750E-1,4.124426E1,9.244876E1
7.799458E-1,4.292539E1,1.081858E2
7.841167E-1,4.472365E1,1.203963E2
7.882875E-1,4.527076E1,1.311632E2
7.924583E-1,4.618980E1,1.417740E2
7.966292E-1,4.685554E1,1.506262E2
8.008000E-1,4.661482E1,1.570579E2
8.049708E-1,4.588468E1,1.636045E2
8.091417E-1,4.577661E1,1.683277E2
8.133125E-1,4.405938E1,1.722630E2
8.174833E-1,4.229329E1,1.742654E2
8.216542E-1,4.081201E1,1.754030E2
8.258250E-1,3.838642E1,1.756328E2
8.299958E-1,3.586876E1,1.741603E2
8.341667E-1,3.364740E1,1.717048E2
8.383375E-1,3.025980E1,1.679597E2
8.425083E-1,2.753506E1,1.627649E2
8.466792E-1,2.396907E1,1.560348E2
8.508500E-1,1.995377E1,1.478952E2
8.550208E-1,1.662070E1,1.384616E2
8.591917E-1,1.258550E1,1.277860E2
8.633625E-1,8.558550E0,1.153001E2
8.675333E-1,4.683387E0,1.018765E2
8.717042E-1,9.306795E-1,8.597713E1
8.758750E-1,-3.398240E0,6.742370E1
8.800458E-1,-6.529923E0,4.844444E1
8.842167E-1,-9.520446E0,2.583231E1
8.883875E-1,-1.135257E1,5.049650E0
8.925583E-1,-1.254403E1,-1.587080E1
8.967292E-1,-1.115066E1,-3.457673E1
9.009000E-1,-9.696003E0,-5.240439E1
9.050708E-1,-7.511634E0,-6.918032E1
9.092417E-1,-4.324917E0,-8.412731E1
9.134125E-1,-2.483808E0,-9.859775E1
9.175833E-1,-5.453137E-1,-1.113543E2
9.217542E-1,2.500281E0,-1.223851E2
9.259250E-1,5.327155E0,-1.329060E2
9.300958E-1,7.489519E0,-1.415634E2
9.342667E-1,1.036302E1,-1.489817E2
9.384375E-1,1.248595E1,-1.550540E2
9.426083E-1,1.476492E1,-1.601054E2
9.467792E-1,1.704141E1,-1.641487E2
9.509500E-1,1.999681E1,-1.669030E2
9.551208E-1,2.151864E1,-1.681432E2
9.592917E-1,2.353508E1,-1.683120E2
9.634625E-1,2.509453E1,-1.672749E2
9.676333E-1,2.681940E1,-1.651342E2
9.718042E-1,2.783200E1,-1.613821E2
9.759750E-1,2.833869E1,-1.566726E2
9.801458E-1,2.944233E1,-1.505094E2
9.843167E-1,3.006674E1,-1.433973E2
9.884875E-1,3.045275E1,-1.351508E2
9.926583E-1,3.062744E1,-1.257369E2
9.968292E-1,3.043508E1,-1.159963E2
1.001000E0,3.040010E1,-1.035789E2
1.005171E0,2.902203E1,-9.029557E1
1.009342E0,2.734780E1,-7.577732E1
1.013512E0,2.598413E1,-5.887641E1
1.017683E0,2.373469E1,-4.254422E1
1.021854E0,2.131754E1,-2.530610E1
1.026025E0,1.802742E1,-7.381349E0
1.030196E0,1.416927E1,1.525732E1
1.034367E0,9.445565E0,3.566342E1
1.038537E0,4.227914E0,5.710172E1
1.042708E0,-1.099231E-1,7.430303E1
1.046879E0,-5.031656E0,8.945283E1
1.051050E0,-8.892665E0,1.025257E2
1.055221E0,-1.220564E1,1.140739E2
1.059392E0,-1.567528E1,1.244829E2
1.063562E0,-1.759014E1,1.333994E2
1.067733E0,-2.027998E1,1.416700E2
1.071904E0,-2.183577E1,1.476387E2
1.076075E0,-2.388201E1,1.528949E2
1.080246E0,-2.517567E1,1.568031E2
1.084417E0,-2.647598E1,1.592655E2
1.088587E0,-2.747395E1,1.602337E2
1.092758E0,-2.796004E1,1.601027E2
1.096929E0,-2.800578E1,1.586986E2
1.101100E0,-2.790804E1,1.559982E2
1.105271E0,-2.761801E1,1.522800E2
1.109442E0,-2.688906E1,1.470181E2
1.113612E0,-2.565106E1,1.404513E2
1.117783E0,-2.456762E1,1.327584E2
1.121954E0,-2.297005E1,1.235750E2
1.126125E0,-2.110824E1,1.136539E2
1.130296E0,-1.831876E1,1.020507E2
1.134467E0,-1.586049E1,8.832622E1
1.138637E0,-1.160342E1,7.436384E1
1.142808E0,-7.933920E0,5.747774E1
1.146979E0,-2.997365E0,3.803732E1
1.151150E0,2.733495E0,1.746529E1
1.155321E0,8.340578E0,-3.952980E0
1.159492E0,1.404716E1,-2.151975E1
1.163662E0,2.010570E1,-3.807515E1
1.167833E0,2.652461E1,-5.327370E1
1.172004E0,3.185732E1,-6.770429E1
1.176175E0,3.692961E1,-7.925377E1
1.180346E0,4.157242E1,-9.051936E1
1.184517E0,4.544755E1,-1.015152E2
1.188687E0,4.908507E1,-1.102913E2
1.192858E0,5.166324E1,-1.190415E2
1.197029E0,5.467215E1,-1.261167E2
1.201200E0,5.693456E1,-1.314407E2
1.205371E0,5.859750E1,-1.366134E2
1.209542E0,5.986403E1,-1.406434E2
1.213712E0,6.009719E1,-1.429643E2
1.217883E0,6.054214E1,-1.446713E2
1.222054E0,5.978682E1,-1.450766E2
1.226225E0,5.910440E1,-1.445553E2
1.230396E0,5.736187E1,-1.424569E2
1.234567E0,5.563528E1,-1.394523E2
1.238737E0,5.293072E1,-1.350678E2
1.242908E0,4.998960E1,-1.297078E2
1.247079E0,4.711254E1,-1.233612E2
1.251250E0,4.374476E1,-1.159145E2
1.255421E0,3.943270E1,-1.064555E2
1.259592E0,3.520368E1,-9.657741E1
1.263762E0,3.021048E1,-8.508788E1
1.267933E0,2.419191E1,-7.303370E1
1.272104E0,1.933848E1,-5.951198E1
1.276275E0,1.340544E1,-4.382589E1
1.280446E0,7.350042E0,-2.858607E1
1.284617E0,1.736898E0,-9.945934E0
1.288787E0,-2.638285E0,7.933241E0
1.292958E0,-7.703201E0,3.039635E1
1.297129E0,-1.069433E1,4.800026E1
1.301300E0,-1.356333E1,6.399624E1
1.305471E0,-1.481686E1,7.653406E1
1.309642E0,-1.655103E1,9.014022E1
1.313812E0,-1.751891E1,1.014923E2
1.317983E0,-1.827301E1,1.120650E2
1.322154E0,-1.884116E1,1.206520E2
1.326325E0,-1.870103E1,1.288785E2
1.330496E0,-1.827489E1,1.348652E2
1.334667E0,-1.767408E1,1.396408E2
1.338837E0,-1.669679E1,1.438494E2
1.343008E0,-1.595280E1,1.462480E2
1.347179E0,-1.487115E1,1.472823E2
1.351350E0,-1.292943E1,1.469123E2
1.355521E0,-1.110816E1,1.456642E2
1.359692E0,-9.226134E0,1.427390E2
1.363862E0,-7.216051E0,1.386591E2
1.368033E0,-5.295906E0,1.331768E2
1.372204E0,-2.517537E0,1.256842E2
1.376375E0,-1.778990E-3,1.171510E2
1.380546E0,2.289755E0,1.081239E2
1.384717E0,5.284371E0,9.704813E1
1.388887E0,7.682600E0,8.478987E1
1.393058E0,1.123445E1,6.879168E1
1.397229E0,1.331541E1,5.630131E1
1.401400E0,1.742424E1,3.569363E1
1.405571E0,2.001582E1,1.543066E1
1.409742E0,2.153384E1,-2.354327E0
1.413912E0,2.133032E1,-2.231406E1
1.418083E0,2.162734E1,-3.641464E1
1.422254E0,2.139311E1,-5.128938E1
1.426425E0,2.156866E1,-6.371437E1
1.430596E0,2.127448E1,-7.675223E1
1.434767E0,2.031928E1,-8.896163E1
1.438937E0,1.981047E1,-9.861999E1
1.443108E0,1.820086E1,-1.091310E2
1.447279E0,1.665424E1,-1.168812E2
1.451450E0,1.557822E1,-1.239600E2
1.455621E0,1.521863E1,-1.293732E2
1.459792E0,1.379722E1,-1.343283E2
1.463962E0,1.212869E1,-1.370754E2
1.468133E0,1.061759E1,-1.391048E2
1.472304E0,8.912651E0,-1.396932E2
1.476475E0,7.307709E0,-1.389496E2
1.480646E0,5.884866E0,-1.373240E2
1.484817E0,4.282851E0,-1.338019E2
1.488987E0,2.609834E0,-1.291865E2
1.493158E0,9.860819E-1,-1.234838E2
1.497329E0,-3.599480E-1,-1.167473E2
1.501500E0,-1.523924E0,-1.091228E2
1.505671E0,-2.732052E0,-9.962756E1
1.509842E0,-3.730323E0,-8.874793E1
1.514012E0,-4.411521E0,-7.717573E1
1.518183E0,-5.124161E0,-6.407397E1
1.522354E0,-4.913953E0,-4.964597E1
1.526525E0,-4.494814E0,-3.432304E1
1.530696E0,-2.907639E0,-1.682862E1
1.534867E0,-1.021967E0,2.243704E-1
1.539037E0,2.185783E0,1.947977E1
1.543208E0,6.294000E0,3.705226E1
1.547379E0,1.047928E1,5.258813E1
1.551550E0,1.511353E1,6.594223E1
1.555721E0,1.912015E1,7.855359E1
1.559892E0,2.329738E1,9.045451E1
1.564062E0,2.778534E1,9.917100E1
1.568233E0,3.134783E1,1.073415E2
1.572404E0,3.505548E1,1.141513E2
1.576575E0,3.873964E1,1.199784E2
1.580746E0,4.112470E1,1.245597E2
1.584917E0,4.359532E1,1.276199E2
1.589087E0,4.561636E1,1.295043E2
1.593258E0,4.688589E1,1.307843E2
1.597429E0,4.759923E1,1.300672E2
1.601600E0,4.822012E1,1.283797E2
1.605771E0,4.828053E1,1.255925E2
1.609942E0,4.751246E1,1.215525E2
1.614112E0,4.661670E1,1.162210E2
1.618283E0,4.462326E1,1.097567E2
1.622454E0,4.230003E1,1.015390E2
1.626625E0,3.931590E1,9.332514E1
1.630796E0,3.651709E1,8.211053E1
1.634967E0,3.267491E1,7.009879E1
1.639137E0,2.852226E1,5.741499E1
1.643308E0,2.408099E1,4.050652E1
1.647479E0,1.863863E1,2.418677E1
1.651650E0,1.278772E1,5.808482E0
1.655821E0,6.344095E0,-1.196595E1
1.659992E0,3.702700E-1,-2.815557E1
1.664162E0,-3.792676E0,-4.049692E1
1.668333E0,-7.842676E0,-5.352969E1
1.672504E0,-1.253484E1,-6.631069E1
1.676675E0,-1.572550E1,-7.651180E1
1.680846E0,-1.935836E1,-8.699961E1
1.685017E0,-2.240186E1,-9.625826E1
1.689187E0,-2.436655E1,-1.025599E2
1.693358E0,-2.624064E1,-1.091380E2
1.697529E0,-2.819782E1,-1.144645E2
1.701700E0,-2.924891E1,-1.182445E2
1.705871E0,-3.004369E1,-1.212591E2
1.710042E0,-3.066945E1,-1.225246E2
1.714212E0,-3.033736E1,-1.228034E2
1.718383E0,-3.024069E1,-1.220548E2
1.722554E0,-2.961131E1,-1.201665E2
1.726725E0,-2.856363E1,-1.169239E2
1.730896E0,-2.726089E1,-1.122280E2
1.735067E0,-2.563418E1,-1.064506E2
1.739237E0,-2.360005E1,-1.000844E2
1.743408E0,-2.084603E1,-9.245717E1
1.747579E0,-1.770971E1,-8.347573E1
1.751750E0,-1.435441E1,-7.300074E1
1.755921E0,-1.045276E1,-6.182582E1
1.760092E0,-6.423750E0,-4.939996E1
1.764262E0,-1.599765E0,-3.539558E1
1.768433E0,3.061745E0,-2.103373E1
1.772604E0,9.469180E0,-5.297352E0
1.776775E0,1.539930E1,1.081938E1
1.780946E0,2.144294E1,2.681302E1
1.785117E0,2.675875E1,4.217370E1
1.789287E0,3.137046E1,5.585877E1
1.793458E0,3.571772E1,6.711132E1
1.797629E0,3.931117E1,7.844566E1
1.801800E0,4.281025E1,8.604618E1
1.805971E0,4.512374E1,9.428432E1
1.810142E0,4.768050E1,1.023984E2
1.814312E0,4.885483E1,1.074547E2
1.818483E0,4.972297E1,1.114729E2
1.822654E0,5.030204E1,1.160636E2
1.826825E0,5.045332E1,1.176280E2
1.830996E0,5.005689E1,1.190835E2
1.835167E0,4.908381E1,1.183047E2
1.839337E0,4.711604E1,1.169534E2
1.843508E0,4.538816E1,1.138973E2
1.847679E0,4.269192E1,1.096003E2
1.851850E0,3.938065E1,1.036730E2
1.856021E0,3.607531E1,9.750196E1
1.860192E0,3.196558E1,8.896284E1
1.864362E0,2.824686E1,7.900876E1
1.868533E0,2.371344E1,6.781563E1
1.872704E0,1.836231E1,5.521624E1
1.876875E0,1.362818E1,4.082936E1
1.881046E0,7.975067E0,2.485070E1
1.885217E0,2.070460E0,8.241412E0
1.889387E0,-2.846924E0,-9.010589E0
1.893558E0,-5.603527E0,-2.424213E1
1.897729E0,-8.930542E0,-3.875895E1
1.901900E0,-9.592530E0,-5.095223E1
1.906071E0,-1.131441E1,-6.261343E1
1.910242E0,-1.360549E1,-7.399471E1
1.914412E0,-1.448239E1,-8.334072E1
1.918583E0,-1.536440E1,-9.265095E1
1.922754E0,-1.564567E1,-9.970981E1
1.926925E0,-1.617829E1,-1.053068E2
1.931096E0,-1.613374E1,-1.100556E2
1.935267E0,-1.538295E1,-1.138911E2
1.939437E0,-1.454874E1,-1.168816E2
1.943608E0,-1.363794E1,-1.181849E2
1.947779E0,-1.263366E1,-1.180918E2
1.951950E0,-1.081149E1,-1.169436E2
1.956121E0,-9.456026E0,-1.143831E2
1.960292E0,-7.348856E0,-1.108070E2
1.964462E0,-5.414913E0,-1.059469E2
1.968633E0,-3.084956E0,-1.003343E2
1.972804E0,-3.951687E-1,-9.213447E1
1.976975E0,2.151660E0,-8.337238E1
1.981146E0,4.608124E0,-7.469350E1
1.985317E0,6.694853E0,-6.424926E1
1.989487E0,9.330793E0,-5.166274E1
1.993658E0,1.151183E1,-3.840305E1
1.997829E0,1.422678E1,-2.359707E1
2.002000E0,1.549062E1,-9.203394E0
2.006171E0,1.710635E1,8.239295E0
2.010342E0,1.752878E1,2.312635E1
2.014512E0,1.717013E1,3.904338E1
2.018683E0,1.654318E1,5.315953E1
2.022854E0,1.581730E1,6.515764E1
2.027025E0,1.471098E1,7.787081E1
2.031196E0,1.384727E1,8.629070E1
2.035367E0,1.308415E1,9.406148E1
2.039537E0,1.236325E1,1.004590E2
2.043708E0,1.119697E1,1.059505E2
2.047879E0,1.021658E1,1.102506E2
2.052050E0,9.466945E0,1.130854E2
2.056221E0,8.200909E0,1.142879E2
2.060392E0,7.313274E0,1.136083E2
2.064562E0,6.722049E0,1.123073E2
2.068733E0,5.309956E0,1.098919E2
2.072904E0,4.327563E0,1.059489E2
2.077075E0,3.275289E0,1.006242E2
2.081246E0,2.336015E0,9.369675E1
2.085417E0,1.303719E0,8.626453E1
2.089587E0,8.284298E-1,7.657187E1
2.093758E0,2.246742E-1,6.592302E1
2.097929E0,8.336057E-2,5.404283E1
2.102100E0,3.633857E-1,3.820713E1
2.106271E0,8.347921E-1,2.371488E1
2.110442E0,1.924148E0,6.737279E0
2.114612E0,3.684770E0,-9.326458E0
2.118783E0,6.040571E0,-2.442995E1
2.122954E0,8.405330E0,-3.788760E1
2.127125E0,1.124537E1,-4.763351E1
2.131296E0,1.396669E1,-5.883583E1
2.135467E0,1.676054E1,-6.743225E1
2.139637E0,1.825821E1,-7.636086E1
2.143808E0,2.100248E1,-8.441010E1
2.147979E0,2.227130E1,-8.919758E1
2.152150E0,2.430324E1,-9.440628E1
2.156321E0,2.510653E1,-9.832519E1
2.160492E0,2.574819E1,-1.012250E2
2.164662E0,2.592020E1,-1.028642E2
2.168833E0,2.590646E1,-1.035616E2
2.173004E0,2.580676E1,-1.029955E2
2.177175E0,2.520416E1,-1.014171E2
2.181346E0,2.441888E1,-9.833165E1
2.185517E0,2.313071E1,-9.426818E1
2.189687E0,2.206259E1,-8.905127E1
2.193858E0,1.996391E1,-8.261625E1
2.198029E0,1.857853E1,-7.433314E1
2.202200E0,1.652027E1,-6.592706E1
2.206371E0,1.419219E1,-5.559830E1
2.210542E0,1.178656E1,-4.412654E1
2.214712E0,9.293738E0,-3.160489E1
2.218883E0,6.765144E0,-1.843549E1
2.223054E0,4.578829E0,-2.381741E0
2.227225E0,2.715810E0,1.297726E1
2.231396E0,7.835836E-1,2.749214E1
2.235567E0,1.953598E-1,4.019321E1
2.239737E0,-8.129393E-1,5.535562E1
2.243908E0,-1.464290E0,6.581332E1
2.248079E0,-1.596246E0,7.530268E1
2.252250E0,-3.718052E-1,8.211146E1
2.256421E0,-1.445758E-1,8.866873E1
2.260592E0,-4.645474E-1,9.479444E1
2.264762E0,8.772455E-1,9.864334E1
2.268933E0,1.715154E0,1.020771E2
2.273104E0,2.869419E0,1.037960E2
2.277275E0,4.188696E0,1.034265E2
2.281446E0,5.525569E0,1.022859E2
2.285617E0,7.229114E0,9.955479E1
2.289787E0,8.354390E0,9.594716E1
2.293958E0,9.673179E0,9.045458E1
2.298129E0,1.104881E1,8.319213E1
2.302300E0,1.246036E1,7.550609E1
2.306471E0,1.350391E1,6.644261E1
2.310642E0,1.474339E1,5.628807E1
2.314812E0,1.545600E1,4.373259E1
2.318983E0,1.602377E1,2.968939E1
2.323154E0,1.593088E1,1.531552E1
2.327325E0,1.518542E1,-4.527726E-1
2.331496E0,1.390570E1,-1.587379E1
2.335667E0,1.171708E1,-3.013777E1
2.339837E0,1.030023E1,-3.727957E1
2.344008E0,7.921733E0,-4.871204E1
2.348179E0,6.133560E0,-5.772960E1
2.352350E0,4.468592E0,-6.604685E1
2.356521E0,2.506408E0,-7.359742E1
2.360692E0,6.227410E-1,-7.894888E1
2.364862E0,-1.209730E0,-8.479850E1
2.369033E0,-2.562289E0,-8.882078E1
2.373204E0,-4.136529E0,-9.151367E1
2.377375E0,-5.462170E0,-9.296839E1
2.381546E0,-6.512632E0,-9.331944E1
2.385717E0,-7.301465E0,-9.188599E1
2.389887E0,-7.863044E0,-8.995164E1
2.394058E0,-8.195656E0,-8.622658E1
2.398229E0,-8.158241E0,-8.131976E1
2.402400E0,-8.175180E0,-7.513337E1
2.406571E0,-7.453804E0,-6.837387E1
2.410742E0,-6.202842E0,-6.058770E1
2.414912E0,-5.137092E0,-5.155565E1
2.419083E0,-3.035090E0,-4.049720E1
2.423254E0,-2.094993E0,-2.990592E1
2.427425E0,1.302566E0,-1.650670E1
2.431596E0,5.058826E0,-2.361641E0
2.435767E0,9.516660E0,1.201504E1
2.439937E0,1.376105E1,2.563165E1
2.444108E0,1.820914E1,3.766144E1
2.448279E0,2.250812E1,4.794417E1
2.452450E0,2.616123E1,5.748595E1
2.456621E0,2.967215E1,6.565409E1
2.460792E0,3.282568E1,7.170938E1
2.464962E0,3.513276E1,7.759102E1
2.469133E0,3.757453E1,8.101993E1
2.473304E0,3.919961E1,8.416911E1
2.477475E0,4.024701E1,8.599439E1
2.481646E0,4.064310E1,8.620723E1
2.485817E0,4.043997E1,8.582092E1
2.489987E0,3.976928E1,8.414599E1
2.494158E0,3.806969E1,8.174179E1
2.498329E0,3.609015E1,7.785100E1
2.502500E0,3.378707E1,7.291076E1
2.506671E0,3.041790E1,6.705217E1
2.510842E0,2.680101E1,5.929715E1
2.515012E0,2.243728E1,4.935451E1
2.519183E0,1.805253E1,3.941107E1
2.523354E0,1.364175E1,2.666796E1
2.527525E0,8.307425E0,1.490469E1
2.531696E0,4.108574E0,1.648870E0
2.535867E0,3.538796E-1,-1.399875E1
2.540037E0,-3.493509E0,-2.780163E1
2.544208E0,-4.959643E0,-3.577663E1
2.548379E0,-5.718670E0,-4.433864E1
2.552550E0,-7.117296E0,-5.309975E1
2.556721E0,-7.679253E0,-6.073381E1
2.560892E0,-8.253828E0,-6.767874E1
2.565062E0,-8.783261E0,-7.261863E1
2.569233E0,-8.409579E0,-7.724924E1
2.573404E0,-7.798084E0,-7.993648E1
2.577575E0,-7.359258E0,-8.180566E1
2.581746E0,-6.544598E0,-8.263951E1
2.585917E0,-5.268344E0,-8.218575E1
2.590087E0,-4.134721E0,-8.031267E1
2.594258E0,-2.786579E0,-7.742973E1
2.598429E0,-9.217598E-1,-7.320379E1
2.602600E0,1.071758E0,-6.801902E1
2.606771E0,3.493224E0,-6.129421E1
2.610942E0,5.000472E0,-5.341951E1
2.615112E0,7.417205E0,-4.442948E1
2.619283E0,9.453628E0,-3.455708E1
2.623454E0,1.155038E1,-2.363241E1
2.627625E0,1.335687E1,-1.192618E1
2.631796E0,1.487397E1,2.155166E-1
2.635967E0,1.632029E1,1.474160E1
2.640137E0,1.631309E1,2.697336E1
2.644308E0,1.641771E1,3.926201E1
2.648479E0,1.644665E1,4.864410E1
2.652650E0,1.602297E1,5.747840E1
2.656821E0,1.620816E1,6.488133E1
2.660992E0,1.552663E1,7.151291E1
2.665162E0,1.517458E1,7.664683E1
2.669333E0,1.504091E1,8.006510E1
2.673504E0,1.461486E1,8.220931E1
2.677675E0,1.415500E1,8.277197E1
2.681846E0,1.395368E1,8.210068E1
2.686017E0,1.363789E1,8.010055E1
2.690187E0,1.315020E1,7.703534E1
2.694358E0,1.277149E1,7.232990E1
2.698529E0,1.212920E1,6.645504E1
2.702700E0,1.116013E1,5.962183E1
2.706871E0,1.049678E1,5.155190E1
2.711042E0,9.971034E0,4.222276E1
2.715212E0,9.084985E0,3.146656E1
2.719383E0,8.643718E0,1.933193E1
2.723554E0,8.645404E0,8.517547E0
2.727725E0,9.426402E0,-6.623046E0
2.731896E0,1.024091E1,-1.817657E1
2.736067E0,1.100638E1,-2.977137E1
2.740237E0,1.228171E1,-3.781350E1
2.744408E0,1.359256E1,-4.652428E1
2.748579E0,1.447781E1,-5.390136E1
2.752750E0,1.541039E1,-6.097748E1
2.756921E0,1.576220E1,-6.501494E1
2.761092E0,1.594246E1,-6.956915E1
2.765262E0,1.715150E1,-7.248970E1
2.769433E0,1.729028E1,-7.395647E1
2.773604E0,1.712893E1,-7.452231E1
2.777775E0,1.714787E1,-7.332101E1
2.781946E0,1.614672E1,-7.068684E1
2.786117E0,1.563480E1,-6.713291E1
2.790287E0,1.441240E1,-6.247124E1
2.794458E0,1.333643E1,-5.684445E1
2.798629E0,1.155835E1,-4.943124E1
2.802800E0,1.095409E1,-4.239609E1
2.806971E0,9.596442E0,-3.278538E1
2.811142E0,8.516368E0,-2.189513E1
2.815312E0,7.568337E0,-1.007713E1
2.819483E0,7.210371E0,1.920894E0
2.823654E0,7.176521E0,1.518238E1
2.827825E0,7.789432E0,2.798566E1
2.831996E0,9.132430E0,3.625057E1
2.836167E0,1.027849E1,4.562304E1
2.840337E0,1.148682E1,5.341916E1
2.844508E0,1.297951E1,5.933267E1
2.848679E0,1.445420E1,6.492025E1
2.852850E0,1.558640E1,6.873420E1
2.857021E0,1.705055E1,7.088985E1
2.861192E0,1.839508E1,7.198195E1
2.865362E0,1.969090E1,7.170729E1
2.869533E0,2.044476E1,7.002361E1
2.873704E0,2.111227E1,6.696260E1
2.877875E0,2.139057E1,6.283125E1
2.882046E0,2.126024E1,5.709063E1
2.886217E0,2.101523E1,5.056127E1
2.890387E0,2.002736E1,4.325474E1
2.894558E0,1.835742E1,3.466706E1
2.898729E0,1.656822E1,2.350389E1
2.902900E0,1.370323E1,1.419081E1
2.907071E0,1.132989E1,2.575457E0
2.911242E0,8.176346E0,-9.605746E0
2.915412E0,6.260229E0,-2.259463E1
2.919583E0,4.084173E0,-3.178865E1
2.923754E0,1.434775E0,-4.125729E1
2.927925E0,3.829987E-1,-4.742621E1
2.932096E0,-1.436858E0,-5.490346E1
2.936267E0,-2.440758E0,-5.877804E1
2.940437E0,-3.529468E0,-6.138231E1
2.944608E0,-3.870603E0,-6.447953E1
2.948779E0,-4.304410E0,-6.535073E1
2.952950E0,-4.178589E0,-6.509509E1
2.957121E0,-3.975715E0,-6.433421E1
2.961292E0,-3.215056E0,-6.183118E1
2.965462E0,-2.394759E0,-5.792233E1
2.969633E0,-1.058628E0,-5.339228E1
2.973804E0,4.383521E-1,-4.812125E1
2.977975E0,2.418097E0,-4.065412E1
2.982146E0,4.532903E0,-3.201856E1
2.986317E0,6.438040E0,-2.269669E1
2.990487E0,9.041480E0,-1.102796E1
2.994658E0,1.226630E1,1.513278E-1
2.998829E0,1.432421E1,1.208536E1
3.003000E0,1.647765E1,2.168509E1
3.007171E0,1.805181E1,3.096846E1
3.011342E0,1.959807E1,3.916998E1
3.015512E0,2.041295E1,4.644543E1
3.019683E0,2.141046E1,5.177285E1
3.023854E0,2.200500E1,5.585878E1
3.028025E0,2.250277E1,5.933461E1
3.032196E0,2.262834E1,6.132964E1
3.036367E0,2.246933E1,6.177464E1
3.040537E0,2.212650E1,6.104415E1
3.044708E0,2.120392E1,5.902499E1
3.048879E0,2.026313E1,5.541842E1
3.053050E0,1.940048E1,5.041816E1
3.057221E0,1.793748E1,4.430337E1
3.061392E0,1.635699E1,3.741344E1
3.065562E0,1.451577E1,2.963531E1
3.069733E0,1.162066E1,2.130016E1
3.073904E0,9.750000E0,1.135292E1
3.078075E0,8.195078E0,-4.166218E0
3.082246E0,6.627316E0,-1.536989E1
3.086417E0,5.929781E0,-2.304193E1
3.090587E0,5.464568E0,-3.196197E1
3.094758E0,5.089542E0,-3.933465E1
3.098929E0,4.441356E0,-4.583075E1
3.103100E0,4.614691E0,-5.045460E1
3.107271E0,4.649562E0,-5.409481E1
3.111442E0,4.324299E0,-5.652523E1
3.115612E0,4.466951E0,-5.796085E1
3.119783E0,4.417712E0,-5.818548E1
3.123954E0,5.404125E0,-5.752936E1
3.128125E0,5.939082E0,-5.536338E1
3.132296E0,6.700731E0,-5.128636E1
3.136467E0,7.137059E0,-4.602133E1
3.140637E0,7.730491E0,-4.037080E1
3.144808E0,8.349110E0,-3.331755E1
3.148979E0,9.422537E0,-2.630009E1
3.153150E0,1.063444E1,-1.664548E1
3.157321E0,1.051028E1,-5.251592E0
3.161492E0,1.087323E1,5.897539E0
3.165662E0,1.151706E1,1.598786E1
3.169833E0,1.156007E1,2.570389E1
3.174004E0,1.224769E1,3.206959E1
3.178175E0,1.289001E1,3.873276E1
3.182346E0,1.327390E1,4.408973E1
3.186517E0,1.380076E1,4.809269E1
3.190687E0,1.392581E1,5.091804E1
3.194858E0,1.416056E1,5.252734E1
3.199029E0,1.487617E1,5.294139E1
3.203200E0,1.558519E1,5.145868E1
3.207371E0,1.617523E1,4.812202E1
3.211542E0,1.652881E1,4.405602E1
3.215712E0,1.653316E1,3.837639E1
3.219883E0,1.648994E1,3.243903E1
3.224054E0,1.619698E1,2.442179E1
3.228225E0,1.440027E1,1.710543E1
3.232396E0,1.288120E1,6.402006E0
3.236567E0,1.122705E1,-3.378079E0
3.240737E0,8.574257E0,-1.392286E1
3.244908E0,5.225137E0,-2.331303E1
3.249079E0,3.111753E0,-3.180167E1
3.253250E0,1.182371E0,-3.797793E1
3.257421E0,3.585278E-1,-4.030993E1
3.261592E0,-2.344234E0,-4.639611E1
3.265762E0,-2.722309E0,-4.747654E1
3.269933E0,-3.919683E0,-4.912047E1
3.274104E0,-4.188520E0,-5.042189E1
3.278275E0,-4.415012E0,-4.948739E1
3.282446E0,-3.814023E0,-4.752114E1
3.286617E0,-2.421442E0,-4.478226E1
3.290787E0,-1.587227E0,-4.092291E1
3.294958E0,3.419453E-1,-3.591153E1
3.299129E0,3.085575E0,-2.909710E1
3.303300E0,6.227066E0,-2.060533E1
3.307471E0,9.923299E0,-1.199701E1
3.311642E0,1.302814E1,-3.764288E0
3.315812E0,1.583663E1,5.806821E0
3.319983E0,1.774408E1,1.376707E1
3.324154E0,1.924250E1,2.087358E1
3.328325E0,2.064811E1,2.706506E1
3.332496E0,2.130258E1,3.143659E1
3.336667E0,2.180983E1,3.547751E1
3.340837E0,2.153049E1,3.787410E1
3.345008E0,2.138336E1,3.909364E1
3.349179E0,2.053084E1,3.876059E1
3.353350E0,1.929959E1,3.717993E1
3.357521E0,1.763937E1,3.415790E1
3.361692E0,1.559562E1,3.083446E1
3.365862E0,1.358689E1,2.529929E1
3.370033E0,1.101508E1,2.011511E1
3.374204E0,8.514541E0,1.349662E1
3.378375E0,5.577026E0,4.911651E0
3.382546E0,3.724197E0,-3.677813E0
3.386717E0,2.920727E0,-1.291548E1
3.390887E0,1.964518E0,-2.083194E1
3.395058E0,2.049910E0,-2.844067E1
3.399229E0,2.157756E0,-3.388637E1
3.403400E0,2.254992E0,-3.846448E1
3.407571E0,2.493066E0,-4.214066E1
3.411742E0,2.837375E0,-4.518859E1
3.415912E0,3.549786E0,-4.592833E1
3.420083E0,4.347349E0,-4.621376E1
3.424254E0,5.103950E0,-4.443341E1
3.428425E0,6.386276E0,-4.227045E1
3.432596E0,7.241308E0,-3.898519E1
3.436767E0,8.342414E0,-3.415909E1
3.440937E0,9.392356E0,-2.832884E1
3.445108E0,1.006975E1,-2.092715E1
3.449279E0,1.045566E1,-1.270595E1
3.453450E0,9.822384E0,-4.410231E0
3.457621E0,8.665493E0,3.689480E0
3.461792E0,7.359010E0,1.148146E1
3.465962E0,6.263390E0,1.843411E1
3.470133E0,5.232324E0,2.379965E1
3.474304E0,4.670444E0,2.809967E1
3.478475E0,4.225313E0,3.089934E1
3.482646E0,4.100041E0,3.262811E1
3.486817E0,4.313678E0,3.335254E1
3.490987E0,5.435819E0,3.309663E1
3.495158E0,6.822980E0,3.094624E1
3.499329E0,8.294333E0,2.766173E1
3.503500E0,1.007429E1,2.355648E1
3.507671E0,1.251097E1,1.795834E1
3.511842E0,1.516507E1,1.100485E1
3.516012E0,1.646802E1,3.375138E0
3.520183E0,1.793606E1,-4.565515E0
3.524354E0,1.831613E1,-1.140304E1
3.528525E0,1.870983E1,-1.791802E1
3.532696E0,1.842352E1,-2.245689E1
3.536867E0,1.814784E1,-2.594498E1
3.541037E0,1.744650E1,-2.867174E1
3.545208E0,1.667420E1,-2.978970E1
3.549379E0,1.552618E1,-3.027703E1
3.553550E0,1.374638E1,-2.907958E1
3.557721E0,1.153012E1,-2.726879E1
3.561892E0,8.965346E0,-2.444742E1
3.566062E0,7.239484E0,-2.075676E1
3.570233E0,4.843585E0,-1.645705E1
3.574404E0,2.694492E0,-1.052265E1
3.578575E0,2.165461E0,-4.401796E0
3.582746E0,2.374035E0,2.100275E0
3.586917E0,3.500362E0,8.148330E0
3.591087E0,4.954857E0,1.300010E1
3.595258E0,7.153745E0,1.704108E1
3.599429E0,9.185654E0,1.992744E1
3.603600E0,1.090701E1,2.193390E1
3.607771E0,1.376917E1,2.286396E1
3.611942E0,1.601886E1,2.261340E1
3.616112E0,1.831128E1,2.149662E1
3.620283E0,2.043115E1,1.888723E1
3.624454E0,2.211163E1,1.473673E1
3.628625E0,2.340027E1,1.017531E1
3.632796E0,2.352015E1,4.537153E0
3.636967E0,2.331597E1,-1.156570E0
3.641137E0,2.204021E1,-6.500853E0
3.645308E0,1.967561E1,-1.091408E1
3.649479E0,1.701117E1,-1.450799E1
3.653650E0,1.488568E1,-1.650339E1
3.657821E0,1.283324E1,-1.746296E1
3.661992E0,1.030834E1,-1.779695E1
3.666162E0,7.183677E0,-1.713617E1
3.670333E0,5.158875E0,-1.516663E1
3.674504E0,3.623176E0,-1.270885E1
3.678675E0,2.580234E0,-9.082098E0
3.682846E0,2.098049E0,-5.036261E0
3.687017E0,2.923525E0,-3.422568E-1
3.691187E0,4.834829E0,4.912569E0
3.695358E0,6.989508E0,9.254934E0
3.699529E0,1.050150E1,1.283247E1
3.703700E0,1.420049E1,1.557896E1
3.707871E0,1.769962E1,1.749684E1
3.712042E0,2.116177E1,1.831892E1
3.716212E0,2.386900E1,1.780272E1
3.720383E0,2.630493E1,1.662923E1
3.724554E0,2.764852E1,1.444684E1
3.728725E0,2.822174E1,1.149185E1
3.732896E0,2.770104E1,8.287306E0
3.737067E0,2.660114E1,4.760532E0
3.741237E0,2.349920E1,1.141321E0
3.745408E0,1.928230E1,-2.016492E0
3.749579E0,1.532121E1,-4.531424E0
3.753750E0,1.087246E1,-6.165353E0
3.757921E0,5.947597E0,-7.211003E0
3.762092E0,2.471397E0,-6.948956E0
3.766262E0,-7.970145E-1,-6.121164E0
3.770433E0,-2.701402E0,-4.963716E0
3.774604E0,-3.756303E0,-3.346173E0
3.778775E0,-3.779329E0,-1.184355E0
3.782946E0,-2.894752E0,7.510498E-1
3.787117E0,-7.898800E-1,2.982751E0
3.791287E0,2.309009E0,4.790708E0
3.795458E0,6.395938E0,6.811236E0
3.799629E0,1.147597E1,7.612954E0
3.803800E0,1.676914E1,8.026626E0
3.807971E0,2.227245E1,7.781360E0
3.812142E0,2.599867E1,7.314003E0
3.816312E0,2.895569E1,6.632242E0
3.820483E0,3.063804E1,5.606088E0
3.824654E0,3.177985E1,4.777488E0
3.828825E0,3.117147E1,3.751611E0
3.832996E0,2.964861E1,3.228027E0
3.837167E0,2.704796E1,1.991074E0
3.841337E0,2.362529E1,1.605348E0
3.845508E0,1.934445E1,1.475785E0
3.849679E0,1.399564E1,1.700304E0
3.853850E0,8.552744E0,2.283916E0
3.858021E0,3.295573E0,2.775947E0
3.862192E0,-3.331673E-2,3.510971E0
3.866362E0,-2.085204E0,4.050581E0
3.870533E0,-3.866748E0,4.080065E0
3.874704E0,-4.224953E0,4.058939E0
3.878875E0,-3.628684E0,3.924474E0
3.883046E0,-1.581129E0,3.449838E0
3.887217E0,1.090534E0,3.164466E0
3.891387E0,5.253788E0,2.562932E0
3.895558E0,9.731343E0,1.744656E0
3.899729E0,1.539795E1,1.400766E0
3.903900E0,1.984179E1,1.663684E0
3.908071E0,2.367239E1,1.349113E0
3.912242E0,2.704370E1,1.687659E0
3.916412E0,2.924066E1,2.109436E0
3.920583E0,2.970741E1,3.183221E0
3.924754E0,2.934344E1,3.884865E0
3.928925E0,2.784981E1,4.483329E0
3.933096E0,2.547264E1,5.508409E0
3.937267E0,2.178684E1,6.195262E0
3.941437E0,1.714571E1,6.130541E0
3.945608E0,1.250356E1,6.131532E0
3.949779E0,7.413642E0,5.672380E0
3.953950E0,3.833621E0,4.464975E0
3.958121E0,4.332742E-1,3.148645E0
3.962292E0,-1.308947E0,1.413366E0
3.966462E0,-1.694514E0,-2.882933E-1
3.970633E0,-1.578644E0,-1.687699E0
3.974804E0,-5.251450E-1,-2.693231E0
3.978975E0,2.206442E0,-3.395438E0
3.983146E0,5.405611E0,-3.609119E0
3.987317E0,9.411156E0,-3.084827E0
3.991487E0,1.358805E1,-1.562857E0
3.995658E0,1.747290E1,4.680575E-1
3.999829E0,2.086781E1,2.946358E0
4.004000E0,2.295723E1,5.117416E0
4.008171E0,2.386712E1,8.105275E0
4.012342E0,2.405867E1,9.945230E0
4.016512E0,2.338073E1,1.171081E1
4.020683E0,2.158053E1,1.285080E1
4.024854E0,1.940484E1,1.281403E1
4.029025E0,1.645506E1,1.219059E1
4.033196E0,1.361976E1,1.016511E1
4.037367E0,9.788729E0,7.639141E0
4.041537E0,7.676357E0,3.996688E0
4.045708E0,6.022787E0,3.107035E-1
4.049879E0,5.509315E0,-3.223590E0
4.054050E0,6.282590E0,-6.100005E0
4.058221E0,7.055005E0,-8.137241E0
4.062392E0,8.521658E0,-9.532542E0
4.066562E0,9.635048E0,-9.734985E0
4.070733E0,1.116119E1,-9.242744E0
4.074904E0,1.327588E1,-7.292439E0
4.079075E0,1.482746E1,-4.827631E0
4.083246E0,1.598540E1,-1.346679E0
4.087417E0,1.641377E1,2.845253E0
4.091587E0,1.604414E1,6.940880E0
4.095758E0,1.564028E1,1.078236E1
4.099929E0,1.436087E1,1.364112E1
4.104100E0,1.402890E1,1.511874E1
4.108271E0,1.368212E1,1.585052E1
4.112442E0,1.309358E1,1.526940E1
4.116612E0,1.279734E1,1.358348E1
4.120783E0,1.294969E1,1.075009E1
4.124954E0,1.339066E1,7.344202E0
4.129125E0,1.410194E1,3.387276E0
4.133296E0,1.517308E1,-6.154295E-1
4.137467E0,1.551806E1,-3.877416E0
4.141637E0,1.564988E1,-6.076072E0
4.145808E0,1.530033E1,-7.549098E0
4.149979E0,1.473840E1,-7.912753E0
4.154150E0,1.400156E1,-7.868202E0
4.158321E0,1.335450E1,-5.983457E0
4.162492E0,1.194911E1,-3.496582E0
4.166662E0,1.177161E1,-8.814012E-2
4.170833E0,1.086609E1,3.538564E0
4.175004E0,1.125158E1,7.451205E0
4.179175E0,1.161392E1,1.013605E1
4.183346E0,1.300292E1,1.209732E1
4.187517E0,1.441088E1,1.342056E1
4.191687E0,1.634309E1,1.343039E1
4.195858E0,1.721117E1,1.259571E1
4.200029E0,1.876894E1,1.064861E1
4.204200E0,1.886380E1,8.038041E0
4.208371E0,1.823417E1,4.461387E0
4.212542E0,1.715545E1,1.658370E0
4.216712E0,1.536090E1,-9.311698E-1
4.220883E0,1.283046E1,-2.499070E0
4.225054E0,1.091288E1,-3.438279E0
4.229225E0,8.648644E0,-3.746787E0
4.233396E0,7.120284E0,-2.867960E0
4.237567E0,5.913863E0,-1.511987E0
4.241737E0,5.878145E0,3.335669E-2
4.245908E0,7.286300E0,2.208626E0
4.250079E0,8.882586E0,4.200262E0
4.254250E0,1.189628E1,5.733258E0
4.258421E0,1.512863E1,6.927812E0
4.262592E0,1.834015E1,7.536138E0
4.266762E0,2.072906E1,7.681652E0
4.270933E0,2.219521E1,7.369567E0
4.275104E0,2.255609E1,7.192942E0
4.279275E0,2.218208E1,6.501450E0
4.283446E0,2.070209E1,5.443007E0
4.287617E0,1.823102E1,4.775089E0
4.291787E0,1.498632E1,4.369440E0
4.295958E0,1.128090E1,3.753580E0
4.300129E0,8.436601E0,2.994571E0
4.304300E0,6.525869E0,2.003752E0
4.308471E0,5.652820E0,1.194988E0
4.312642E0,5.411550E0,4.417169E-1
4.316812E0,6.545815E0,3.698143E-2
4.320983E0,8.258569E0,1.040226E-1
4.325154E0,1.055819E1,3.178065E-1
4.329325E0,1.345210E1,1.272038E0
4.333496E0,1.605098E1,2.335749E0
4.337667E0,1.844753E1,4.399239E0
4.341837E0,1.987988E1,6.425789E0
4.346008E0,2.017928E1,8.092308E0
4.350179E0,1.944478E1,9.471091E0
4.354350E0,1.849494E1,1.004623E1
4.358521E0,1.648520E1,9.792894E0
4.362692E0,1.464850E1,8.518772E0
4.366862E0,1.276753E1,7.033756E0
4.371033E0,1.143348E1,4.159891E0
4.375204E0,1.065756E1,1.597170E0
4.379375E0,1.078150E1,-9.832586E-1
4.383546E0,1.095987E1,-2.456760E0
4.387717E0,1.149194E1,-3.255544E0
4.391887E0,1.212823E1,-3.145315E0
4.396058E0,1.256292E1,-2.165325E0
4.400229E0,1.297245E1,-4.999484E-1
4.404400E0,1.395052E1,2.280673E0
4.408571E0,1.425599E1,4.896249E0
4.412742E0,1.444251E1,7.459560E0
4.416912E0,1.514056E1,9.629639E0
4.421083E0,1.568585E1,1.068106E1
4.425254E0,1.622802E1,1.088766E1
4.429425E0,1.670492E1,9.982108E0
4.433596E0,1.684043E1,8.236122E0
4.437767E0,1.609661E1,5.968967E0
4.441937E0,1.512799E1,3.472984E0
4.446108E0,1.354715E1,1.310642E0
4.450279E0,1.249478E1,-2.512891E-1
4.454450E0,1.077925E1,-1.110909E0
4.458621E0,9.989821E0,-1.235352E0
4.462792E0,9.215467E0,-7.382667E-1
4.466962E0,9.064239E0,3.559065E-1
4.471133E0,1.017015E1,1.970397E0
4.475304E0,1.150314E1,3.430482E0
4.479475E0,1.350202E1,4.709834E0
4.483646E0,1.558578E1,5.990180E0
4.487817E0,1.740597E1,6.525394E0
4.491987E0,1.846797E1,7.234488E0
4.496158E0,1.909434E1,7.210639E0
4.500329E0,1.853196E1,7.049222E0
4.504500E0,1.710897E1,6.457307E0
4.508671E0,1.554946E1,5.819177E0
4.512842E0,1.379366E1,4.654237E0
4.517012E0,1.147764E1,3.266307E0
4.521183E0,1.028022E1,1.744154E0
4.525354E0,9.451563E0,5.421131E-1
4.529525E0,9.684617E0,-1.093909E-1
4.533696E0,1.050333E1,-3.064653E-1
4.537867E0,1.106053E1,-1.844703E-2
4.542037E0,1.271042E1,1.242583E0
4.546208E0,1.410005E1,2.462099E0
4.550379E0,1.488677E1,4.259115E0
4.554550E0,1.538350E1,6.370131E0
4.558721E0,1.651955E1,7.369145E0
4.562892E0,1.670853E1,8.436387E0
4.567062E0,1.633765E1,8.801401E0
4.571233E0,1.620936E1,7.865115E0
4.575404E0,1.566626E1,6.837587E0
4.579575E0,1.473138E1,4.969326E0
4.583746E0,1.396086E1,3.044576E0
4.587917E0,1.308446E1,1.154412E0
4.592087E0,1.183512E1,-1.642595E-1
4.596258E0,1.127132E1,-3.111315E-1
4.600429E0,1.092435E1,5.918778E-2
4.604600E0,1.130619E1,5.735543E-1
4.608771E0,1.140808E1,2.164133E0
4.612942E0,1.258596E1,3.518730E0
4.617112E0,1.421249E1,4.764036E0
4.621283E0,1.550783E1,5.944683E0
4.625454E0,1.665188E1,6.559425E0
4.629625E0,1.725355E1,6.728038E0
4.633796E0,1.722352E1,6.620777E0
4.637967E0,1.702081E1,6.354144E0
4.642137E0,1.566766E1,5.909523E0
4.646308E0,1.420290E1,4.816141E0
4.650479E0,1.281175E1,3.656872E0
4.654650E0,1.164936E1,2.458122E0
4.658821E0,1.100552E1,1.786827E0
4.662992E0,1.096101E1,1.009338E0
4.667162E0,1.145341E1,8.940770E-1
4.671333E0,1.186895E1,1.122230E0
4.675504E0,1.304793E1,1.868055E0
4.679675E0,1.393177E1,3.233804E0
4.683846E0,1.515797E1,4.472856E0
4.688017E0,1.556608E1,5.911674E0
4.692187E0,1.630048E1,6.755991E0
4.696358E0,1.659075E1,7.215383E0
4.700529E0,1.641745E1,7.014248E0
4.704700E0,1.592951E1,6.207843E0
4.708871E0,1.568625E1,5.130118E0
4.713042E0,1.461961E1,3.790376E0
4.717212E0,1.392312E1,2.598700E0
4.721383E0,1.300150E1,1.685344E0
4.725554E0,1.255449E1,1.091941E0
4.729725E0,1.209205E1,1.032481E0
4.733896E0,1.212493E1,1.395382E0
4.738067E0,1.251852E1,2.126845E0
4.742237E0,1.325414E1,3.126524E0
4.746408E0,1.444910E1,3.998249E0
4.750579E0,1.535073E1,4.671036E0
4.754750E0,1.619083E1,5.336663E0
4.758921E0,1.674727E1,5.783080E0
4.763092E0,1.659513E1,6.036979E0
4.767262E0,1.580135E1,5.522160E0
4.771433E0,1.516495E1,5.159351E0
4.775604E0,1.428610E1,4.219552E0
4.779775E0,1.330386E1,3.182777E0
4.783946E0,1.251900E1,2.052034E0
4.788117E0,1.213745E1,1.230646E0
4.792287E0,1.222445E1,9.947722E-1
4.796458E0,1.250752E1,9.851438E-1
4.800629E0,1.278204E1,1.706138E0
4.804800E0,1.373210E1,2.892949E0
4.808971E0,1.421969E1,4.026716E0
4.813142E0,1.485338E1,4.589086E0
4.817312E0,1.507355E1,5.144044E0
4.821483E0,1.588177E1,5.488644E0
4.825654E0,1.596830E1,5.445736E0
4.829825E0,1.596014E1,5.079185E0
4.833996E0,1.493363E1,4.316365E0
4.838167E0,1.455487E1,3.905966E0
4.842337E0,1.402366E1,2.883157E0
4.846508E0,1.318534E1,2.243729E0
4.850679E0,1.276261E1,1.644186E0
4.854850E0,1.265791E1,1.726796E0
4.859021E0,1.303295E1,1.941300E0
4.863192E0,1.338600E1,2.674058E0
4.867362E0,1.377385E1,3.445020E0
4.871533E0,1.465878E1,4.175347E0
4.875704E0,1.529915E1,4.649147E0
4.879875E0,1.562618E1,4.887819E0
4.884046E0,1.556299E1,5.070488E0
4.888217E0,1.553657E1,5.102092E0
4.892387E0,1.475954E1,4.410365E0
4.896558E0,1.433149E1,4.026680E0
4.900729E0,1.385657E1,3.699707E0
4.904900E0,1.299719E1,2.684195E0
4.909071E0,1.277993E1,2.263817E0
4.913242E0,1.233795E1,1.799961E0
4.917412E0,1.268580E1,2.489885E0
4.921583E0,1.300082E1,2.940804E0
4.925754E0,1.364462E1,3.507655E0
4.929925E0,1.424894E1,4.256344E0
4.934096E0,1.478588E1,4.561885E0
4.938267E0,1.504496E1,4.729583E0
4.942437E0,1.502430E1,4.887677E0
4.946608E0,1.498566E1,4.693606E0
4.950779E0,1.452318E1,4.276890E0
4.954950E0,1.430571E1,3.745012E0
4.959121E0,1.377899E1,3.403156E0
4.963292E0,1.314827E1,3.089197E0
4.967462E0,1.300014E1,2.787757E0
4.971633E0,1.317734E1,2.665624E0
4.975804E0,1.341050E1,2.890910E0
4.979975E0,1.362467E1,3.041272E0
4.984146E0,1.389358E1,3.541965E0
4.988317E0,1.443051E1,4.110101E0
4.992487E0,1.476217E1,4.474060E0
4.996658E0,1.467726E1,4.510525E0
5.000829E0,1.449317E1,4.635844E0
5.005000E0,1.446610E1,4.534873E0
5.009171E0,1.415236E1,4.323119E0
5.013342E0,1.393099E1,4.098107E0
5.017512E0,1.360530E1,3.529613E0
5.021683E0,1.371240E1,3.284083E0
5.025854E0,1.336886E1,3.022525E0
5.030025E0,1.323795E1,2.953583E0
5.034196E0,1.350948E1,3.455349E0
5.038367E0,1.386845E1,3.694388E0
5.042537E0,1.424613E1,3.930505E0
5.046708E0,1.439589E1,4.378266E0
5.050879E0,1.436795E1,4.481467E0
5.055050E0,1.456378E1,4.654961E0
5.059221E0,1.409630E1,4.453297E0
5.063392E0,1.411605E1,4.442739E0
5.067562E0,1.419625E1,4.209276E0
5.071733E0,1.396221E1,3.930870E0
5.075904E0,1.353257E1,3.523422E0
5.080075E0,1.309368E1,3.444131E0
5.084246E0,1.333571E1,3.517826E0
5.088417E0,1.368862E1,3.928240E0
5.092587E0,1.417162E1,3.988120E0
5.096758E0,1.455667E1,4.351641E0
5.100929E0,1.433129E1,4.529679E0
5.105100E0,1.449732E1,4.791957E0
5.109271E0,1.435221E1,4.470251E0
5.113442E0,1.433754E1,4.633717E0
5.117612E0,1.416306E1,4.474996E0
5.121783E0,1.424899E1,4.254416E0
5.125954E0,1.398222E1,3.737298E0
5.130125E0,1.404053E1,3.780951E0
5.134296E0,1.436729E1,3.878668E0
5.138467E0,1.415219E1,3.865264E0
5.142637E0,1.434918E1,3.955104E0
5.146808E0,1.439217E1,4.005498E0
5.150979E0,1.460065E1,4.232026E0
5.155150E0,1.462403E1,4.246734E0
5.159321E0,1.457051E1,4.325227E0
5.163492E0,1.428656E1,4.302760E0
5.167662E0,1.435872E1,4.265674E0
5.171833E0,1.434881E1,4.051779E0
5.176004E0,1.448213E1,3.742597E0
5.180175E0,1.419102E1,3.856716E0
5.184346E0,1.421584E1,3.703683E0
5.188517E0,1.411485E1,3.656020E0
5.192687E0,1.436816E1,3.873595E0
5.196858E0,1.433251E1,4.033350E0
5.201029E0,1.410575E1,4.041062E0
5.205200E0,1.421702E1,3.955777E0
5.209371E0,1.448007E1,4.090613E0
5.213542E0,1.438537E1,3.960146E0
5.217712E0,1.437214E1,4.102510E0
5.221883E0,1.423649E1,3.788720E0
5.226054E0,1.415535E1,3.817921E0
5.230225E0,1.398717E1,3.578521E0
5.234396E0,1.418080E1,3.614244E0
5.238567E0,1.416862E1,3.613324E0
5.242737E0,1.428766E1,3.733327E0
5.246908E0,1.440465E1,3.799242E0
5.251079E0,1.457819E1,4.052617E0
5.255250E0,1.463608E1,4.061149E0
5.259421E0,1.460391E1,4.085577E0
5.263592E0,1.440781E1,4.105996E0
5.267762E0,1.435203E1,3.960187E0
5.271933E0,1.436374E1,3.844736E0
5.276104E0,1.427833E1,3.704252E0
5.280275E0,1.419792E1,3.722337E0
5.284446E0,1.407371E1,3.492292E0
5.288617E0,1.421552E1,3.712357E0
5.292787E0,1.431442E1,3.656499E0
5.296958E0,1.449070E1,4.096550E0
5.301129E0,1.421952E1,3.986741E0
5.305300E0,1.443663E1,4.014535E0
5.309471E0,1.425226E1,3.906513E0
5.313642E0,1.447651E1,3.993056E0
5.317812E0,1.426685E1,3.952669E0
5.321983E0,1.450729E1,3.887867E0
5.326154E0,1.452488E1,3.579706E0
5.330325E0,1.426173E1,3.797134E0
5.334496E0,1.400557E1,3.736855E0
5.338667E0,1.436482E1,3.813706E0
5.342837E0,1.444339E1,3.859580E0
5.347008E0,1.433878E1,3.821794E0
5.351179E0,1.417984E1,3.880976E0
5.355350E0,1.458116E1,3.866297E0
5.359521E0,1.439023E1,3.754912E0
5.363692E0,1.436641E1,3.840540E0
5.367862E0,1.435409E1,3.917942E0
5.372033E0,1.412938E1,3.614460E0
5.376204E0,1.434132E1,3.784811E0
5.380375E0,1.422071E1,3.937451E0
5.384546E0,1.439235E1,3.955123E0
5.388717E0,1.426808E1,3.838007E0
5.392887E0,1.436043E1,3.848067E0
5.397058E0,1.418998E1,3.846565E0
5.401229E0,1.445126E1,3.927989E0
5.405400E0,1.463371E1,4.008792E0
5.409571E0,1.464423E1,3.935226E0
5.413742E0,1.445968E1,3.937413E0
5.417912E0,1.435798E1,3.834002E0
5.422083E0,1.435327E1,3.681564E0
5.426254E0,1.427448E1,3.746148E0
5.430425E0,1.396615E1,3.799956E0
5.434596E0,1.440303E1,3.650643E0
5.438767E0,1.434979E1,3.885914E0
5.442937E0,1.445855E1,3.911693E0
5.447108E0,1.449704E1,4.003774E0
5.451279E0,1.425574E1,3.936329E0
5.455450E0,1.444770E1,3.927127E0
5.459621E0,1.437002E1,3.923090E0
5.463792E0,1.416229E1,3.840118E0
5.467962E0,1.425353E1,3.900079E0
5.472133E0,1.431406E1,3.891544E0
5.476304E0,1.429653E1,3.918712E0
5.480475E0,1.414789E1,3.843060E0
5.484646E0,1.434829E1,3.792697E0
5.488817E0,1.421861E1,3.896145E0
5.492987E0,1.423190E1,3.924274E0
5.497158E0,1.444739E1,4.025675E0
5.501329E0,1.434569E1,3.919383E0
5.505500E0,1.431237E1,3.881151E0
5.509671E0,1.458825E1,3.968539E0
5.513842E0,1.437442E1,3.923341E0
5.518012E0,1.421985E1,3.746553E0
5.522183E0,1.425176E1,3.873833E0
5.526354E0,1.422078E1,3.697495E0
5.530525E0,1.444735E1,3.936384E0
5.534696E0,1.444680E1,3.911597E0
5.538867E0,1.424025E1,3.872184E0
5.543037E0,1.424037E1,3.943162E0
5.547208E0,1.423273E1,3.777959E0
5.551379E0,1.424066E1,3.863682E0
5.555550E0,1.432742E1,3.915063E0
5.559721E0,1.442103E1,3.804383E0
5.563892E0,1.413342E1,3.687202E0
5.568062E0,1.431566E1,3.711361E0
5.572233E0,1.431755E1,3.870152E0
5.576404E0,1.444909E1,3.862873E0
5.580575E0,1.420542E1,3.811723E0
5.584746E0,1.422917E1,3.684899E0
5.588917E0,1.435175E1,3.823533E0
5.593087E0,1.452181E1,3.911974E0
5.597258E0,1.442957E1,4.077581E0
5.601429E0,1.437519E1,3.897990E0
5.605600E0,1.422105E1,3.814313E0
5.609771E0,1.459645E1,3.946113E0
5.613942E0,1.432723E1,3.826500E0
5.618112E0,1.453312E1,3.802066E0
5.622283E0,1.430810E1,3.849849E0
5.626454E0,1.430025E1,3.954181E0
5.630625E0,1.448438E1,3.920697E0
5.634796E0,1.427005E1,3.864753E0
5.638967E0,1.437731E1,3.871777E0
5.643137E0,1.452351E1,3.861638E0
5.647308E0,1.425649E1,4.045715E0
5.651479E0,1.434062E1,3.824351E0
5.655650E0,1.433151E1,3.819740E0
5.659821E0,1.418293E1,3.850377E0
5.663992E0,1.440336E1,3.833473E0
5.668162E0,1.410425E1,3.857466E0
5.672333E0,1.426303E1,3.654307E0
5.676504E0,1.434334E1,3.688941E0
5.680675E0,1.434410E1,3.835108E0
5.684846E0,1.456991E1,3.832732E0
5.689017E0,1.430070E1,4.093794E0
5.693187E0,1.441807E1,4.069230E0
5.697358E0,1.448674E1,3.784371E0
5.701529E0,1.429142E1,3.863996E0
5.705700E0,1.424191E1,3.758995E0
5.709871E0,1.441313E1,3.752479E0
5.714042E0,1.442933E1,3.879489E0
5.718212E0,1.430810E1,3.879806E0
5.722383E0,1.417106E1,3.828328E0
5.726554E0,1.428360E1,3.759322E0
5.730725E0,1.431975E1,3.777800E0
5.734896E0,1.444209E1,3.831371E0
5.739067E0,1.411598E1,3.681610E0
5.743237E0,1.414640E1,3.606137E0
5.747408E0,1.437147E1,3.600817E0
5.751579E0,1.436244E1,3.749216E0
5.755750E0,1.422800E1,3.807224E0
5.759921E0,1.428721E1,3.794254E0
5.764092E0,1.433560E1,3.975721E0
5.768262E0,1.445249E1,3.830631E0
5.772433E0,1.427559E1,3.837054E0
5.776604E0,1.415277E1,3.703046E0
5.780775E0,1.423708E1,3.699516E0
5.784946E0,1.429854E1,3.617910E0
5.789117E0,1.414978E1,3.791837E0
5.793287E0,1.420741E1,3.796975E0
5.797458E0,1.418918E1,3.930074E0
5.801629E0,1.433893E1,3.786136E0
5.805800E0,1.417002E1,3.975599E0
5.809971E0,1.443923E1,3.796042E0
5.814142E0,1.435964E1,3.862660E0
5.818312E0,1.452721E1,3.702172E0
5.822483E0,1.440504E1,3.774220E0
5.826654E0,1.411421E1,3.583236E0
5.830825E0,1.435674E1,3.678788E0
5.834996E0,1.427374E1,3.683373E0
5.839167E0,1.420683E1,3.887521E0
5.843337E0,1.421269E1,3.910756E0
5.847508E0,1.423218E1,3.661474E0
5.851679E0,1.412558E1,3.867284E0
5.855850E0,1.431659E1,3.694121E0
5.860021E0,1.416608E1,3.761382E0
5.864192E0,1.434161E1,3.741551E0
5.868362E0,1.415199E1,3.678712E0
5.872533E0,1.412753E1,3.592474E0
5.876704E0,1.419604E1,3.654238E0
5.880875E0,1.415242E1,3.691464E0
5.885046E0,1.423650E1,3.657833E0
5.889217E0,1.410733E1,3.789265E0
5.893387E0,1.432398E1,3.716567E0
5.897558E0,1.428160E1,3.709843E0
5.901729E0,1.413215E1,3.704163E0
5.905900E0,1.412455E1,3.513641E0
5.910071E0,1.437432E1,3.644987E0
5.914242E0,1.411309E1,3.687920E0
5.918412E0,1.422846E1,3.662729E0
5.922583E0,1.408789E1,3.423439E0
5.926754E0,1.419722E1,3.541707E0
5.930925E0,1.407165E1,3.523234E0
5.935096E0,1.417070E1,3.589903E0
5.939267E0,1.415661E1,3.701891E0
5.943437E0,1.416936E1,3.686513E0
5.947608E0,1.425991E1,3.690189E0
5.951779E0,1.400919E1,3.638994E0
5.955950E0,1.398178E1,3.765898E0
5.960121E0,1.421563E1,3.632326E0
5.964292E0,1.421604E1,3.561262E0
5.968462E0,1.411250E1,3.726374E0
5.972633E0,1.407948E1,3.630154E0
5.976804E0,1.416620E1,3.611201E0
5.980975E0,1.406557E1,3.551053E0
5.985146E0,1.409950E1,3.639107E0
5.989317E0,1.398119E1,3.645062E0
5.993487E0,1.430757E1,3.563766E0
5.997658E0,1.417534E1,3.596201E0
6.001829E0,1.416966E1,3.581239E0
6.006000E0,1.416104E1,3.488258E0
6.010171E0,1.419041E1,3.649776E0
6.014342E0,1.411565E1,3.524204E0
6.018512E0,1.416318E1,3.670519E0
6.022683E0,1.420062E1,3.597203E0
6.026854E0,1.398313E1,3.432354E0
6.031025E0,1.405487E1,3.452142E0
6.035196E0,1.395519E1,3.355192E0
6.039367E0,1.408611E1,3.611497E0
6.043537E0,1.412394E1,3.647483E0
6.047708E0,1.406399E1,3.679753E0
6.051879E0,1.411898E1,3.589533E0
6.056050E0,1.423286E1,3.732428E0
6.060221E0,1.409781E1,3.811748E0
6.064392E0,1.408369E1,3.647843E0
6.068562E0,1.393126E1,3.472090E0
6.072733E0,1.409412E1,3.498575E0
6.076904E0,1.395229E1,3.514503E0
6.081075E0,1.393692E1,3.376995E0
6.085246E0,1.403752E1,3.560628E0
6.089417E0,1.400846E1,3.506886E0
6.093587E0,1.430528E1,3.550969E0
6.097758E0,1.408980E1,3.555658E0
6.101929E0,1.418710E1,3.493375E0
6.106100E0,1.398086E1,3.474039E0
6.110271E0,1.404896E1,3.516958E0
6.114442E0,1.414502E1,3.604224E0
6.118612E0,1.405026E1,3.457290E0
6.122783E0,1.401456E1,3.497291E0
6.126954E0,1.422189E1,3.535209E0
6.131125E0,1.422860E1,3.540777E0
6.135296E0,1.395096E1,3.579117E0
6.139467E0,1.414152E1,3.477433E0
6.143637E0,1.423228E1,3.423181E0
6.147808E0,1.422838E1,3.355228E0
6.151979E0,1.396596E1,3.546116E0
6.156150E0,1.414555E1,3.440878E0
6.160321E0,1.409638E1,3.752479E0
6.164492E0,1.403955E1,3.324090E0
6.168662E0,1.414628E1,3.504598E0
6.172833E0,1.406700E1,3.331913E0
6.177004E0,1.407701E1,3.538434E0
6.181175E0,1.419275E1,3.266620E0
6.185346E0,1.402669E1,3.303084E0
6.189517E0,1.405741E1,3.235460E0
6.193687E0,1.414067E1,3.211644E0
6.197858E0,1.408670E1,2.933178E0
6.202029E0,1.398940E1,3.024793E0
6.206200E0,1.381479E1,2.903995E0
6.210371E0,1.367283E1,2.931168E0
6.214542E0,1.341885E1,2.739633E0
6.218712E0,1.320233E1,2.603560E0
6.222883E0,1.314227E1,2.529016E0
6.227054E0,1.319276E1,2.641330E0
6.231225E0,1.313998E1,2.573543E0
6.235396E0,1.326053E1,2.606260E0
6.239567E0,1.326180E1,2.654218E0
6.243737E0,1.297756E1,2.573701E0
6.247908E0,1.318079E1,2.523388E0
6.252079E0,1.309607E1,2.689849E0
6.256250E0,1.293484E1,2.660170E0
6.260421E0,1.325738E1,2.758678E0
6.264592E0,1.294136E1,2.410660E0
6.268762E0,1.314776E1,2.532936E0
6.272933E0,1.298766E1,2.480293E0
6.277104E0,1.305301E1,2.604808E0
6.281275E0,1.292157E1,2.778016E0
6.285446E0,1.315725E1,2.580000E0
6.289617E0,1.308052E1,2.512043E0
6.293787E0,1.276258E1,2.689247E0
6.297958E0,1.312651E1,2.339472E0
6.302129E0,1.286347E1,2.334315E0
6.306300E0,1.290400E1,2.607369E0
6.310471E0,1.274069E1,2.606222E0
6.314642E0,1.277190E1,2.129723E0
6.318812E0,1.255236E1,2.363599E0
6.322983E0,1.261610E1,2.561530E0
6.327154E0,1.257009E1,2.297901E0
6.331325E0,1.213181E1,2.250677E0
6.335496E0,1.207767E1,2.345972E0
6.339667E0,1.220145E1,2.157434E0
6.343837E0,1.220183E1,1.967931E0
6.348008E0,1.226201E1,2.159495E0
6.352179E0,1.209371E1,2.048171E0
6.356350E0,1.206616E1,1.905320E0
6.360521E0,1.227513E1,1.823911E0
6.364692E0,1.246219E1,1.678885E0
6.368862E0,1.252391E1,1.729105E0
6.373033E0,1.221642E1,1.697819E0
6.377204E0,1.224591E1,1.838978E0
6.381375E0,1.220747E1,1.537948E0
6.385546E0,1.211198E1,1.733162E0
6.389717E0,1.242800E1,1.718294E0
6.393887E0,1.233436E1,1.556135E0
6.398058E0,1.231519E1,1.435091E0
6.402229E0,1.189692E1,1.421847E0
6.406400E0,1.204679E1,1.235633E0
6.410571E0,1.215153E1,4.004741E-1
6.414742E0,1.212808E1,9.156169E-1
6.418912E0,1.204172E1,6.681078E-1
6.423083E0,1.196356E1,7.429254E-1
6.427254E0,1.180784E1,6.267894E-1
6.431425E0,1.200889E1,1.043860E0
6.435596E0,1.233273E1,8.592941E-1
6.439767E0,1.207153E1,9.750595E-1
6.443937E0,1.221748E1,9.734687E-1
6.448108E0,1.207097E1,9.547961E-1
6.452279E0,1.208750E1,7.958094E-1
6.456450E0,1.210468E1,8.984377E-1
6.460621E0,1.226430E1,5.447845E-1
6.464792E0,1.223112E1,9.472569E-1
6.468962E0,1.194917E1,9.375053E-1
6.473133E0,1.223911E1,6.816212E-1
6.477304E0,1.215588E1,6.118871E-1
6.481475E0,1.211917E1,7.273734E-1
6.485646E0,1.211799E1,5.826108E-1
6.489817E0,1.216079E1,3.971727E-1
6.493987E0,1.247916E1,2.994994E-1
6.498158E0,1.204859E1,5.725901E-1
6.502329E0,1.207816E1,8.101396E-1
6.506500E0,1.215341E1,7.214431E-1
6.510671E0,1.159540E1,7.218812E-1
6.514842E0,1.200201E1,7.942776E-1
6.519012E0,1.192613E1,8.072297E-1
6.523183E0,1.196502E1,9.112782E-1
6.527354E0,1.202980E1,9.106322E-1
6.531525E0,1.172906E1,9.179467E-1
6.535696E0,1.179402E1,7.380586E-1
6.539867E0,1.146909E1,7.267544E-1
6.544037E0,1.141645E1,6.582026E-1
6.548208E0,1.152436E1,6.494091E-1
6.552379E0,1.116072E1,6.995385E-1
6.556550E0,1.162872E1,4.443235E-1
6.560721E0,1.169869E1,6.045224E-1
6.564892E0,1.116062E1,6.331295E-1
6.569062E0,1.128429E1,5.908416E-1
6.573233E0,1.116575E1,9.476002E-1
6.577404E0,1.122001E1,8.090986E-1
6.581575E0,1.121314E1,7.233410E-1
6.585746E0,1.118897E1,7.862832E-1
6.589917E0,1.107574E1,7.889381E-1
6.594087E0,1.120393E1,6.608897E-1
6.598258E0,1.135691E1,7.623583E-1
6.602429E0,1.130778E1,7.656703E-1
6.606600E0,1.118485E1,7.975225E-1
6.610771E0,1.108808E1,7.691353E-1
6.614942E0,1.124706E1,6.858266E-1
6.619112E0,1.114379E1,8.323207E-1
6.623283E0,1.135222E1,7.405284E-1
6.627454E0,1.123532E1,6.615142E-1
6.631625E0,1.109000E1,7.113873E-1
6.635796E0,1.112455E1,5.154497E-1
6.639967E0,1.103574E1,3.302666E-1
6.644137E0,1.110902E1,2.086829E-1
6.648308E0,1.111729E1,-4.348878E-1
6.652479E0,1.097792E1,-9.379422E-1
6.656650E0,1.034889E1,-1.305776E0
6.660821E0,1.056870E1,-1.702184E0
6.664992E0,1.059287E1,-1.561899E0
6.669162E0,1.031028E1,-1.708623E0
6.673333E0,1.025841E1,-2.066805E0
6.677504E0,1.033127E1,-2.242389E0
6.681675E0,1.040589E1,-2.382607E0
6.685846E0,1.002336E1,-2.217658E0
6.690017E0,1.020442E1,-2.146989E0
6.694187E0,1.021140E1,-2.301392E0
6.698358E0,1.009808E1,-2.296644E0
6.702529E0,1.001808E1,-2.325777E0
6.706700E0,1.017230E1,-2.309592E0
6.710871E0,1.008480E1,-2.275823E0
6.715042E0,1.018942E1,-2.475379E0
6.719212E0,1.030921E1,-2.389934E0
6.723383E0,1.028045E1,-2.642418E0
6.727554E0,1.012899E1,-2.431227E0
6.731725E0,1.018433E1,-2.577238E0
6.735896E0,1.008545E1,-2.769390E0
6.740067E0,9.937163E0,-3.091853E0
6.744237E0,1.025320E1,-3.127078E0
6.748408E0,1.005204E1,-2.966632E0
6.752579E0,1.017016E1,-3.047989E0
6.756750E0,1.027792E1,-3.280548E0
6.760921E0,1.016548E1,-3.225186E0
6.765092E0,1.003489E1,-3.228105E0
6.769262E0,1.004186E1,-3.176495E0
6.773433E0,1.006070E1,-3.099159E0
6.777604E0,1.005600E1,-3.284781E0
6.781775E0,1.037504E1,-3.201387E0
6.785946E0,1.048377E1,-3.170223E0
6.790117E0,1.012496E1,-3.199262E0
6.794287E0,1.017293E1,-3.628879E0
6.798458E0,1.039261E1,-3.651553E0
6.802629E0,1.006210E1,-3.562091E0
6.806800E0,1.005561E1,-3.436378E0
6.810971E0,1.054902E1,-3.492816E0
6.815142E0,1.003971E1,-3.379691E0
6.819312E0,1.004211E1,-3.425335E0
6.823483E0,1.015073E1,-3.253738E0
