,mass A,,
t,x,y,
0.000000E0,2.704727E2,3.736793E1
4.170833E-3,2.643905E2,3.785332E1
8.341667E-3,2.580757E2,3.987857E1
1.251250E-2,2.485382E2,3.913433E1
1.668333E-2,2.366355E2,3.927590E1
2.085417E-2,2.248186E2,3.759022E1
2.502500E-2,2.084016E2,3.691905E1
2.919583E-2,1.914450E2,3.491451E1
3.336667E-2,1.714464E2,3.221842E1
3.753750E-2,1.487552E2,3.066824E1
4.170833E-2,1.236434E2,2.892998E1
4.587917E-2,7.829472E1,1.779425E1
5.005000E-2,4.993767E1,1.408508E1
5.422083E-2,2.112009E1,1.004209E1
5.839167E-2,-9.130992E0,3.934791E0
6.256250E-2,-3.733150E1,-1.176421E0
6.673333E-2,-7.473587E1,-3.558851E0
7.090417E-2,-9.996864E1,-7.755014E0
7.507500E-2,-1.224350E2,-1.155748E1
7.924583E-2,-1.442860E2,-1.536838E1
8.341667E-2,-1.632918E2,-1.915595E1
8.758750E-2,-1.804039E2,-2.121219E1
9.175833E-2,-1.945725E2,-2.660281E1
9.592917E-2,-2.077556E2,-2.795269E1
1.001000E-1,-2.186522E2,-2.817272E1
1.042708E-1,-2.276521E2,-3.030536E1
1.084417E-1,-2.347471E2,-3.376200E1
1.126125E-1,-2.409891E2,-3.461140E1
1.167833E-1,-2.460292E2,-3.535197E1
1.209542E-1,-2.499406E2,-3.737597E1
1.251250E-1,-2.530864E2,-3.902978E1
1.292958E-1,-2.551317E2,-4.069878E1
1.334667E-1,-2.567588E2,-4.148318E1
1.376375E-1,-2.578012E2,-4.285943E1
1.418083E-1,-2.585594E2,-4.354287E1
1.459792E-1,-2.586791E2,-4.483906E1
1.501500E-1,-2.576748E2,-4.613944E1
1.543208E-1,-2.569926E2,-4.763262E1
1.584917E-1,-2.557031E2,-4.862780E1
1.626625E-1,-2.536429E2,-4.974227E1
1.668333E-1,-2.512271E2,-5.082031E1
1.710042E-1,-2.480360E2,-5.164237E1
1.751750E-1,-2.436547E2,-5.216859E1
1.793458E-1,-2.386975E2,-5.292386E1
1.835167E-1,-2.323757E2,-5.305939E1
1.876875E-1,-2.255869E2,-5.271259E1
1.918583E-1,-2.168949E2,-5.277672E1
1.960292E-1,-2.068415E2,-5.274113E1
2.002000E-1,-1.948249E2,-5.141789E1
2.043708E-1,-1.810486E2,-5.005204E1
2.085417E-1,-1.658547E2,-4.679077E1
2.127125E-1,-1.427028E2,-4.988356E1
2.168833E-1,-1.226102E2,-4.618389E1
2.210542E-1,-1.001990E2,-4.291680E1
2.252250E-1,-7.865034E1,-3.545822E1
2.293958E-1,-5.249277E1,-3.061946E1
2.335667E-1,-2.880524E1,-2.155966E1
2.377375E-1,-1.910002E0,-1.479303E1
2.419083E-1,4.448563E1,-8.897127E0
2.460792E-1,7.188296E1,8.957552E-1
2.502500E-1,9.683041E1,9.242193E0
2.544208E-1,1.195113E2,1.721554E1
2.585917E-1,1.393425E2,2.449379E1
2.627625E-1,1.589273E2,3.217528E1
2.669333E-1,1.764498E2,3.934541E1
2.711042E-1,1.918076E2,4.595349E1
2.752750E-1,2.050636E2,5.247180E1
2.794458E-1,2.168679E2,5.801037E1
2.836167E-1,2.272243E2,6.380812E1
2.877875E-1,2.352691E2,6.842376E1
2.919583E-1,2.427335E2,7.266275E1
2.961292E-1,2.482039E2,7.671346E1
3.003000E-1,2.531082E2,8.021043E1
3.044708E-1,2.567045E2,8.321658E1
3.086417E-1,2.595635E2,8.600329E1
3.128125E-1,2.614977E2,8.850255E1
3.169833E-1,2.625895E2,9.045617E1
3.211542E-1,2.625188E2,9.260828E1
3.253250E-1,2.624702E2,9.377099E1
3.294958E-1,2.612232E2,9.475161E1
3.336667E-1,2.593716E2,9.587006E1
3.378375E-1,2.566761E2,9.740710E1
3.420083E-1,2.536501E2,9.616157E1
3.461792E-1,2.493207E2,9.585641E1
3.503500E-1,2.443555E2,9.477234E1
3.545208E-1,2.383820E2,9.319353E1
3.586917E-1,2.303769E2,9.177040E1
3.628625E-1,2.222055E2,8.901514E1
3.670333E-1,2.114140E2,8.586271E1
3.712042E-1,2.003743E2,8.226373E1
3.753750E-1,1.867126E2,7.811731E1
3.795458E-1,1.713057E2,7.280669E1
3.837167E-1,1.539410E2,6.758455E1
3.878875E-1,1.347518E2,6.001077E1
3.920583E-1,1.138596E2,5.387688E1
3.962292E-1,9.082107E1,4.550534E1
4.004000E-1,6.656931E1,3.563888E1
4.045708E-1,3.986025E1,2.447028E1
4.087417E-1,1.337864E1,1.458803E1
4.129125E-1,-1.458636E1,-7.015149E-2
4.170833E-1,-4.134508E1,-1.331120E1
4.212542E-1,-6.321117E1,-2.442526E1
4.254250E-1,-8.415071E1,-3.541426E1
4.295958E-1,-1.035482E2,-4.706450E1
4.337667E-1,-1.193026E2,-5.783451E1
4.379375E-1,-1.357142E2,-6.803289E1
4.421083E-1,-1.494678E2,-7.615402E1
4.462792E-1,-1.614342E2,-8.393827E1
4.504500E-1,-1.733022E2,-9.002492E1
4.546208E-1,-1.823478E2,-9.587244E1
4.587917E-1,-1.891388E2,-1.014044E2
4.629625E-1,-1.957587E2,-1.059927E2
4.671333E-1,-2.009261E2,-1.101052E2
4.713042E-1,-2.051165E2,-1.130411E2
4.754750E-1,-2.082255E2,-1.164713E2
4.796458E-1,-2.104743E2,-1.189070E2
4.838167E-1,-2.116547E2,-1.209007E2
4.879875E-1,-2.131341E2,-1.228708E2
4.921583E-1,-2.131644E2,-1.243571E2
4.963292E-1,-2.125525E2,-1.256974E2
5.005000E-1,-2.120975E2,-1.265788E2
5.046708E-1,-2.105312E2,-1.272727E2
5.088417E-1,-2.081404E2,-1.272766E2
5.130125E-1,-2.053420E2,-1.274553E2
5.171833E-1,-2.011918E2,-1.267179E2
5.213542E-1,-1.970074E2,-1.258803E2
5.255250E-1,-1.921174E2,-1.238810E2
5.296958E-1,-1.857682E2,-1.220168E2
5.338667E-1,-1.788731E2,-1.191160E2
5.380375E-1,-1.714627E2,-1.140433E2
5.422083E-1,-1.603439E2,-1.097796E2
5.463792E-1,-1.501790E2,-1.035935E2
5.505500E-1,-1.381613E2,-9.674113E1
5.547208E-1,-1.257983E2,-8.803401E1
5.588917E-1,-1.072830E2,-7.989126E1
5.630625E-1,-8.905437E1,-6.983892E1
5.672333E-1,-6.812652E1,-5.923517E1
5.714042E-1,-5.420827E1,-4.496968E1
5.755750E-1,-3.315385E1,-3.181040E1
5.797458E-1,-1.156949E1,-1.654657E1
5.839167E-1,8.938877E0,-3.928909E-1
5.880875E-1,3.081037E1,1.883449E1
5.922583E-1,5.359802E1,3.688837E1
5.964292E-1,7.479363E1,5.276514E1
6.006000E-1,9.197171E1,6.622598E1
6.047708E-1,1.100852E2,7.978504E1
6.089417E-1,1.255416E2,9.228820E1
6.131125E-1,1.390878E2,1.034339E2
6.172833E-1,1.601026E2,1.065723E2
6.214542E-1,1.707775E2,1.156921E2
6.256250E-1,1.793389E2,1.244424E2
6.297958E-1,1.869646E2,1.320377E2
6.339667E-1,1.926432E2,1.381559E2
6.381375E-1,1.981853E2,1.431588E2
6.423083E-1,2.019919E2,1.478828E2
6.464792E-1,2.054456E2,1.523069E2
6.506500E-1,2.072646E2,1.558109E2
6.548208E-1,2.081869E2,1.586676E2
6.589917E-1,2.091252E2,1.607751E2
6.631625E-1,2.097292E2,1.622223E2
6.673333E-1,2.075803E2,1.640733E2
6.715042E-1,2.072565E2,1.631659E2
6.756750E-1,2.046633E2,1.632335E2
6.798458E-1,2.022434E2,1.619071E2
6.840167E-1,1.989044E2,1.604038E2
6.881875E-1,1.938928E2,1.582221E2
6.923583E-1,1.890992E2,1.542234E2
6.965292E-1,1.824950E2,1.502756E2
7.007000E-1,1.748255E2,1.451597E2
7.048708E-1,1.663047E2,1.389534E2
7.090417E-1,1.570412E2,1.322674E2
7.132125E-1,1.460290E2,1.243056E2
7.173833E-1,1.331402E2,1.143959E2
7.215542E-1,1.188997E2,1.044685E2
7.257250E-1,1.032296E2,9.275467E1
7.298958E-1,8.631533E1,7.999215E1
7.340667E-1,6.775047E1,6.507534E1
7.382375E-1,4.861616E1,4.897491E1
7.424083E-1,2.740348E1,2.936252E1
7.465792E-1,7.166666E0,1.125802E1
7.507500E-1,-1.424120E1,-1.038168E1
7.549208E-1,-3.421763E1,-3.081885E1
7.590917E-1,-5.049797E1,-4.747733E1
7.632625E-1,-6.612869E1,-6.442928E1
7.674333E-1,-7.908500E1,-8.094323E1
7.716042E-1,-9.134796E1,-9.524384E1
7.757750E-1,-1.030127E2,-1.079587E2
7.799458E-1,-1.123273E2,-1.195971E2
7.841167E-1,-1.208813E2,-1.303148E2
7.882875E-1,-1.278279E2,-1.389861E2
7.924583E-1,-1.352362E2,-1.472826E2
7.966292E-1,-1.414853E2,-1.539207E2
8.008000E-1,-1.453814E2,-1.594277E2
8.049708E-1,-1.484133E2,-1.642797E2
8.091417E-1,-1.519560E2,-1.682735E2
8.133125E-1,-1.538071E2,-1.714640E2
8.174833E-1,-1.552718E2,-1.743100E2
8.216542E-1,-1.556667E2,-1.761097E2
8.258250E-1,-1.559466E2,-1.774625E2
8.299958E-1,-1.557290E2,-1.783388E2
8.341667E-1,-1.546811E2,-1.784639E2
8.383375E-1,-1.529821E2,-1.784426E2
8.425083E-1,-1.511870E2,-1.775848E2
8.466792E-1,-1.489226E2,-1.758336E2
8.508500E-1,-1.457151E2,-1.738004E2
8.550208E-1,-1.418807E2,-1.706481E2
8.591917E-1,-1.370272E2,-1.670080E2
8.633625E-1,-1.317457E2,-1.621014E2
8.675333E-1,-1.254789E2,-1.560881E2
8.717042E-1,-1.193153E2,-1.485011E2
8.758750E-1,-1.127965E2,-1.399731E2
8.800458E-1,-1.033170E2,-1.299844E2
8.842167E-1,-9.322521E1,-1.196580E2
8.883875E-1,-8.075267E1,-1.070424E2
8.925583E-1,-6.841182E1,-9.303433E1
8.967292E-1,-5.663178E1,-7.826261E1
9.009000E-1,-4.234289E1,-6.168247E1
9.050708E-1,-2.171957E1,-4.200534E1
9.092417E-1,-8.130707E0,-3.014166E1
9.134125E-1,6.388357E0,-1.445240E1
9.175833E-1,3.323791E1,1.243655E1
9.217542E-1,4.827634E1,4.634751E1
9.259250E-1,6.360981E1,6.325918E1
9.300958E-1,7.739955E1,7.970688E1
9.342667E-1,9.065552E1,9.522019E1
9.384375E-1,1.022492E2,1.095247E2
9.426083E-1,1.127040E2,1.235253E2
9.467792E-1,1.217971E2,1.352117E2
9.509500E-1,1.299470E2,1.454498E2
9.551208E-1,1.366092E2,1.555361E2
9.592917E-1,1.424579E2,1.642460E2
9.634625E-1,1.480738E2,1.717651E2
9.676333E-1,1.516755E2,1.777128E2
9.718042E-1,1.550202E2,1.824517E2
9.759750E-1,1.579800E2,1.863673E2
9.801458E-1,1.595400E2,1.892467E2
9.843167E-1,1.612977E2,1.915095E2
9.884875E-1,1.619582E2,1.931135E2
9.926583E-1,1.621718E2,1.932562E2
9.968292E-1,1.617456E2,1.933320E2
1.001000E0,1.607400E2,1.920981E2
1.005171E0,1.592342E2,1.899705E2
1.009342E0,1.572824E2,1.874724E2
1.013512E0,1.542969E2,1.837807E2
1.017683E0,1.511533E2,1.792584E2
1.021854E0,1.470996E2,1.732724E2
1.026025E0,1.418155E2,1.668756E2
1.030196E0,1.358999E2,1.589878E2
1.034367E0,1.291815E2,1.493899E2
1.038537E0,1.212826E2,1.391791E2
1.042708E0,1.119696E2,1.278801E2
1.046879E0,1.014610E2,1.144838E2
1.051050E0,8.946948E1,9.902412E1
1.055221E0,7.661039E1,8.497007E1
1.059392E0,6.286199E1,6.627708E1
1.063562E0,4.847604E1,4.649459E1
1.067733E0,3.224766E1,2.589454E1
1.071904E0,1.566594E1,1.314051E0
1.076075E0,-2.973720E0,-2.244319E1
1.080246E0,-2.027437E1,-4.417882E1
1.084417E0,-3.532541E1,-6.027981E1
1.088587E0,-4.928020E1,-7.755557E1
1.092758E0,-6.188743E1,-9.316533E1
1.096929E0,-7.192348E1,-1.082576E2
1.101100E0,-8.353790E1,-1.208238E2
1.105271E0,-9.109152E1,-1.327340E2
1.109442E0,-9.969541E1,-1.428772E2
1.113612E0,-1.080327E2,-1.511729E2
1.117783E0,-1.154270E2,-1.581231E2
1.121954E0,-1.204988E2,-1.640337E2
1.126125E0,-1.253826E2,-1.689672E2
1.130296E0,-1.287102E2,-1.731315E2
1.134467E0,-1.325353E2,-1.763215E2
1.138637E0,-1.350422E2,-1.784016E2
1.142808E0,-1.373493E2,-1.802288E2
1.146979E0,-1.387242E2,-1.811435E2
1.151150E0,-1.396942E2,-1.813357E2
1.155321E0,-1.400143E2,-1.810182E2
1.159492E0,-1.393969E2,-1.795934E2
1.163662E0,-1.391252E2,-1.779920E2
1.167833E0,-1.377464E2,-1.758453E2
1.172004E0,-1.356358E2,-1.729594E2
1.176175E0,-1.328038E2,-1.688604E2
1.180346E0,-1.296984E2,-1.641327E2
1.184517E0,-1.253545E2,-1.584745E2
1.188687E0,-1.207932E2,-1.519350E2
1.192858E0,-1.150876E2,-1.439926E2
1.197029E0,-1.080383E2,-1.346395E2
1.201200E0,-1.004998E2,-1.248876E2
1.205371E0,-9.150280E1,-1.135943E2
1.209542E0,-8.215622E1,-9.967848E1
1.213712E0,-7.383410E1,-8.421209E1
1.217883E0,-6.055522E1,-6.826489E1
1.222054E0,-4.685659E1,-5.222270E1
1.226225E0,-3.471399E1,-3.407625E1
1.230396E0,-1.825751E1,-2.222410E1
1.234567E0,-8.619759E0,3.099866E0
1.238737E0,7.370492E0,2.353967E1
1.242908E0,2.266224E1,4.009948E1
1.247079E0,3.957957E1,5.874992E1
1.251250E0,5.719835E1,7.720182E1
1.255421E0,7.218477E1,9.243432E1
1.259592E0,8.788125E1,1.069242E2
1.263762E0,1.000986E2,1.188678E2
1.267933E0,1.105039E2,1.298128E2
1.272104E0,1.206733E2,1.387118E2
1.276275E0,1.297985E2,1.470495E2
1.280446E0,1.377435E2,1.533777E2
1.284617E0,1.458639E2,1.575283E2
1.288787E0,1.499170E2,1.633243E2
1.292958E0,1.548212E2,1.665514E2
1.297129E0,1.579626E2,1.694239E2
1.301300E0,1.607626E2,1.712195E2
1.305471E0,1.631328E2,1.719174E2
1.309642E0,1.645963E2,1.722460E2
1.313812E0,1.649174E2,1.722484E2
1.317983E0,1.652547E2,1.701806E2
1.322154E0,1.645316E2,1.681981E2
1.326325E0,1.625293E2,1.650929E2
1.330496E0,1.605368E2,1.612820E2
1.334667E0,1.566279E2,1.570249E2
1.338837E0,1.528134E2,1.512454E2
1.343008E0,1.464625E2,1.449392E2
1.347179E0,1.406317E2,1.373193E2
1.351350E0,1.336139E2,1.282740E2
1.355521E0,1.239049E2,1.181133E2
1.359692E0,1.131326E2,1.069471E2
1.363862E0,1.012194E2,9.487602E1
1.368033E0,1.014965E2,8.101007E1
1.372204E0,8.761220E1,6.624698E1
1.376375E0,7.161732E1,5.304377E1
1.380546E0,5.559008E1,3.400287E1
1.384717E0,3.759536E1,1.542188E1
1.388887E0,1.728325E1,-4.007458E0
1.393058E0,-5.907920E0,-2.673733E1
1.397229E0,-2.139320E1,-3.916065E1
1.401400E0,-3.921842E1,-5.404380E1
1.405571E0,-5.532945E1,-6.843893E1
1.409742E0,-7.151191E1,-8.090063E1
1.413912E0,-8.587293E1,-9.150282E1
1.418083E0,-9.786217E1,-1.010935E2
1.422254E0,-1.099033E2,-1.103410E2
1.426425E0,-1.197338E2,-1.172060E2
1.430596E0,-1.283980E2,-1.229569E2
1.434767E0,-1.378085E2,-1.282811E2
1.438937E0,-1.433217E2,-1.324246E2
1.443108E0,-1.497273E2,-1.361822E2
1.447279E0,-1.546369E2,-1.388122E2
1.451450E0,-1.583607E2,-1.408474E2
1.455621E0,-1.612716E2,-1.420533E2
1.459792E0,-1.635325E2,-1.429506E2
1.463962E0,-1.652036E2,-1.430319E2
1.468133E0,-1.656600E2,-1.425765E2
1.472304E0,-1.656588E2,-1.417972E2
1.476475E0,-1.653118E2,-1.401156E2
1.480646E0,-1.635169E2,-1.380209E2
1.484817E0,-1.615483E2,-1.352647E2
1.488987E0,-1.584351E2,-1.319850E2
1.493158E0,-1.541002E2,-1.277222E2
1.497329E0,-1.488011E2,-1.237148E2
1.501500E0,-1.432078E2,-1.176239E2
1.505671E0,-1.356890E2,-1.118175E2
1.509842E0,-1.274209E2,-1.040878E2
1.514012E0,-1.175345E2,-9.572525E1
1.518183E0,-1.069050E2,-8.604803E1
1.522354E0,-9.444088E1,-7.582098E1
1.526525E0,-7.994704E1,-6.486491E1
1.530696E0,-6.514039E1,-5.213744E1
1.534867E0,-4.903520E1,-3.887358E1
1.539037E0,-2.926770E1,-2.268446E1
1.543208E0,-6.146890E0,-4.336374E0
1.547379E0,1.404505E1,1.080909E1
1.551550E0,3.518823E1,2.683666E1
1.555721E0,5.520601E1,4.057156E1
1.559892E0,7.345802E1,5.253805E1
1.564062E0,9.097044E1,6.208774E1
1.568233E0,1.067088E2,7.092068E1
1.572404E0,1.209224E2,7.990257E1
1.576575E0,1.340328E2,8.780517E1
1.580746E0,1.454524E2,9.458329E1
1.584917E0,1.559327E2,1.010666E2
1.589087E0,1.642558E2,1.065656E2
1.593258E0,1.716646E2,1.113109E2
1.597429E0,1.781948E2,1.160137E2
1.601600E0,1.836424E2,1.198367E2
1.605771E0,1.876792E2,1.228303E2
1.609942E0,1.907900E2,1.248843E2
1.614112E0,1.929731E2,1.264854E2
1.618283E0,1.943064E2,1.268447E2
1.622454E0,1.946167E2,1.272136E2
1.626625E0,1.939588E2,1.269389E2
1.630796E0,1.927012E2,1.255420E2
1.634967E0,1.900279E2,1.238143E2
1.639137E0,1.870480E2,1.214342E2
1.643308E0,1.824537E2,1.178559E2
1.647479E0,1.770067E2,1.142045E2
1.651650E0,1.704550E2,1.096077E2
1.655821E0,1.628725E2,1.042673E2
1.659992E0,1.537496E2,9.811470E1
1.664162E0,1.432567E2,9.134535E1
1.668333E0,1.313196E2,8.327809E1
1.672504E0,1.178698E2,7.442008E1
1.676675E0,1.030398E2,6.648482E1
1.680846E0,8.668924E1,5.530448E1
1.685017E0,6.905240E1,4.415431E1
1.689187E0,5.001358E1,3.101880E1
1.693358E0,2.875970E1,1.481680E1
1.697529E0,7.265727E0,8.204082E-1
1.701700E0,-1.548813E1,-1.534544E1
1.705871E0,-3.684188E1,-3.062229E1
1.710042E0,-5.515461E1,-4.266083E1
1.714212E0,-7.032183E1,-5.186828E1
1.718383E0,-8.610998E1,-6.301739E1
1.722554E0,-9.929154E1,-7.262066E1
1.726725E0,-1.104111E2,-8.254709E1
1.730896E0,-1.210555E2,-9.001739E1
1.735067E0,-1.297525E2,-9.713007E1
1.739237E0,-1.379320E2,-1.036832E2
1.743408E0,-1.454048E2,-1.086913E2
1.747579E0,-1.511219E2,-1.136503E2
1.751750E0,-1.559521E2,-1.182047E2
1.755921E0,-1.600648E2,-1.208125E2
1.760092E0,-1.622079E2,-1.235729E2
1.764262E0,-1.636749E2,-1.255691E2
1.768433E0,-1.650364E2,-1.268555E2
1.772604E0,-1.649471E2,-1.277946E2
1.776775E0,-1.645543E2,-1.283568E2
1.780946E0,-1.627238E2,-1.280232E2
1.785117E0,-1.605739E2,-1.270205E2
1.789287E0,-1.568260E2,-1.256664E2
1.793458E0,-1.534867E2,-1.233195E2
1.797629E0,-1.484945E2,-1.202735E2
1.801800E0,-1.423983E2,-1.168272E2
1.805971E0,-1.344723E2,-1.124855E2
1.810142E0,-1.276498E2,-1.073218E2
1.814312E0,-1.179861E2,-1.009536E2
1.818483E0,-1.085388E2,-9.310388E1
1.822654E0,-9.491644E1,-8.530694E1
1.826825E0,-8.271688E1,-7.535493E1
1.830996E0,-6.739808E1,-6.500747E1
1.835167E0,-5.148732E1,-5.381578E1
1.839337E0,-3.369406E1,-4.102886E1
1.843508E0,-1.930322E1,-3.311077E1
1.847679E0,5.685916E0,-1.003918E1
1.851850E0,2.489505E1,6.725281E0
1.856021E0,4.380361E1,2.239011E1
1.860192E0,6.063949E1,3.899002E1
1.864362E0,7.569623E1,5.231374E1
1.868533E0,9.025263E1,6.405534E1
1.872704E0,1.031875E2,7.538103E1
1.876875E0,1.150631E2,8.605372E1
1.881046E0,1.253202E2,9.522432E1
1.885217E0,1.345879E2,1.033937E2
1.889387E0,1.429276E2,1.106788E2
1.893558E0,1.493338E2,1.174879E2
1.897729E0,1.554543E2,1.232458E2
1.901900E0,1.601676E2,1.283561E2
1.906071E0,1.639983E2,1.324732E2
1.910242E0,1.668489E2,1.354844E2
1.914412E0,1.684177E2,1.379329E2
1.918583E0,1.694926E2,1.398754E2
1.922754E0,1.693985E2,1.411443E2
1.926925E0,1.689775E2,1.410960E2
1.931096E0,1.670139E2,1.408993E2
1.935267E0,1.650690E2,1.390318E2
1.939437E0,1.615279E2,1.367983E2
1.943608E0,1.571493E2,1.336535E2
1.947779E0,1.517895E2,1.295615E2
1.951950E0,1.455985E2,1.243536E2
1.956121E0,1.380713E2,1.184582E2
1.960292E0,1.293996E2,1.117941E2
1.964462E0,1.200224E2,1.039599E2
1.968633E0,1.092399E2,9.407479E1
1.972804E0,9.728382E1,8.464802E1
1.976975E0,8.384475E1,7.335307E1
1.981146E0,6.946758E1,6.040291E1
1.985317E0,5.372058E1,4.702346E1
1.989487E0,3.680334E1,3.061234E1
1.993658E0,1.898819E1,1.487150E1
1.997829E0,-4.739390E-1,-7.004916E0
2.002000E0,-1.825123E1,-2.524165E1
2.006171E0,-3.382843E1,-4.092971E1
2.010342E0,-4.763325E1,-5.463167E1
2.014512E0,-5.931124E1,-6.687657E1
2.018683E0,-6.978424E1,-7.955691E1
2.022854E0,-7.977858E1,-9.083455E1
2.027025E0,-8.936717E1,-1.016900E2
2.031196E0,-9.839962E1,-1.108919E2
2.035367E0,-1.042468E2,-1.195366E2
2.039537E0,-1.107697E2,-1.266309E2
2.043708E0,-1.161213E2,-1.325615E2
2.047879E0,-1.202814E2,-1.374268E2
2.052050E0,-1.236985E2,-1.415567E2
2.056221E0,-1.267770E2,-1.446118E2
2.060392E0,-1.286059E2,-1.467584E2
2.064562E0,-1.301593E2,-1.480879E2
2.068733E0,-1.304093E2,-1.489671E2
2.072904E0,-1.299323E2,-1.493167E2
2.077075E0,-1.285051E2,-1.485431E2
2.081246E0,-1.270536E2,-1.466134E2
2.085417E0,-1.243700E2,-1.446117E2
2.089587E0,-1.210388E2,-1.414503E2
2.093758E0,-1.169530E2,-1.377893E2
2.097929E0,-1.121561E2,-1.325505E2
2.102100E0,-1.064185E2,-1.266598E2
2.106271E0,-9.947043E1,-1.198535E2
2.110442E0,-9.233643E1,-1.118496E2
2.114612E0,-8.580996E1,-1.020284E2
2.118783E0,-7.386012E1,-9.177678E1
2.122954E0,-6.363409E1,-8.057821E1
2.127125E0,-5.322604E1,-6.786578E1
2.131296E0,-3.936873E1,-5.468831E1
2.135467E0,-2.704076E1,-4.224371E1
2.139637E0,-8.354803E0,-1.774276E1
2.143808E0,8.669074E0,1.161127E0
2.147979E0,2.476863E1,1.956578E1
2.152150E0,3.971691E1,3.719022E1
2.156321E0,5.372629E1,5.353270E1
2.160492E0,6.737996E1,6.641799E1
2.164662E0,7.909013E1,7.902558E1
2.168833E0,9.043454E1,9.111632E1
2.173004E0,1.001648E2,1.010548E2
2.177175E0,1.091667E2,1.114112E2
2.181346E0,1.176450E2,1.208241E2
2.185517E0,1.241869E2,1.281817E2
2.189687E0,1.302616E2,1.349819E2
2.193858E0,1.351398E2,1.403051E2
2.198029E0,1.394282E2,1.446234E2
2.202200E0,1.426259E2,1.477890E2
2.206371E0,1.449637E2,1.499301E2
2.210542E0,1.464135E2,1.513063E2
2.214712E0,1.472881E2,1.515124E2
2.218883E0,1.474518E2,1.509135E2
2.223054E0,1.467189E2,1.492648E2
2.227225E0,1.454853E2,1.469553E2
2.231396E0,1.430519E2,1.435355E2
2.235567E0,1.400214E2,1.393763E2
2.239737E0,1.356492E2,1.334813E2
2.243908E0,1.308942E2,1.269905E2
2.248079E0,1.246745E2,1.194880E2
2.252250E0,1.174671E2,1.109166E2
2.256421E0,1.095012E2,1.013745E2
2.260592E0,1.000752E2,9.090515E1
2.264762E0,8.952487E1,8.049285E1
2.268933E0,7.759822E1,6.689998E1
2.273104E0,6.515302E1,5.169062E1
2.277275E0,5.147446E1,3.719101E1
2.281446E0,3.629095E1,1.947351E1
2.285617E0,2.026537E1,1.082083E0
2.289787E0,9.518569E-1,-1.890985E1
2.293958E0,-1.466771E1,-3.517829E1
2.298129E0,-2.836102E1,-5.080084E1
2.302300E0,-4.292255E1,-6.289713E1
2.306471E0,-5.505787E1,-7.440572E1
2.310642E0,-6.776495E1,-8.537889E1
2.314812E0,-7.766510E1,-9.462920E1
2.318983E0,-8.927524E1,-1.020936E2
2.323154E0,-9.776583E1,-1.091853E2
2.327325E0,-1.052534E2,-1.151039E2
2.331496E0,-1.113858E2,-1.205796E2
2.335667E0,-1.170780E2,-1.245253E2
2.339837E0,-1.227279E2,-1.276594E2
2.344008E0,-1.266282E2,-1.300050E2
2.348179E0,-1.291695E2,-1.314377E2
2.352350E0,-1.319610E2,-1.323035E2
2.356521E0,-1.333601E2,-1.319474E2
2.360692E0,-1.336626E2,-1.316504E2
2.364862E0,-1.340545E2,-1.298975E2
2.369033E0,-1.331897E2,-1.276955E2
2.373204E0,-1.313352E2,-1.249931E2
2.377375E0,-1.289299E2,-1.213762E2
2.381546E0,-1.246400E2,-1.176916E2
2.385717E0,-1.202034E2,-1.117470E2
2.389887E0,-1.144512E2,-1.057749E2
2.394058E0,-1.085742E2,-9.874497E1
2.398229E0,-9.944979E1,-9.186059E1
2.402400E0,-9.124063E1,-8.256379E1
2.406571E0,-8.179359E1,-7.306342E1
2.410742E0,-7.065850E1,-6.268571E1
2.414912E0,-5.810798E1,-5.237930E1
2.419083E0,-4.490692E1,-4.014236E1
2.423254E0,-2.790301E1,-2.089366E1
2.427425E0,-9.487425E0,-3.591809E0
2.431596E0,9.135452E0,1.149302E1
2.435767E0,2.755860E1,2.543132E1
2.439937E0,4.478166E1,3.815124E1
2.444108E0,6.143933E1,5.022946E1
2.448279E0,7.632503E1,5.883548E1
2.452450E0,9.076607E1,6.713860E1
2.456621E0,1.036336E2,7.397403E1
2.460792E0,1.151953E2,8.057528E1
2.464962E0,1.259020E2,8.581000E1
2.469133E0,1.353582E2,9.172493E1
2.473304E0,1.430304E2,9.656478E1
2.477475E0,1.501343E2,1.004331E2
2.481646E0,1.556552E2,1.032432E2
2.485817E0,1.602704E2,1.055129E2
2.489987E0,1.636010E2,1.069025E2
2.494158E0,1.662789E2,1.083386E2
2.498329E0,1.677221E2,1.083609E2
2.502500E0,1.680513E2,1.077361E2
2.506671E0,1.675601E2,1.062158E2
2.510842E0,1.660940E2,1.047777E2
2.515012E0,1.632462E2,1.020717E2
2.519183E0,1.593638E2,9.853989E1
2.523354E0,1.546639E2,9.438671E1
2.527525E0,1.484410E2,8.940247E1
2.531696E0,1.411573E2,8.408659E1
2.535867E0,1.323208E2,7.741424E1
2.540037E0,1.226721E2,7.036572E1
2.544208E0,1.116038E2,6.265288E1
2.548379E0,9.883734E1,5.523219E1
2.552550E0,8.464407E1,4.524951E1
2.556721E0,6.925437E1,3.581308E1
2.560892E0,5.229668E1,2.479242E1
2.565062E0,3.460196E1,1.247559E1
2.569233E0,1.496928E1,-1.277062E0
2.573404E0,-6.830680E0,-1.311705E1
2.577575E0,-2.630528E1,-2.679260E1
2.581746E0,-4.266069E1,-3.675896E1
2.585917E0,-5.785905E1,-4.514225E1
2.590087E0,-7.367666E1,-5.237708E1
2.594258E0,-8.531816E1,-5.916046E1
2.598429E0,-9.715764E1,-6.504581E1
2.602600E0,-1.091300E2,-6.991946E1
2.606771E0,-1.173802E2,-7.679771E1
2.610942E0,-1.251291E2,-8.070452E1
2.615112E0,-1.320694E2,-8.541667E1
2.619283E0,-1.373509E2,-8.910636E1
2.623454E0,-1.419312E2,-9.216797E1
2.627625E0,-1.452629E2,-9.367769E1
2.631796E0,-1.475907E2,-9.534003E1
2.635967E0,-1.486574E2,-9.620766E1
2.640137E0,-1.493215E2,-9.617119E1
2.644308E0,-1.477453E2,-9.684913E1
2.648479E0,-1.463195E2,-9.544317E1
2.652650E0,-1.436622E2,-9.474098E1
2.656821E0,-1.396901E2,-9.294449E1
2.660992E0,-1.346127E2,-9.076343E1
2.665162E0,-1.284199E2,-8.765671E1
2.669333E0,-1.218336E2,-8.389103E1
2.673504E0,-1.127353E2,-7.964434E1
2.677675E0,-1.034448E2,-7.386072E1
2.681846E0,-9.231698E1,-6.786109E1
2.686017E0,-8.040788E1,-6.207847E1
2.690187E0,-6.707699E1,-5.334782E1
2.694358E0,-5.181078E1,-4.354601E1
2.698529E0,-3.706822E1,-3.431545E1
2.702700E0,-1.752594E1,-2.286206E1
2.706871E0,2.667815E0,-1.009465E1
2.711042E0,2.057383E1,2.277808E0
2.715212E0,3.907352E1,1.563373E1
2.719383E0,5.542455E1,2.736354E1
2.723554E0,7.093095E1,3.795870E1
2.727725E0,8.454718E1,4.783988E1
2.731896E0,9.728009E1,5.557288E1
2.736067E0,1.090686E2,6.429568E1
2.740237E0,1.190585E2,7.146983E1
2.744408E0,1.282247E2,7.926682E1
2.748579E0,1.354026E2,8.424061E1
2.752750E0,1.423226E2,9.014918E1
2.756921E0,1.481558E2,9.626805E1
2.761092E0,1.522254E2,1.004250E2
2.765262E0,1.552694E2,1.034932E2
2.769433E0,1.572916E2,1.060563E2
2.773604E0,1.585989E2,1.080726E2
2.777775E0,1.583980E2,1.090023E2
2.781946E0,1.572854E2,1.092681E2
2.786117E0,1.552648E2,1.087261E2
2.790287E0,1.516737E2,1.068256E2
2.794458E0,1.472129E2,1.049255E2
2.798629E0,1.414128E2,1.015301E2
2.802800E0,1.344414E2,9.759937E1
2.806971E0,1.270212E2,9.316912E1
2.811142E0,1.180746E2,8.787475E1
2.815312E0,1.082387E2,8.187111E1
2.819483E0,9.697764E1,7.369972E1
2.823654E0,8.477573E1,6.524219E1
2.827825E0,7.069568E1,5.809002E1
2.831996E0,5.650280E1,4.675754E1
2.836167E0,4.061427E1,3.546462E1
2.840337E0,2.391080E1,2.050556E1
2.844508E0,6.181618E0,7.346571E0
2.848679E0,-1.133189E1,-1.087218E1
2.852850E0,-2.891123E1,-2.706713E1
2.857021E0,-4.103739E1,-3.895705E1
2.861192E0,-5.233694E1,-5.085322E1
2.865362E0,-6.320971E1,-6.083042E1
2.869533E0,-7.294563E1,-7.118171E1
2.873704E0,-8.147373E1,-7.919449E1
2.877875E0,-8.945324E1,-8.706039E1
2.882046E0,-9.536578E1,-9.490928E1
2.886217E0,-1.006705E2,-1.019414E2
2.890387E0,-1.048808E2,-1.081531E2
2.894558E0,-1.077836E2,-1.131473E2
2.898729E0,-1.115188E2,-1.159620E2
2.902900E0,-1.121758E2,-1.194875E2
2.907071E0,-1.133439E2,-1.216887E2
2.911242E0,-1.136209E2,-1.227010E2
2.915412E0,-1.129555E2,-1.232047E2
2.919583E0,-1.113755E2,-1.224960E2
2.923754E0,-1.086359E2,-1.216125E2
2.927925E0,-1.056565E2,-1.191956E2
2.932096E0,-1.016839E2,-1.161549E2
2.936267E0,-9.763413E1,-1.112927E2
2.940437E0,-9.118792E1,-1.066161E2
2.944608E0,-8.444580E1,-1.009636E2
2.948779E0,-7.747512E1,-9.391090E1
2.952950E0,-6.746121E1,-8.642635E1
2.957121E0,-5.772873E1,-7.775990E1
2.961292E0,-4.951258E1,-6.694879E1
2.965462E0,-3.726983E1,-5.704491E1
2.969633E0,-2.386468E1,-4.231658E1
2.973804E0,-1.108678E1,-2.635784E1
2.977975E0,5.477096E0,-8.555763E0
2.982146E0,1.941394E1,6.445590E0
2.986317E0,3.243931E1,2.393076E1
2.990487E0,4.543900E1,3.679811E1
2.994658E0,5.672794E1,5.250482E1
2.998829E0,6.673894E1,6.512748E1
3.003000E0,7.656546E1,7.572954E1
3.007171E0,8.522143E1,8.600314E1
3.011342E0,9.300899E1,9.588690E1
3.015512E0,9.938744E1,1.045051E2
3.019683E0,1.052233E2,1.123515E2
3.023854E0,1.102552E2,1.182669E2
3.028025E0,1.143314E2,1.238538E2
3.032196E0,1.179541E2,1.277137E2
3.036367E0,1.202013E2,1.313458E2
3.040537E0,1.221261E2,1.331335E2
3.044708E0,1.232083E2,1.335001E2
3.048879E0,1.231373E2,1.333629E2
3.053050E0,1.224676E2,1.314136E2
3.057221E0,1.209681E2,1.290214E2
3.061392E0,1.184093E2,1.258572E2
3.065562E0,1.151795E2,1.217422E2
3.069733E0,1.113218E2,1.160755E2
3.073904E0,1.063766E2,1.097474E2
3.078075E0,1.005297E2,1.026767E2
3.082246E0,9.349067E1,9.316081E1
3.086417E0,8.600659E1,8.304516E1
3.090587E0,7.739584E1,7.147324E1
3.094758E0,6.776036E1,5.900299E1
3.098929E0,5.717845E1,4.514401E1
3.103100E0,4.475731E1,3.229215E1
3.107271E0,3.170464E1,1.668485E1
3.111442E0,1.762307E1,2.139466E-1
3.115612E0,2.656026E0,-2.097993E1
3.119783E0,-1.175792E1,-3.566249E1
3.123954E0,-2.479668E1,-4.905552E1
3.128125E0,-3.466054E1,-6.066505E1
3.132296E0,-4.536288E1,-7.071879E1
3.136467E0,-5.546784E1,-7.939026E1
3.140637E0,-6.547663E1,-8.617599E1
3.144808E0,-7.349328E1,-9.422413E1
3.148979E0,-7.947288E1,-1.007759E2
3.153150E0,-8.622500E1,-1.057427E2
3.157321E0,-9.200519E1,-1.099211E2
3.161492E0,-9.703228E1,-1.126610E2
3.165662E0,-1.007710E2,-1.153938E2
3.169833E0,-1.032092E2,-1.165170E2
3.174004E0,-1.057440E2,-1.173151E2
3.178175E0,-1.067927E2,-1.171248E2
3.182346E0,-1.068021E2,-1.160563E2
3.186517E0,-1.061455E2,-1.136897E2
3.190687E0,-1.050506E2,-1.105898E2
3.194858E0,-1.029482E2,-1.073870E2
3.199029E0,-9.952864E1,-1.028930E2
3.203200E0,-9.565089E1,-9.808304E1
3.207371E0,-9.137055E1,-9.090975E1
3.211542E0,-8.526409E1,-8.445579E1
3.215712E0,-7.854630E1,-7.672151E1
3.219883E0,-6.961868E1,-6.888929E1
3.224054E0,-6.021999E1,-6.080450E1
3.228225E0,-5.038764E1,-5.075459E1
3.232396E0,-3.924298E1,-4.056800E1
3.236567E0,-2.829106E1,-2.895448E1
3.240737E0,-8.802509E0,-3.825235E0
3.244908E0,7.432465E0,1.008032E1
3.249079E0,2.381523E1,2.238357E1
3.253250E0,3.853088E1,3.484981E1
3.257421E0,5.338984E1,4.522029E1
3.261592E0,6.734981E1,5.118231E1
3.265762E0,7.929594E1,5.947573E1
3.269933E0,9.081378E1,6.752863E1
3.274104E0,1.010710E2,7.513377E1
3.278275E0,1.103885E2,8.089637E1
3.282446E0,1.188049E2,8.675083E1
3.286617E0,1.255845E2,9.111329E1
3.290787E0,1.316154E2,9.320952E1
3.294958E0,1.364834E2,9.623704E1
3.299129E0,1.403125E2,9.734722E1
3.303300E0,1.432332E2,9.807847E1
3.307471E0,1.447060E2,9.775593E1
3.311642E0,1.453054E2,9.691843E1
3.315812E0,1.444676E2,9.527824E1
3.319983E0,1.425250E2,9.235941E1
3.324154E0,1.398675E2,8.876766E1
3.328325E0,1.355258E2,8.477761E1
3.332496E0,1.303706E2,7.988272E1
3.336667E0,1.238127E2,7.398606E1
3.340837E0,1.160336E2,6.811791E1
3.345008E0,1.073290E2,6.020253E1
3.349179E0,9.729957E1,5.373453E1
3.353350E0,8.532181E1,4.413483E1
3.357521E0,7.262786E1,3.606588E1
3.361692E0,5.826607E1,2.636317E1
3.365862E0,4.348058E1,1.574365E1
3.370033E0,2.602447E1,4.617001E0
3.374204E0,8.687593E0,-6.885302E0
3.378375E0,-9.527989E0,-1.719943E1
3.382546E0,-2.839239E1,-2.750684E1
3.386717E0,-4.249171E1,-3.440198E1
3.390887E0,-5.551284E1,-4.309427E1
3.395058E0,-6.746540E1,-4.869988E1
3.399229E0,-8.011770E1,-5.121642E1
3.403400E0,-9.046654E1,-5.497395E1
3.407571E0,-9.789191E1,-6.123088E1
3.411742E0,-1.064145E2,-6.425726E1
3.415912E0,-1.134265E2,-6.616327E1
3.420083E0,-1.182368E2,-6.964096E1
3.424254E0,-1.225131E2,-7.212994E1
3.428425E0,-1.244610E2,-7.476176E1
3.432596E0,-1.266445E2,-7.529634E1
3.436767E0,-1.273170E2,-7.497352E1
3.440937E0,-1.273670E2,-7.408663E1
3.445108E0,-1.255588E2,-7.399528E1
3.449279E0,-1.234190E2,-7.207782E1
3.453450E0,-1.196839E2,-7.028320E1
3.457621E0,-1.144480E2,-6.762595E1
3.461792E0,-1.093186E2,-6.266278E1
3.465962E0,-1.027176E2,-6.007956E1
3.470133E0,-9.341710E1,-5.676557E1
3.474304E0,-8.442492E1,-5.158908E1
3.478475E0,-7.365414E1,-4.611059E1
3.482646E0,-6.134642E1,-4.085354E1
3.486817E0,-4.699520E1,-3.456199E1
3.490987E0,-3.194953E1,-2.570846E1
3.495158E0,-1.457504E1,-1.619295E1
3.499329E0,3.276218E0,-6.130852E0
3.503500E0,2.074326E1,5.512956E0
3.507671E0,3.778929E1,1.489513E1
3.511842E0,5.336606E1,2.347209E1
3.516012E0,6.750628E1,3.155229E1
3.520183E0,8.041188E1,3.859465E1
3.524354E0,9.232811E1,4.429404E1
3.528525E0,1.031709E2,5.103952E1
3.532696E0,1.122609E2,5.668022E1
3.536867E0,1.201738E2,6.167903E1
3.541037E0,1.270057E2,6.648255E1
3.545208E0,1.322401E2,6.944739E1
3.549379E0,1.363568E2,7.248182E1
3.553550E0,1.393427E2,7.559806E1
3.557721E0,1.412894E2,7.812444E1
3.561892E0,1.416987E2,7.896301E1
3.566062E0,1.413546E2,8.063344E1
3.570233E0,1.395622E2,8.060476E1
3.574404E0,1.365067E2,7.981046E1
3.578575E0,1.323245E2,7.850639E1
3.582746E0,1.273537E2,7.622387E1
3.586917E0,1.210036E2,7.339181E1
3.591087E0,1.133583E2,6.910748E1
3.595258E0,1.045888E2,6.496247E1
3.599429E0,9.442474E1,5.918097E1
3.603600E0,8.310239E1,5.399966E1
3.607771E0,7.075001E1,4.603325E1
3.611942E0,5.777460E1,3.951987E1
3.616112E0,4.303929E1,3.181411E1
3.620283E0,2.756425E1,1.889668E1
3.624454E0,1.137686E1,1.163006E1
3.628625E0,-5.407952E0,-2.977249E0
3.632796E0,-2.152792E1,-1.619061E1
3.636967E0,-3.370839E1,-2.693104E1
3.641137E0,-4.651217E1,-3.676211E1
3.645308E0,-5.557711E1,-4.461063E1
3.649479E0,-6.565741E1,-5.275342E1
3.653650E0,-7.200855E1,-6.072059E1
3.657821E0,-7.959968E1,-6.724786E1
3.661992E0,-8.546682E1,-7.419757E1
3.666162E0,-8.958558E1,-7.960397E1
3.670333E0,-9.354502E1,-8.471112E1
3.674504E0,-9.636834E1,-8.857520E1
3.678675E0,-9.766743E1,-9.264501E1
3.682846E0,-9.826089E1,-9.476920E1
3.687017E0,-9.832750E1,-9.596607E1
3.691187E0,-9.723341E1,-9.669217E1
3.695358E0,-9.520174E1,-9.653690E1
3.699529E0,-9.261400E1,-9.570328E1
3.703700E0,-8.862008E1,-9.376334E1
3.707871E0,-8.420318E1,-9.075650E1
3.712042E0,-7.829719E1,-8.717911E1
3.716212E0,-7.221348E1,-8.257000E1
3.720383E0,-6.430647E1,-7.793103E1
3.724554E0,-5.606298E1,-7.165838E1
3.728725E0,-4.702475E1,-6.451922E1
3.732896E0,-3.691707E1,-5.662910E1
3.737067E0,-2.459210E1,-4.662234E1
3.741237E0,-1.270048E1,-3.508002E1
3.745408E0,2.578083E-2,-1.991941E1
3.749579E0,1.380653E1,-4.784657E0
3.753750E0,2.745114E1,6.994895E0
3.757921E0,3.937548E1,2.070628E1
3.762092E0,4.953801E1,3.305197E1
3.766262E0,5.847969E1,4.814124E1
3.770433E0,6.654235E1,5.930467E1
3.774604E0,7.424929E1,6.768617E1
3.778775E0,8.051045E1,7.770153E1
3.782946E0,8.624607E1,8.551672E1
3.787117E0,9.079739E1,9.368691E1
3.791287E0,9.479709E1,9.985849E1
3.795458E0,9.808534E1,1.043904E2
3.799629E0,1.005745E2,1.079871E2
3.803800E0,1.024460E2,1.103705E2
3.807971E0,1.031774E2,1.117425E2
3.812142E0,1.033129E2,1.116968E2
3.816312E0,1.025620E2,1.108758E2
3.820483E0,1.008055E2,1.085395E2
3.824654E0,9.823082E1,1.054897E2
3.828825E0,9.498978E1,1.012755E2
3.832996E0,9.065363E1,9.615932E1
3.837167E0,8.536854E1,8.946495E1
3.841337E0,7.913603E1,8.230565E1
3.845508E0,7.216511E1,7.426800E1
3.849679E0,6.484477E1,6.442662E1
3.853850E0,5.585590E1,5.452974E1
3.858021E0,4.604079E1,4.189799E1
3.862192E0,3.636061E1,2.897583E1
3.866362E0,2.535043E1,1.393119E1
3.870533E0,1.315505E1,-1.278457E0
3.874704E0,1.258887E0,-1.939496E1
3.878875E0,-9.723873E0,-3.136550E1
3.883046E0,-2.106735E1,-4.475110E1
3.887217E0,-2.926243E1,-5.558006E1
3.891387E0,-3.861240E1,-6.217073E1
3.895558E0,-4.437577E1,-7.270963E1
3.899729E0,-5.104260E1,-7.968254E1
3.903900E0,-5.959709E1,-8.307744E1
3.908071E0,-6.360243E1,-8.985904E1
3.912242E0,-6.878637E1,-9.328456E1
3.916412E0,-7.122396E1,-9.750527E1
3.920583E0,-7.343365E1,-1.004152E2
3.924754E0,-7.545046E1,-1.022414E2
3.928925E0,-7.720267E1,-1.017180E2
3.933096E0,-7.763749E1,-1.018577E2
3.937267E0,-7.740279E1,-1.002999E2
3.941437E0,-7.651211E1,-9.798586E1
3.945608E0,-7.464858E1,-9.464343E1
3.949779E0,-7.258240E1,-8.923901E1
3.953950E0,-6.975105E1,-8.339020E1
3.958121E0,-6.527026E1,-7.660757E1
3.962292E0,-5.986951E1,-6.982902E1
3.966462E0,-5.275547E1,-6.547719E1
3.970633E0,-4.617719E1,-5.228374E1
3.974804E0,-3.842066E1,-4.213800E1
3.978975E0,-2.885624E1,-2.869892E1
3.983146E0,-1.707060E1,-1.625463E1
3.987317E0,-5.917958E0,-3.480371E0
3.991487E0,7.356210E0,9.933763E0
3.995658E0,2.149050E1,1.993768E1
3.999829E0,3.368358E1,3.341537E1
4.004000E0,4.561793E1,4.312811E1
4.008171E0,5.657979E1,5.187329E1
4.012342E0,6.676401E1,5.937371E1
4.016512E0,7.663936E1,6.257867E1
4.020683E0,8.477748E1,6.981644E1
4.024854E0,9.207555E1,7.548305E1
4.029025E0,9.832659E1,7.948899E1
4.033196E0,1.033686E2,8.225914E1
4.037367E0,1.078222E2,8.509539E1
4.041537E0,1.108597E2,8.620008E1
4.045708E0,1.131867E2,8.701193E1
4.049879E0,1.143172E2,8.553442E1
4.054050E0,1.145314E2,8.392546E1
4.058221E0,1.141015E2,8.231529E1
4.062392E0,1.122019E2,7.897585E1
4.066562E0,1.092257E2,7.466028E1
4.070733E0,1.052353E2,6.979354E1
4.074904E0,9.972379E1,6.367816E1
4.079075E0,9.324953E1,5.708724E1
4.083246E0,8.562202E1,5.012314E1
4.087417E0,7.661043E1,4.225810E1
4.091587E0,6.642677E1,3.371549E1
4.095758E0,5.543749E1,2.479413E1
4.099929E0,4.285968E1,1.468743E1
4.104100E0,2.873594E1,4.540081E0
4.108271E0,1.415266E1,-4.821866E0
4.112442E0,-1.622704E0,-1.496552E1
4.116612E0,-1.525897E1,-2.345572E1
4.120783E0,-2.959488E1,-3.061148E1
4.124954E0,-4.107744E1,-3.736531E1
4.129125E0,-5.269206E1,-4.266326E1
4.133296E0,-6.225724E1,-4.643556E1
4.137467E0,-7.133198E1,-5.054895E1
4.141637E0,-7.855960E1,-5.321902E1
4.145808E0,-8.476081E1,-5.651229E1
4.149979E0,-9.036394E1,-5.794704E1
4.154150E0,-9.384918E1,-6.033742E1
4.158321E0,-9.638884E1,-6.256702E1
4.162492E0,-9.838576E1,-6.258488E1
4.166662E0,-9.962600E1,-6.219201E1
4.170833E0,-9.940744E1,-6.078593E1
4.175004E0,-9.778722E1,-6.031627E1
4.179175E0,-9.547524E1,-5.717771E1
4.183346E0,-9.169594E1,-5.524986E1
4.187517E0,-8.746414E1,-5.072197E1
4.191687E0,-8.148411E1,-4.827686E1
4.195858E0,-7.399895E1,-4.499890E1
4.200029E0,-6.563229E1,-3.963370E1
4.204200E0,-5.666077E1,-3.496291E1
4.208371E0,-4.508136E1,-2.818018E1
4.212542E0,-3.210391E1,-2.098719E1
4.216712E0,-1.762988E1,-1.265011E1
4.220883E0,-3.547123E0,-5.292081E0
4.225054E0,1.130041E1,4.954855E0
4.229225E0,2.633198E1,1.167238E1
4.233396E0,4.150259E1,1.900553E1
4.237567E0,5.452940E1,2.619609E1
4.241737E0,6.647812E1,3.174201E1
4.245908E0,7.735236E1,3.604860E1
4.250079E0,8.743239E1,3.943939E1
4.254250E0,9.569224E1,4.298085E1
4.258421E0,1.029195E2,4.577934E1
4.262592E0,1.084653E2,4.885600E1
4.266762E0,1.130639E2,5.127764E1
4.270933E0,1.162427E2,5.349022E1
4.275104E0,1.183299E2,5.499770E1
4.279275E0,1.192565E2,5.611831E1
4.283446E0,1.190921E2,5.724412E1
4.287617E0,1.174935E2,5.713751E1
4.291787E0,1.145374E2,5.675247E1
4.295958E0,1.104366E2,5.596301E1
4.300129E0,1.051307E2,5.377361E1
4.304300E0,9.857627E1,5.143028E1
4.308471E0,9.054414E1,4.745708E1
4.312642E0,8.163203E1,4.289730E1
4.316812E0,7.156998E1,3.753213E1
4.320983E0,6.116564E1,3.416751E1
4.325154E0,4.847426E1,2.758615E1
4.329325E0,3.523103E1,2.015067E1
4.333496E0,2.045505E1,1.219488E1
4.337667E0,4.571944E0,4.714904E0
4.341837E0,-9.944530E0,-4.536703E0
4.346008E0,-2.334262E1,-1.515577E1
4.350179E0,-3.570993E1,-2.451589E1
4.354350E0,-4.554970E1,-3.071629E1
4.358521E0,-5.344571E1,-3.725571E1
4.362692E0,-6.052906E1,-4.063597E1
4.366862E0,-6.704372E1,-4.489929E1
4.371033E0,-7.210795E1,-4.970596E1
4.375204E0,-7.693879E1,-5.398197E1
4.379375E0,-7.997480E1,-5.805313E1
4.383546E0,-8.192147E1,-6.174604E1
4.387717E0,-8.258196E1,-6.401644E1
4.391887E0,-8.277512E1,-6.626718E1
4.396058E0,-8.127868E1,-6.642242E1
4.400229E0,-7.926262E1,-6.581087E1
4.404400E0,-7.648538E1,-6.532188E1
4.408571E0,-7.211540E1,-6.360868E1
4.412742E0,-6.709536E1,-6.149045E1
4.416912E0,-6.117823E1,-5.987360E1
4.421083E0,-5.506248E1,-5.679623E1
4.425254E0,-4.708018E1,-5.219699E1
4.429425E0,-3.563301E1,-4.740632E1
4.433596E0,-2.716468E1,-4.114287E1
4.437767E0,-1.567187E1,-3.315306E1
4.441937E0,-5.188585E0,-2.470709E1
4.446108E0,8.350192E0,-1.197020E1
4.450279E0,2.046251E1,-9.234428E-1
4.454450E0,3.254798E1,7.099007E0
4.458621E0,4.219127E1,2.087866E1
4.462792E0,5.169648E1,2.855450E1
4.466962E0,5.932317E1,3.725017E1
4.471133E0,6.542052E1,4.671067E1
4.475304E0,7.143818E1,5.488074E1
4.479475E0,7.610571E1,6.086322E1
4.483646E0,8.025009E1,6.711837E1
4.487817E0,8.337774E1,7.226773E1
4.491987E0,8.551081E1,7.648789E1
4.496158E0,8.726776E1,7.934791E1
4.500329E0,8.779767E1,8.131052E1
4.504500E0,8.751962E1,8.175941E1
4.508671E0,8.619755E1,8.141425E1
4.512842E0,8.441991E1,7.974098E1
4.517012E0,8.156710E1,7.745080E1
4.521183E0,7.786874E1,7.349769E1
4.525354E0,7.320204E1,6.844382E1
4.529525E0,6.785203E1,6.292901E1
4.533696E0,6.117023E1,5.600263E1
4.537867E0,5.410084E1,4.880009E1
4.542037E0,4.639427E1,4.003144E1
4.546208E0,3.674518E1,3.208229E1
4.550379E0,2.726682E1,2.102248E1
4.554550E0,1.715013E1,8.028724E0
4.558721E0,6.385244E0,-5.676309E0
4.562892E0,-4.358269E0,-2.096126E1
4.567062E0,-1.426337E1,-3.274465E1
4.571233E0,-2.231521E1,-4.284796E1
4.575404E0,-2.821734E1,-5.112342E1
4.579575E0,-3.271270E1,-5.782207E1
4.583746E0,-3.833811E1,-6.365764E1
4.587917E0,-4.219303E1,-6.807518E1
4.592087E0,-4.538978E1,-7.293972E1
4.596258E0,-4.858877E1,-7.780235E1
4.600429E0,-5.061306E1,-8.043439E1
4.604600E0,-5.248306E1,-8.220117E1
4.608771E0,-5.283754E1,-8.270695E1
4.612942E0,-5.387322E1,-8.279463E1
4.617112E0,-5.267846E1,-8.186387E1
4.621283E0,-5.139931E1,-7.941878E1
4.625454E0,-4.934259E1,-7.646201E1
4.629625E0,-4.680105E1,-7.268630E1
4.633796E0,-4.343625E1,-6.774923E1
4.637967E0,-3.878611E1,-6.204045E1
4.642137E0,-3.422086E1,-5.634338E1
4.646308E0,-2.847125E1,-4.830385E1
4.650479E0,-2.105144E1,-3.919535E1
4.654650E0,-1.251039E1,-2.907444E1
4.658821E0,-4.546460E0,-1.857395E1
4.662992E0,7.079388E0,-1.003603E0
4.667162E0,1.743143E1,9.670345E0
4.671333E0,2.759347E1,2.011132E1
4.675504E0,3.743243E1,2.949368E1
4.679675E0,4.572662E1,3.882531E1
4.683846E0,5.324873E1,4.533018E1
4.688017E0,6.005485E1,5.275193E1
4.692187E0,6.581856E1,5.863318E1
4.696358E0,7.123348E1,6.354447E1
4.700529E0,7.532623E1,6.804285E1
4.704700E0,7.876295E1,7.128748E1
4.708871E0,8.155443E1,7.286281E1
4.713042E0,8.330307E1,7.371090E1
4.717212E0,8.430966E1,7.378314E1
4.721383E0,8.439733E1,7.241193E1
4.725554E0,8.403427E1,6.988286E1
4.729725E0,8.235330E1,6.657083E1
4.733896E0,7.974722E1,6.204494E1
4.738067E0,7.625243E1,5.614403E1
4.742237E0,7.212331E1,4.918864E1
4.746408E0,6.642107E1,4.248718E1
4.750579E0,6.015701E1,3.407862E1
4.754750E0,5.219600E1,2.548408E1
4.758921E0,4.359710E1,1.693109E1
4.763092E0,3.345081E1,5.501469E0
4.767262E0,2.183403E1,-2.195582E0
4.771433E0,9.481552E0,-1.120889E1
4.775604E0,-2.156562E0,-2.357843E1
4.779775E0,-1.337418E1,-2.538110E1
4.783946E0,-2.251004E1,-3.592868E1
4.788117E0,-3.252936E1,-3.532020E1
4.792287E0,-4.058140E1,-4.038207E1
4.796458E0,-4.792725E1,-4.325789E1
4.800629E0,-5.396527E1,-4.528777E1
4.804800E0,-5.953802E1,-4.779261E1
4.808971E0,-6.354371E1,-5.001743E1
4.813142E0,-6.574311E1,-5.296140E1
4.817312E0,-6.759498E1,-5.389412E1
4.821483E0,-6.927416E1,-5.169593E1
4.825654E0,-6.948039E1,-5.031875E1
4.829825E0,-6.753491E1,-4.966298E1
4.833996E0,-6.553064E1,-4.615986E1
4.838167E0,-6.242977E1,-4.286199E1
4.842337E0,-5.789213E1,-3.840375E1
4.846508E0,-5.267639E1,-3.478147E1
4.850679E0,-4.558922E1,-3.025394E1
4.854850E0,-3.740352E1,-2.490358E1
4.859021E0,-2.800133E1,-1.840165E1
4.863192E0,-1.782791E1,-9.912512E0
4.867362E0,-5.524317E0,-4.480941E0
4.871533E0,6.627460E0,2.329127E0
4.875704E0,1.851776E1,1.233511E1
4.879875E0,3.246276E1,1.435348E1
4.884046E0,4.353608E1,1.958486E1
4.888217E0,5.363170E1,2.236463E1
4.892387E0,6.246063E1,2.632124E1
4.896558E0,7.022260E1,3.046289E1
4.900729E0,7.687853E1,3.317510E1
4.904900E0,8.217338E1,3.609497E1
4.909071E0,8.680457E1,3.702615E1
4.913242E0,8.969274E1,3.810619E1
4.917412E0,9.155976E1,3.924983E1
4.921583E0,9.244609E1,3.996651E1
4.925754E0,9.237096E1,4.011398E1
4.929925E0,9.075362E1,4.005756E1
4.934096E0,8.803986E1,3.979375E1
4.938267E0,8.433781E1,3.803522E1
4.942437E0,7.941910E1,3.592868E1
4.946608E0,7.330757E1,3.365710E1
4.950779E0,6.618677E1,2.979875E1
4.954950E0,5.729950E1,2.573361E1
4.959121E0,4.792047E1,2.195969E1
4.963292E0,3.679883E1,1.624690E1
4.967462E0,2.444449E1,9.428759E0
4.971633E0,1.161047E1,2.702959E0
4.975804E0,-1.467927E0,-6.042769E0
4.979975E0,-1.321409E1,-1.198844E1
4.984146E0,-2.450121E1,-1.858799E1
4.988317E0,-3.477248E1,-2.503754E1
4.992487E0,-4.328543E1,-3.008661E1
4.996658E0,-4.925531E1,-3.404551E1
5.000829E0,-5.542012E1,-3.758346E1
5.005000E0,-5.950789E1,-4.097596E1
5.009171E0,-6.308285E1,-4.362229E1
5.013342E0,-6.515998E1,-4.659081E1
5.017512E0,-6.611898E1,-4.815553E1
5.021683E0,-6.640516E1,-4.928076E1
5.025854E0,-6.503171E1,-4.960039E1
5.030025E0,-6.297392E1,-4.978658E1
5.034196E0,-5.967313E1,-4.948684E1
5.038367E0,-5.492135E1,-4.811767E1
5.042537E0,-4.887194E1,-4.706130E1
5.046708E0,-4.308110E1,-4.476881E1
5.050879E0,-3.695614E1,-4.152527E1
5.055050E0,-2.688392E1,-3.678821E1
5.059221E0,-1.677610E1,-3.148283E1
5.063392E0,-5.575783E0,-2.455469E1
5.067562E0,5.477707E0,-1.742779E1
5.071733E0,1.721978E1,-7.233520E0
5.075904E0,2.860426E1,-1.306987E0
5.080075E0,3.744936E1,7.511219E0
5.084246E0,4.534472E1,1.675504E1
5.088417E0,5.227644E1,2.463345E1
5.092587E0,5.784015E1,3.159056E1
5.096758E0,6.250675E1,3.839718E1
5.100929E0,6.634913E1,4.347327E1
5.105100E0,6.912606E1,4.824055E1
5.109271E0,7.107244E1,5.263589E1
5.113442E0,7.234473E1,5.548291E1
5.117612E0,7.254243E1,5.765905E1
5.121783E0,7.208210E1,5.796763E1
5.125954E0,7.051293E1,5.803490E1
5.130125E0,6.857761E1,5.641028E1
5.134296E0,6.577974E1,5.358386E1
5.138467E0,6.165014E1,4.992517E1
5.142637E0,5.689531E1,4.605394E1
5.146808E0,5.143992E1,4.035482E1
5.150979E0,4.521044E1,3.425647E1
5.155150E0,3.803052E1,2.606102E1
5.159321E0,2.955062E1,1.806951E1
5.163492E0,2.146532E1,6.640539E0
5.167662E0,1.158794E1,-2.157083E0
5.171833E0,1.858560E0,-1.086832E1
5.176004E0,-6.888764E0,-2.135118E1
5.180175E0,-1.469164E1,-3.142192E1
5.184346E0,-2.038492E1,-3.847998E1
5.188517E0,-2.645718E1,-4.479702E1
5.192687E0,-3.053422E1,-4.899777E1
5.196858E0,-3.401464E1,-5.308799E1
5.201029E0,-3.799378E1,-5.643435E1
5.205200E0,-3.922379E1,-5.867046E1
5.209371E0,-4.156993E1,-6.044379E1
5.213542E0,-4.212237E1,-6.094886E1
5.217712E0,-4.247485E1,-6.058618E1
5.221883E0,-4.172529E1,-5.942724E1
5.226054E0,-3.991086E1,-5.693512E1
5.230225E0,-3.824929E1,-5.458592E1
5.234396E0,-3.436053E1,-5.076767E1
5.238567E0,-2.975467E1,-4.554146E1
5.242737E0,-2.432903E1,-4.012099E1
5.246908E0,-1.840467E1,-3.374361E1
5.251079E0,-1.111920E1,-2.615547E1
5.255250E0,-2.615092E0,-1.658022E1
5.259421E0,6.617388E0,-2.737066E0
5.263592E0,1.532652E1,7.363582E0
5.267762E0,2.538347E1,1.141913E1
5.271933E0,3.369446E1,2.215994E1
5.276104E0,4.132347E1,2.682269E1
5.280275E0,4.806062E1,3.311226E1
5.284446E0,5.382977E1,3.903346E1
5.288617E0,5.839451E1,4.332677E1
5.292787E0,6.245923E1,4.662219E1
5.296958E0,6.573383E1,4.953131E1
5.301129E0,6.805680E1,5.114355E1
5.305300E0,6.944430E1,5.193478E1
5.309471E0,6.986399E1,5.205904E1
5.313642E0,6.968042E1,5.032830E1
5.317812E0,6.858633E1,4.732719E1
5.321983E0,6.635475E1,4.395294E1
5.326154E0,6.334760E1,3.986195E1
5.330325E0,5.947551E1,3.442355E1
5.334496E0,5.424126E1,2.811501E1
5.338667E0,4.825850E1,2.220670E1
5.342837E0,4.078769E1,1.547150E1
5.347008E0,3.192356E1,8.351819E0
5.351179E0,2.208372E1,-5.979364E-2
5.355350E0,1.264821E1,-8.550070E0
5.359521E0,6.815265E-1,-1.166947E1
5.363692E0,-7.913855E0,-1.837746E1
5.367862E0,-1.718282E1,-2.180711E1
5.372033E0,-2.382420E1,-2.459112E1
5.376204E0,-3.119930E1,-2.993184E1
5.380375E0,-3.752174E1,-3.219851E1
5.384546E0,-4.293205E1,-3.344986E1
5.388717E0,-4.569225E1,-3.605535E1
5.392887E0,-4.805455E1,-3.792000E1
5.397058E0,-4.959376E1,-3.889934E1
5.401229E0,-4.996208E1,-3.840895E1
5.405400E0,-4.874771E1,-3.817825E1
5.409571E0,-4.652417E1,-3.781498E1
5.413742E0,-4.397596E1,-3.456928E1
5.417912E0,-3.960153E1,-3.165707E1
5.422083E0,-3.471097E1,-2.758540E1
5.426254E0,-2.735502E1,-2.462393E1
5.430425E0,-2.006771E1,-2.069459E1
5.434596E0,-1.217053E1,-1.564166E1
5.438767E0,-1.773324E0,-9.347564E0
5.442937E0,9.208541E0,-3.762619E0
5.447108E0,1.961840E1,2.477996E0
5.451279E0,3.003146E1,8.560837E0
5.455450E0,3.920381E1,1.318783E1
5.459621E0,4.672626E1,1.851844E1
5.463792E0,5.288385E1,2.290294E1
5.467962E0,5.806969E1,2.686276E1
5.472133E0,6.244036E1,2.997480E1
5.476304E0,6.553795E1,3.293761E1
5.480475E0,6.777863E1,3.473646E1
5.484646E0,6.905571E1,3.690391E1
5.488817E0,6.936691E1,3.735748E1
5.492987E0,6.836079E1,3.747387E1
5.497158E0,6.662477E1,3.722853E1
5.501329E0,6.389651E1,3.548989E1
5.505500E0,6.017903E1,3.331421E1
5.509671E0,5.526824E1,3.050106E1
5.513842E0,4.941584E1,2.654535E1
5.518012E0,4.302054E1,2.185893E1
5.522183E0,3.531481E1,1.722504E1
5.526354E0,2.619590E1,9.597952E0
5.530525E0,1.652583E1,3.425492E0
5.534696E0,5.917263E0,-3.010148E0
5.538867E0,-2.881303E0,-8.974826E0
5.543037E0,-1.037593E1,-1.715554E1
5.547208E0,-1.668992E1,-2.280012E1
5.551379E0,-2.264105E1,-2.863678E1
5.555550E0,-2.840373E1,-3.455552E1
5.559721E0,-3.262898E1,-3.846589E1
5.563892E0,-3.483452E1,-4.115082E1
5.568062E0,-3.659902E1,-4.349080E1
5.572233E0,-3.707176E1,-4.531237E1
5.576404E0,-3.644850E1,-4.652694E1
5.580575E0,-3.619780E1,-4.649405E1
5.584746E0,-3.445705E1,-4.525391E1
5.588917E0,-3.219715E1,-4.379346E1
5.593087E0,-2.814047E1,-4.114948E1
5.597258E0,-2.424939E1,-3.817156E1
5.601429E0,-1.842514E1,-3.341332E1
5.605600E0,-1.164411E1,-2.851950E1
5.609771E0,-4.593964E0,-2.261676E1
5.613942E0,3.744705E0,-1.476893E1
5.618112E0,1.213147E1,-6.995573E0
5.622283E0,2.019340E1,2.250231E0
5.626454E0,2.758059E1,9.702106E0
5.630625E0,3.365689E1,1.883693E1
5.634796E0,3.905415E1,2.640373E1
5.638967E0,4.357817E1,3.141776E1
5.643137E0,4.699856E1,3.800933E1
5.647308E0,4.982247E1,4.225836E1
5.651479E0,5.147970E1,4.524135E1
5.655650E0,5.256500E1,4.783467E1
5.659821E0,5.325551E1,4.877821E1
5.663992E0,5.320267E1,4.890690E1
5.668162E0,5.242017E1,4.751553E1
5.672333E0,5.121019E1,4.522978E1
5.676504E0,4.905056E1,4.139931E1
5.680675E0,4.612999E1,3.684138E1
5.684846E0,4.254597E1,3.129794E1
5.689017E0,3.818958E1,2.474066E1
5.693187E0,3.279885E1,1.676229E1
5.697358E0,2.666988E1,8.798345E0
5.701529E0,1.886939E1,1.446375E0
5.705700E0,1.001387E1,-6.384203E0
5.709871E0,4.080410E0,-1.407829E1
5.714042E0,-1.596089E0,-2.085081E1
5.718212E0,-8.476118E0,-2.394359E1
5.722383E0,-1.406139E1,-2.877069E1
5.726554E0,-1.912333E1,-3.171819E1
5.730725E0,-2.246062E1,-3.430722E1
5.734896E0,-2.572620E1,-3.656782E1
5.739067E0,-2.772574E1,-3.782732E1
5.743237E0,-2.929213E1,-3.821026E1
5.747408E0,-2.976379E1,-3.781009E1
5.751579E0,-2.952324E1,-3.641937E1
5.755750E0,-2.778801E1,-3.377669E1
5.759921E0,-2.513542E1,-3.108673E1
5.764092E0,-2.264605E1,-2.674755E1
5.768262E0,-1.838031E1,-2.233406E1
5.772433E0,-1.349811E1,-1.627270E1
5.776604E0,-7.469638E0,-9.867284E0
5.780775E0,8.188440E-1,-4.513942E0
5.784946E0,8.787320E0,2.430129E0
5.789117E0,1.740889E1,8.115888E0
5.793287E0,2.618348E1,1.392772E1
5.797458E0,3.430677E1,1.712887E1
5.801629E0,4.096674E1,2.091047E1
5.805800E0,4.692266E1,2.368797E1
5.809971E0,5.141128E1,2.542385E1
5.814142E0,5.536545E1,2.707750E1
5.818312E0,5.805262E1,2.755082E1
5.822483E0,5.966177E1,2.716679E1
5.826654E0,5.999117E1,2.788369E1
5.830825E0,5.986050E1,2.678990E1
5.834996E0,5.803449E1,2.601661E1
5.839167E0,5.536110E1,2.385256E1
5.843337E0,5.147225E1,2.194527E1
5.847508E0,4.646885E1,1.955405E1
5.851679E0,4.036055E1,1.564890E1
5.855850E0,3.291367E1,1.196438E1
5.860021E0,2.413731E1,8.168289E0
5.864192E0,1.553276E1,4.175846E0
5.868362E0,5.287948E0,8.689787E-1
5.872533E0,-3.316529E0,-4.058284E0
5.876704E0,-1.033048E1,-8.366358E0
5.880875E0,-1.698977E1,-1.064376E1
5.885046E0,-2.233734E1,-1.424657E1
5.889217E0,-2.686425E1,-1.610321E1
5.893387E0,-3.033122E1,-1.883778E1
5.897558E0,-3.274629E1,-2.201089E1
5.901729E0,-3.334919E1,-2.324458E1
5.905900E0,-3.320161E1,-2.321209E1
5.910071E0,-3.228007E1,-2.513581E1
5.914242E0,-2.942193E1,-2.500788E1
5.918412E0,-2.624582E1,-2.335595E1
5.922583E0,-2.140786E1,-2.266243E1
5.926754E0,-1.576677E1,-2.046631E1
5.930925E0,-8.762088E0,-1.815842E1
5.935096E0,-1.145080E0,-1.483629E1
5.939267E0,7.333087E0,-1.004827E1
5.943437E0,1.568270E1,-5.088012E0
5.947608E0,2.313148E1,1.110282E0
5.951779E0,3.019339E1,6.898569E0
5.955950E0,3.567705E1,1.263455E1
5.960121E0,4.033772E1,1.702090E1
5.964292E0,4.384705E1,2.122869E1
5.968462E0,4.610137E1,2.534776E1
5.972633E0,4.763708E1,2.764516E1
5.976804E0,4.782526E1,2.959065E1
5.980975E0,4.740937E1,3.079187E1
5.985146E0,4.588363E1,3.139440E1
5.989317E0,4.377657E1,3.091242E1
5.993487E0,4.054281E1,2.995928E1
5.997658E0,3.676249E1,2.746047E1
6.001829E0,3.216146E1,2.434450E1
6.006000E0,2.679261E1,1.983114E1
6.010171E0,2.094598E1,1.478236E1
6.014342E0,1.460880E1,7.753855E0
6.018512E0,8.449300E0,2.478560E0
6.022683E0,3.147978E0,-5.396645E0
6.026854E0,-3.632860E-1,-1.242348E1
6.031025E0,-4.511698E0,-1.846079E1
6.035196E0,-7.134147E0,-2.540600E1
6.039367E0,-9.243345E0,-2.911869E1
6.043537E0,-1.008297E1,-3.147723E1
6.047708E0,-1.058151E1,-3.407313E1
6.051879E0,-9.375957E0,-3.580097E1
6.056050E0,-1.027146E1,-3.492322E1
6.060221E0,-8.747533E0,-3.425888E1
6.064392E0,-7.096239E0,-3.148327E1
6.068562E0,-6.076953E0,-2.802384E1
6.072733E0,-3.421800E0,-2.399760E1
6.076904E0,-7.313737E-1,-1.813043E1
6.081075E0,3.004676E0,-1.302373E1
6.085246E0,7.270290E0,-6.168097E0
6.089417E0,1.158090E1,1.696391E0
6.093587E0,1.564157E1,1.034145E1
6.097758E0,1.975645E1,1.762311E1
6.101929E0,2.319832E1,2.310428E1
6.106100E0,2.523635E1,2.940942E1
6.110271E0,2.753846E1,3.260677E1
6.114442E0,2.879023E1,3.657222E1
6.118612E0,2.968190E1,3.820465E1
6.122783E0,3.002174E1,3.890087E1
6.126954E0,2.998364E1,3.895694E1
6.131125E0,2.922395E1,3.719047E1
6.135296E0,2.788647E1,3.507088E1
6.139467E0,2.627205E1,3.100710E1
6.143637E0,2.402009E1,2.624929E1
6.147808E0,2.194041E1,2.014940E1
6.151979E0,1.859979E1,1.340694E1
6.156150E0,1.497511E1,5.659023E0
6.160321E0,1.125464E1,-2.365395E0
6.164492E0,7.793677E0,-9.553959E0
6.168662E0,4.158118E0,-1.478956E1
6.172833E0,1.685377E0,-2.006559E1
6.177004E0,-5.729227E-1,-2.487126E1
6.181175E0,-2.338233E0,-2.789999E1
6.185346E0,-3.615520E0,-2.955735E1
6.189517E0,-4.385775E0,-3.054259E1
6.193687E0,-4.719573E0,-3.041745E1
6.197858E0,-4.242572E0,-2.895490E1
6.202029E0,-4.193372E0,-2.653209E1
6.206200E0,-3.326720E0,-2.307820E1
6.210371E0,-1.082682E0,-1.880490E1
6.214542E0,3.731718E-1,-1.278590E1
6.218712E0,3.728944E0,-6.687994E0
6.222883E0,7.141827E0,5.559300E-1
6.227054E0,1.151508E1,7.578928E0
6.231225E0,1.579975E1,1.355502E1
6.235396E0,1.977887E1,1.996164E1
6.239567E0,2.372859E1,2.465636E1
6.243737E0,2.735996E1,2.771454E1
6.247908E0,2.983278E1,3.063209E1
6.252079E0,3.140932E1,3.208218E1
6.256250E0,3.288438E1,3.292094E1
6.260421E0,3.340495E1,3.253525E1
6.264592E0,3.331441E1,3.117802E1
6.268762E0,3.248055E1,2.857692E1
6.272933E0,3.084860E1,2.522168E1
6.277104E0,2.924119E1,2.037388E1
6.281275E0,2.641142E1,1.528212E1
6.285446E0,2.259188E1,9.350996E0
6.289617E0,1.840968E1,3.158641E0
6.293787E0,1.290003E1,-2.867874E0
6.297958E0,8.626698E0,-7.650226E0
6.302129E0,4.079786E0,-1.149292E1
6.306300E0,-9.740502E-3,-1.482316E1
6.310471E0,-3.346399E0,-1.679680E1
6.314642E0,-6.137710E0,-1.822061E1
6.318812E0,-8.465477E0,-1.859484E1
6.322983E0,-9.680945E0,-1.828873E1
6.327154E0,-9.779636E0,-1.664591E1
6.331325E0,-9.328627E0,-1.458087E1
6.335496E0,-8.714805E0,-1.241614E1
6.339667E0,-6.795650E0,-8.858300E0
6.343837E0,-3.537509E0,-4.947422E0
6.348008E0,5.979316E-1,-6.600163E-1
6.352179E0,6.222555E0,3.562834E0
6.356350E0,1.233835E1,7.329280E0
6.360521E0,1.874685E1,1.060491E1
6.364692E0,2.446251E1,1.341026E1
6.368862E0,2.894899E1,1.519809E1
6.373033E0,3.283111E1,1.610619E1
6.377204E0,3.582944E1,1.652189E1
6.381375E0,3.789145E1,1.587304E1
6.385546E0,3.853426E1,1.534333E1
6.389717E0,3.838940E1,1.359060E1
6.393887E0,3.668822E1,1.232937E1
6.398058E0,3.423374E1,9.881844E0
6.402229E0,3.071619E1,8.012274E0
6.406400E0,2.554115E1,5.701457E0
6.410571E0,1.966088E1,3.438211E0
6.414742E0,1.301964E1,1.473950E0
6.418912E0,5.697629E0,-2.130545E-1
6.423083E0,-3.624263E-1,-1.784743E0
6.427254E0,-6.023736E0,-3.513653E0
6.431425E0,-1.028940E1,-4.150225E0
6.435596E0,-1.363139E1,-4.824274E0
6.439767E0,-1.510769E1,-5.144877E0
6.443937E0,-1.592909E1,-5.630819E0
6.448108E0,-1.563716E1,-5.736959E0
6.452279E0,-1.394431E1,-5.568658E0
6.456450E0,-1.148194E1,-4.903748E0
6.460621E0,-7.688466E0,-4.429996E0
6.464792E0,-3.364989E0,-3.468624E0
6.468962E0,2.394922E0,-2.895077E0
6.473133E0,9.750838E0,-1.270611E0
6.477304E0,1.618981E1,2.633639E-2
6.481475E0,2.233102E1,1.246587E0
6.485646E0,2.749290E1,2.466925E0
6.489817E0,3.168160E1,3.960000E0
6.493987E0,3.381834E1,5.159377E0
6.498158E0,3.566401E1,5.449706E0
6.502329E0,3.586558E1,6.043552E0
6.506500E0,3.540366E1,6.401808E0
6.510671E0,3.358835E1,5.764672E0
6.514842E0,3.027293E1,5.677699E0
6.519012E0,2.633117E1,5.169202E0
6.523183E0,2.167878E1,4.772466E0
6.527354E0,1.543476E1,3.535134E0
6.531525E0,8.965823E0,2.119455E0
6.535696E0,2.418506E0,6.386258E-1
6.539867E0,-2.756031E0,-1.293175E0
6.544037E0,-6.959212E0,-2.958848E0
6.548208E0,-1.005537E1,-5.103602E0
6.552379E0,-1.155520E1,-6.937116E0
6.556550E0,-1.246505E1,-8.183390E0
6.560721E0,-1.235074E1,-8.932380E0
6.564892E0,-1.098645E1,-9.617926E0
6.569062E0,-8.621296E0,-9.530603E0
6.573233E0,-4.989024E0,-9.031689E0
6.577404E0,-6.254473E-1,-8.089111E0
6.581575E0,4.387361E0,-6.703997E0
6.585746E0,1.063632E1,-5.205083E0
6.589917E0,1.576251E1,-1.661627E0
6.594087E0,2.090198E1,1.327605E0
6.598258E0,2.435739E1,4.228177E0
6.602429E0,2.720258E1,6.847173E0
6.606600E0,2.904318E1,9.338718E0
6.610771E0,2.982447E1,1.090110E1
6.614942E0,2.924986E1,1.236513E1
6.619112E0,2.817522E1,1.281518E1
6.623283E0,2.621995E1,1.279788E1
6.627454E0,2.326872E1,1.176592E1
6.631625E0,1.976651E1,9.649854E0
6.635796E0,1.554780E1,7.562654E0
6.639967E0,1.042020E1,4.489206E0
6.644137E0,6.044720E0,1.449770E-1
6.648308E0,2.988254E0,-4.424581E0
6.652479E0,2.139296E-1,-8.746014E0
6.656650E0,-1.744422E0,-1.171588E1
6.660821E0,-2.541976E0,-1.551101E1
6.664992E0,-2.779814E0,-1.691516E1
6.669162E0,-2.116011E0,-1.831785E1
6.673333E0,-7.682921E-1,-1.898868E1
6.677504E0,9.208655E-1,-1.804054E1
6.681675E0,2.977295E0,-1.650099E1
6.685846E0,5.342281E0,-1.350184E1
6.690017E0,8.774170E0,-1.020512E1
6.694187E0,1.162761E1,-5.172909E0
6.698358E0,1.445122E1,1.596662E-1
6.702529E0,1.626040E1,5.176888E0
6.706700E0,1.754022E1,9.650734E0
6.710871E0,1.828581E1,1.321541E1
6.715042E0,1.843516E1,1.614124E1
6.719212E0,1.805965E1,1.776957E1
6.723383E0,1.725623E1,1.853321E1
6.727554E0,1.604434E1,1.803004E1
6.731725E0,1.458030E1,1.656665E1
6.735896E0,1.279274E1,1.385366E1
6.740067E0,1.086992E1,1.043001E1
6.744237E0,8.930795E0,6.058705E0
6.748408E0,8.068972E0,-1.397346E-1
6.752579E0,7.165542E0,-5.444608E0
6.756750E0,7.545857E0,-1.082101E1
6.760921E0,7.532915E0,-1.485649E1
6.765092E0,7.727938E0,-1.789649E1
6.769262E0,7.956084E0,-2.018801E1
6.773433E0,7.792747E0,-2.074106E1
6.777604E0,8.292439E0,-2.096761E1
6.781775E0,8.642424E0,-1.963949E1
6.785946E0,8.738214E0,-1.693971E1
6.790117E0,9.038083E0,-1.365666E1
6.794287E0,9.267810E0,-9.243755E0
6.798458E0,9.469869E0,-3.869871E0
6.802629E0,9.548257E0,1.334939E0
6.806800E0,9.771565E0,6.634257E0
6.810971E0,1.026052E1,1.110040E1
6.815142E0,1.087770E1,1.466266E1
6.819312E0,1.162896E1,1.703226E1
6.823483E0,1.222066E1,1.783059E1
6.827654E0,1.278891E1,1.807932E1
6.831825E0,1.352217E1,1.672515E1
6.835996E0,1.359333E1,1.465796E1
6.840167E0,1.354906E1,1.117308E1
6.844337E0,1.290180E1,7.145082E0
6.848508E0,1.190117E1,1.830278E0
6.852679E0,1.065629E1,-3.297647E0
6.856850E0,9.251908E0,-7.670593E0
6.861021E0,7.540684E0,-1.171872E1
6.865192E0,5.642048E0,-1.403276E1
6.869362E0,3.733072E0,-1.586558E1
6.873533E0,3.069260E0,-1.648286E1
6.877704E0,2.226870E0,-1.617082E1
6.881875E0,2.170999E0,-1.524187E1
6.886046E0,2.733782E0,-1.263320E1
6.890217E0,3.530388E0,-9.448022E0
6.894387E0,5.239188E0,-5.905716E0
6.898558E0,7.255850E0,-1.219165E0
6.902729E0,9.828441E0,3.263687E0
6.906900E0,1.239158E1,7.553407E0
6.911071E0,1.511775E1,1.021820E1
6.915242E0,1.720954E1,1.238056E1
6.919412E0,1.881062E1,1.339993E1
6.923583E0,1.941666E1,1.359415E1
6.927754E0,1.938095E1,1.289862E1
6.931925E0,1.883905E1,1.144402E1
6.936096E0,1.751967E1,8.431349E0
6.940267E0,1.539458E1,5.214292E0
6.944437E0,1.294190E1,1.239817E0
6.948608E0,9.357986E0,-2.284942E0
6.952779E0,5.959032E0,-6.198659E0
6.956950E0,2.496683E0,-8.651274E0
6.961121E0,7.280860E-1,-1.068596E1
6.965292E0,-8.567121E-1,-1.225819E1
6.969462E0,-1.352430E0,-1.264462E1
6.973633E0,-1.543434E0,-1.215527E1
6.977804E0,-5.137227E-1,-1.097842E1
6.981975E0,1.256781E0,-9.061132E0
6.986146E0,3.122897E0,-6.472676E0
6.990317E0,6.530811E0,-3.443905E0
6.994487E0,1.038328E1,-1.559988E-1
6.998658E0,1.384381E1,3.504758E0
7.002829E0,1.645296E1,6.494238E0
7.007000E0,1.846647E1,8.290833E0
7.011171E0,1.984556E1,1.017206E1
7.015342E0,2.039320E1,1.055384E1
7.019512E0,2.014605E1,1.036552E1
7.023683E0,1.904106E1,9.882713E0
7.027854E0,1.750624E1,7.782585E0
7.032025E0,1.513697E1,5.222815E0
7.036196E0,1.209194E1,1.688722E0
7.040367E0,8.832321E0,-1.379001E0
7.044537E0,6.271321E0,-4.781546E0
7.048708E0,3.563668E0,-7.932918E0
7.052879E0,1.818088E0,-1.001858E1
7.057050E0,9.467944E-1,-1.102998E1
7.061221E0,6.111516E-1,-1.158481E1
7.065392E0,6.975594E-1,-1.130160E1
7.069562E0,2.042996E0,-1.061464E1
7.073733E0,4.076801E0,-8.710825E0
7.077904E0,6.436911E0,-6.468704E0
7.082075E0,8.912443E0,-2.956920E0
7.086246E0,1.185607E1,1.049542E0
7.090417E0,1.434959E1,4.431979E0
7.094587E0,1.612757E1,7.572427E0
7.098758E0,1.713421E1,9.350619E0
7.102929E0,1.761075E1,1.085748E1
7.107100E0,1.770923E1,1.108461E1
7.111271E0,1.705174E1,1.037439E1
7.115442E0,1.579885E1,9.514494E0
7.119612E0,1.376593E1,7.041299E0
7.123783E0,1.180327E1,3.060743E0
7.127954E0,9.528692E0,-6.296355E-1
7.132125E0,7.391139E0,-4.784248E0
7.136296E0,6.068905E0,-8.096415E0
7.140467E0,5.057578E0,-1.067480E1
7.144637E0,4.153297E0,-1.194426E1
7.148808E0,3.542803E0,-1.277031E1
7.152979E0,3.798460E0,-1.268044E1
7.157150E0,4.929949E0,-1.148385E1
7.161321E0,5.586332E0,-9.759330E0
7.165492E0,7.089252E0,-6.213591E0
7.169662E0,9.024888E0,-2.575448E0
7.173833E0,1.120000E1,9.415808E-1
7.178004E0,1.258136E1,5.025028E0
7.182175E0,1.436213E1,7.818249E0
7.186346E0,1.550644E1,1.000643E1
7.190517E0,1.598322E1,1.112390E1
7.194687E0,1.587137E1,1.125117E1
7.198858E0,1.549651E1,1.030405E1
7.203029E0,1.448695E1,8.179833E0
7.207200E0,1.316792E1,5.236550E0
7.211371E0,1.157843E1,1.858518E0
7.215542E0,9.606846E0,-2.140452E0
7.219712E0,7.782447E0,-5.526696E0
7.223883E0,6.011687E0,-8.697233E0
7.228054E0,4.759124E0,-1.029266E1
7.232225E0,4.247033E0,-1.123499E1
7.236396E0,3.928013E0,-1.101035E1
7.240567E0,3.938558E0,-1.010319E1
7.244737E0,4.884942E0,-8.423219E0
7.248908E0,5.620331E0,-6.406851E0
7.253079E0,7.625289E0,-3.279487E0
7.257250E0,9.497973E0,4.965920E-1
7.261421E0,1.202602E1,3.850982E0
7.265592E0,1.423454E1,6.391486E0
7.269762E0,1.554035E1,8.304626E0
7.273933E0,1.653608E1,9.340272E0
7.278104E0,1.698205E1,9.167343E0
7.282275E0,1.636829E1,8.343091E0
7.286446E0,1.529192E1,6.729234E0
7.290617E0,1.400981E1,4.021358E0
7.294787E0,1.173958E1,1.011010E0
7.298958E0,8.825717E0,-1.686132E0
7.303129E0,6.460287E0,-4.411764E0
7.307300E0,4.491290E0,-7.350875E0
7.311471E0,3.321089E0,-8.473235E0
7.315642E0,2.521361E0,-9.477810E0
7.319812E0,2.788812E0,-9.520115E0
7.323983E0,3.683228E0,-8.686943E0
7.328154E0,4.874495E0,-7.390660E0
7.332325E0,6.856173E0,-4.618442E0
7.336496E0,8.455621E0,-1.642052E0
7.340667E0,1.094774E1,1.304416E0
7.344837E0,1.304860E1,4.197388E0
7.349008E0,1.460947E1,6.453915E0
7.353179E0,1.533141E1,7.683966E0
7.357350E0,1.585850E1,8.494546E0
7.361521E0,1.523757E1,8.228603E0
7.365692E0,1.446733E1,7.312843E0
7.369862E0,1.307053E1,4.860911E0
7.374033E0,1.131233E1,2.187962E0
7.378204E0,9.206788E0,-9.337288E-1
7.382375E0,7.677388E0,-4.077023E0
7.386546E0,5.890395E0,-6.534827E0
7.390717E0,4.762957E0,-8.582086E0
7.394887E0,4.295605E0,-9.343724E0
7.399058E0,4.113031E0,-9.183420E0
7.403229E0,4.706334E0,-8.323138E0
7.407400E0,5.668653E0,-6.737904E0
7.411571E0,7.243341E0,-4.507945E0
7.415742E0,8.832613E0,-1.407290E0
7.419912E0,1.070308E1,1.344173E0
7.424083E0,1.232094E1,4.201349E0
7.428254E0,1.378144E1,6.354982E0
7.432425E0,1.459411E1,7.773116E0
7.436596E0,1.463742E1,8.040489E0
7.440767E0,1.471019E1,7.539385E0
7.444937E0,1.383057E1,6.044767E0
7.449108E0,1.242485E1,4.005822E0
7.453279E0,1.067489E1,1.348434E0
7.457450E0,8.700293E0,-1.499401E0
7.461621E0,7.166913E0,-4.513467E0
7.465792E0,5.587134E0,-6.975932E0
7.469962E0,4.372630E0,-8.009896E0
7.474133E0,3.957165E0,-7.837444E0
7.478304E0,4.207758E0,-7.884149E0
7.482475E0,4.777735E0,-6.838716E0
7.486646E0,6.367474E0,-4.669012E0
7.490817E0,8.387282E0,-2.665194E0
7.494987E0,1.002847E1,-6.309138E-2
7.499158E0,1.183671E1,2.913623E0
7.503329E0,1.407795E1,4.229697E0
7.507500E0,1.451981E1,6.697627E0
7.511671E0,1.471410E1,7.309309E0
7.515842E0,1.457756E1,7.152211E0
7.520012E0,1.364959E1,5.754544E0
7.524183E0,1.228705E1,4.383558E0
7.528354E0,1.037965E1,1.783532E0
7.532525E0,8.648351E0,-7.827944E-1
7.536696E0,6.944604E0,-3.519804E0
7.540867E0,5.713740E0,-5.154229E0
7.545037E0,4.967328E0,-6.733112E0
7.549208E0,4.507979E0,-7.173392E0
7.553379E0,4.557795E0,-6.823219E0
7.557550E0,5.248741E0,-6.187521E0
7.561721E0,6.697781E0,-3.971110E0
7.565892E0,8.017279E0,-1.487499E0
7.570062E0,1.026221E1,8.132899E-1
7.574233E0,1.186644E1,3.102042E0
7.578404E0,1.324506E1,5.091376E0
7.582575E0,1.389679E1,6.186457E0
7.586746E0,1.391713E1,6.755056E0
7.590917E0,1.364668E1,6.122074E0
7.595087E0,1.285308E1,5.158725E0
7.599258E0,1.115567E1,2.912861E0
7.603429E0,9.921580E0,9.911855E-1
7.607600E0,7.920163E0,-1.641741E0
7.611771E0,6.635677E0,-3.665433E0
7.615942E0,5.486042E0,-5.441840E0
7.620112E0,4.981938E0,-6.532197E0
7.624283E0,4.788149E0,-6.767578E0
7.628454E0,5.143253E0,-5.855625E0
7.632625E0,6.298233E0,-4.214643E0
7.636796E0,7.600146E0,-2.462000E0
7.640967E0,9.253712E0,-2.488922E-1
7.645137E0,1.084712E1,1.975852E0
7.649308E0,1.257218E1,4.222406E0
7.653479E0,1.327714E1,4.973631E0
7.657650E0,1.371573E1,5.363609E0
7.661821E0,1.359222E1,5.095823E0
7.665992E0,1.286092E1,4.656211E0
7.670162E0,1.114190E1,2.892197E0
7.674333E0,9.886001E0,1.383944E0
7.678504E0,8.217204E0,-1.249715E0
7.682675E0,6.870106E0,-2.792867E0
7.686846E0,6.204185E0,-4.480151E0
7.691017E0,5.701438E0,-5.395748E0
7.695187E0,5.350960E0,-5.391528E0
7.699358E0,5.751858E0,-4.527891E0
7.703529E0,6.451141E0,-3.478235E0
7.707700E0,7.920240E0,-1.815485E0
7.711871E0,9.334946E0,1.685756E-1
7.716042E0,1.040530E1,2.265682E0
7.720212E0,1.228185E1,4.040957E0
7.724383E0,1.320905E1,4.866533E0
7.728554E0,1.366962E1,5.285516E0
7.732725E0,1.334904E1,5.119243E0
7.736896E0,1.246105E1,4.255906E0
7.741067E0,1.115369E1,2.449782E0
7.745237E0,1.006907E1,5.012342E-1
7.749408E0,8.718817E0,-1.445641E0
7.753579E0,7.559115E0,-3.546239E0
7.757750E0,6.739805E0,-4.218140E0
7.761921E0,6.258694E0,-5.026799E0
7.766092E0,6.451933E0,-4.734720E0
7.770262E0,7.009312E0,-4.193675E0
7.774433E0,8.067186E0,-2.878070E0
7.778604E0,9.291374E0,-7.525149E-1
7.782775E0,1.081379E1,1.178678E0
7.786946E0,1.185443E1,2.669756E0
7.791117E0,1.277868E1,4.522837E0
7.795287E0,1.325833E1,4.735783E0
7.799458E0,1.366308E1,4.779792E0
7.803629E0,1.285688E1,4.309332E0
7.807800E0,1.182095E1,2.574255E0
7.811971E0,1.071113E1,1.410493E0
7.816142E0,9.046417E0,-6.789630E-1
7.820312E0,8.168488E0,-2.584421E0
7.824483E0,7.236450E0,-3.801084E0
7.828654E0,7.284031E0,-4.421024E0
7.832825E0,7.371946E0,-4.653804E0
7.836996E0,7.557139E0,-4.159781E0
7.841167E0,8.157252E0,-2.750959E0
7.845337E0,9.155930E0,-1.037199E0
7.849508E0,1.069032E1,7.066852E-1
7.853679E0,1.141346E1,2.412408E0
7.857850E0,1.256836E1,3.452892E0
7.862021E0,1.292670E1,4.126178E0
7.866192E0,1.279585E1,4.226504E0
7.870362E0,1.241389E1,3.434246E0
7.874533E0,1.133326E1,2.169540E0
7.878704E0,1.033524E1,9.672690E-1
7.882875E0,9.411017E0,-8.535143E-1
7.887046E0,8.137761E0,-2.373406E0
7.891217E0,7.705697E0,-3.289230E0
7.895387E0,7.398174E0,-3.684003E0
7.899558E0,7.312839E0,-3.765361E0
7.903729E0,7.833140E0,-3.109615E0
7.907900E0,8.314347E0,-1.881736E0
7.912071E0,9.040308E0,-2.997942E-1
7.916242E0,1.096953E1,1.235885E0
7.920412E0,1.135446E1,2.427029E0
7.924583E0,1.224029E1,3.270783E0
7.928754E0,1.257725E1,3.832495E0
7.932925E0,1.249467E1,3.348162E0
7.937096E0,1.180560E1,2.719691E0
7.941267E0,1.118520E1,1.523793E0
7.945437E0,1.023632E1,1.673065E-1
7.949608E0,9.101783E0,-1.053909E0
7.953779E0,8.484154E0,-2.430054E0
7.957950E0,8.015928E0,-3.324297E0
7.962121E0,7.909446E0,-3.215577E0
7.966292E0,7.937464E0,-3.028036E0
7.970462E0,8.555112E0,-1.933011E0
7.974633E0,9.292072E0,-7.862697E-1
7.978804E0,1.025969E1,8.865311E-1
7.982975E0,1.127500E1,1.702714E0
7.987146E0,1.179617E1,2.718267E0
7.991317E0,1.209262E1,3.516115E0
7.995487E0,1.228636E1,3.439568E0
7.999658E0,1.191740E1,2.879891E0
8.003829E0,1.128968E1,2.036406E0
8.008000E0,1.056460E1,9.223487E-1
8.012171E0,9.676331E0,-4.101000E-1
8.016342E0,8.780206E0,-1.623756E0
8.020512E0,8.411861E0,-2.584844E0
8.024683E0,8.090984E0,-3.014776E0
8.028854E0,8.397604E0,-2.595357E0
8.033025E0,8.928454E0,-1.676789E0
8.037196E0,9.260976E0,-8.876975E-1
8.041367E0,1.027087E1,5.177646E-1
8.045537E0,1.138751E1,1.293550E0
8.049708E0,1.176767E1,2.073155E0
8.053879E0,1.190559E1,2.404999E0
8.058050E0,1.170306E1,2.446902E0
8.062221E0,1.147703E1,1.762027E0
8.066392E0,1.120414E1,1.219631E0
8.070562E0,1.032291E1,2.195090E-1
8.074733E0,9.522084E0,-9.340021E-1
8.078904E0,8.918781E0,-1.522408E0
8.083075E0,8.266386E0,-2.237262E0
8.087246E0,8.206950E0,-2.334291E0
8.091417E0,8.663321E0,-1.808979E0
8.095587E0,8.875532E0,-9.803152E-1
8.099758E0,9.395083E0,-1.386639E-1
8.103929E0,1.058838E1,5.501473E-1
8.108100E0,1.105896E1,1.660362E0
8.112271E0,1.143328E1,2.116146E0
8.116442E0,1.157705E1,2.140625E0
8.120612E0,1.143988E1,1.917823E0
8.124783E0,1.112726E1,1.358249E0
8.128954E0,1.067404E1,7.209326E-1
8.133125E0,9.717129E0,-1.145603E-1
8.137296E0,9.050909E0,-9.490564E-1
8.141467E0,8.722431E0,-1.444765E0
8.145637E0,8.516673E0,-1.744229E0
8.149808E0,8.368156E0,-1.459101E0
8.153979E0,8.736241E0,-1.000959E0
8.158150E0,9.316036E0,-3.736384E-1
8.162321E0,1.010238E1,8.461490E-1
8.166492E0,1.066839E1,1.228439E0
8.170662E0,1.088011E1,2.048807E0
8.174833E0,1.111268E1,1.911563E0
8.179004E0,1.083404E1,2.153778E0
8.183175E0,1.053170E1,1.486056E0
8.187346E0,9.660436E0,9.067111E-1
8.191517E0,9.087470E0,2.058674E-2
8.195687E0,8.647288E0,-6.259914E-1
8.199858E0,8.303067E0,-1.090892E0
8.204029E0,8.106462E0,-9.884608E-1
8.208200E0,8.350227E0,-8.223756E-1
8.212371E0,8.506572E0,-3.804216E-1
8.216542E0,9.172361E0,2.094008E-1
8.220712E0,9.655296E0,9.938336E-1
8.224883E0,1.015908E1,1.476264E0
8.229054E0,1.050225E1,1.757436E0
8.233225E0,1.044418E1,1.819479E0
8.237396E0,1.030273E1,1.614607E0
8.241567E0,9.875554E0,1.314439E0
8.245737E0,9.250187E0,8.724438E-1
8.249908E0,8.382832E0,2.265472E-1
8.254079E0,8.319996E0,-4.219853E-1
8.258250E0,8.112971E0,-6.931308E-1
8.262421E0,8.179946E0,-6.886874E-1
8.266592E0,8.353501E0,-5.698294E-1
8.270762E0,8.430483E0,1.108819E-1
8.274933E0,8.905237E0,4.907918E-1
8.279104E0,9.165935E0,1.153038E0
8.283275E0,9.425609E0,1.298245E0
8.287446E0,9.473019E0,1.117222E0
8.291617E0,9.430397E0,1.129298E0
8.295787E0,9.176487E0,8.590147E-1
8.299958E0,8.647048E0,4.721167E-1
8.304129E0,8.023551E0,-1.218004E-1
8.308300E0,7.578773E0,-5.556731E-1
8.312471E0,7.347007E0,-8.878179E-1
8.316642E0,7.518281E0,-7.181549E-1
8.320812E0,7.641749E0,-5.929774E-1
8.324983E0,7.721349E0,-4.350796E-1
8.329154E0,8.280900E0,5.345532E-2
8.333325E0,8.457542E0,4.547696E-1
8.337496E0,8.514879E0,5.155906E-1
8.341667E0,8.314641E0,5.163418E-1
8.345837E0,8.309905E0,3.856569E-1
8.350008E0,8.043827E0,2.543499E-1
8.354179E0,7.400749E0,-6.288249E-1
8.358350E0,7.264706E0,-9.460692E-1
8.362521E0,6.986636E0,-8.953374E-1
8.366692E0,6.812080E0,-9.600985E-1
8.370862E0,6.881197E0,-1.070446E0
8.375033E0,7.007522E0,-7.697785E-1
8.379204E0,7.294575E0,-6.778305E-1
8.383375E0,7.525345E0,-1.573803E-1
8.387546E0,7.790746E0,4.378688E-1
8.391717E0,7.396322E0,3.178084E-2
8.395887E0,7.591662E0,1.343227E-1
8.400058E0,7.314282E0,-3.802459E-1
8.404229E0,7.105314E0,-4.821074E-1
8.408400E0,6.413954E0,-4.954091E-1
8.412571E0,6.513595E0,-1.051858E0
8.416742E0,6.598959E0,-1.137147E0
8.420912E0,6.053490E0,-6.899539E-1
8.425083E0,6.273194E0,-8.190055E-1
8.429254E0,6.363874E0,-4.228188E-1
8.433425E0,6.304484E0,-5.275457E-1
8.437596E0,6.791376E0,-5.872652E-1
8.441767E0,7.197170E0,-7.612977E-1
8.445937E0,6.384978E0,-7.362262E-1
8.450108E0,6.725793E0,-9.008585E-1
8.454279E0,5.996006E0,-9.117624E-1
8.458450E0,6.253836E0,-1.126140E0
8.462621E0,5.979680E0,-9.933208E-1
8.466792E0,5.822307E0,-1.061292E0
8.470962E0,5.653898E0,-1.136673E0
8.475133E0,5.852788E0,-9.879812E-1
8.479304E0,5.687793E0,-9.260622E-1
8.483475E0,6.176840E0,-9.409885E-1
8.487646E0,5.797086E0,-8.363863E-1
8.491817E0,5.852818E0,-7.111761E-1
8.495987E0,5.822487E0,-8.256491E-1
8.500158E0,5.240908E0,-7.899467E-1
8.504329E0,5.563747E0,-1.136412E0
8.508500E0,5.129185E0,-1.027811E0
8.512671E0,5.195712E0,-1.057072E0
8.516842E0,5.256923E0,-1.060388E0
8.521012E0,5.462330E0,-1.070408E0
8.525183E0,5.519062E0,-1.384482E0
8.529354E0,5.147492E0,-9.478136E-1
8.533525E0,5.352951E0,-6.118359E-1
8.537696E0,6.138300E0,-8.861121E-1
8.541867E0,5.732225E0,-9.474076E-1
8.546037E0,5.277680E0,-1.225036E0
8.550208E0,5.269724E0,-1.217366E0
8.554379E0,5.427345E0,-1.579318E0
8.558550E0,4.885338E0,-1.838879E0
8.562721E0,4.711130E0,-2.230421E0
8.566892E0,4.860713E0,-2.190944E0
8.571062E0,4.523634E0,-1.928577E0
8.575233E0,4.932727E0,-1.615238E0
8.579404E0,4.613335E0,-1.704878E0
8.583575E0,5.061748E0,-1.763291E0
8.587746E0,5.020107E0,-1.575695E0
8.591917E0,5.433479E0,-1.695587E0
8.596087E0,5.132444E0,-1.471856E0
8.600258E0,5.308980E0,-1.895090E0
8.604429E0,4.759403E0,-1.774821E0
8.608600E0,5.187202E0,-2.045216E0
8.612771E0,4.931076E0,-2.031263E0
8.616942E0,4.719049E0,-1.688826E0
8.621112E0,4.928308E0,-1.934254E0
8.625283E0,4.644845E0,-1.808614E0
8.629454E0,4.921977E0,-2.016603E0
8.633625E0,4.428926E0,-1.889532E0
8.637796E0,4.176140E0,-1.743762E0
8.641967E0,4.585831E0,-1.932174E0
8.646137E0,4.202863E0,-1.716988E0
8.650308E0,4.414836E0,-1.973419E0
8.654479E0,4.387013E0,-1.827315E0
8.658650E0,4.225156E0,-1.973004E0
8.662821E0,4.379535E0,-2.138018E0
8.666992E0,4.415609E0,-2.363927E0
8.671162E0,4.410038E0,-2.218983E0
8.675333E0,4.106811E0,-2.216507E0
8.679504E0,4.447843E0,-2.868197E0
8.683675E0,4.406921E0,-2.676719E0
8.687846E0,4.181974E0,-3.063633E0
8.692017E0,4.265878E0,-3.112424E0
8.696187E0,4.294553E0,-2.917774E0
8.700358E0,4.046651E0,-3.000990E0
8.704529E0,4.538736E0,-3.098926E0
8.708700E0,4.108785E0,-3.150984E0
8.712871E0,4.381989E0,-3.268174E0
8.717042E0,4.085488E0,-3.172383E0
8.721212E0,4.162627E0,-3.071092E0
8.725383E0,4.186895E0,-3.075931E0
8.729554E0,4.216862E0,-2.854353E0
8.733725E0,4.281128E0,-2.496310E0
8.737896E0,4.337414E0,-2.410489E0
8.742067E0,4.296531E0,-2.121921E0
8.746237E0,4.568392E0,-2.149370E0
8.750408E0,4.515204E0,-1.655936E0
8.754579E0,4.580743E0,-1.833094E0
8.758750E0,4.422940E0,-1.569136E0
8.762921E0,4.204221E0,-1.761097E0
8.767092E0,4.495224E0,-1.467668E0
8.771262E0,4.431573E0,-1.653964E0
8.775433E0,4.345616E0,-1.921944E0
8.779604E0,4.654836E0,-2.070938E0
8.783775E0,4.394312E0,-1.832638E0
8.787946E0,4.246973E0,-1.622897E0
8.792117E0,4.527614E0,-1.833942E0
8.796287E0,4.606110E0,-1.803563E0
8.800458E0,4.165652E0,-1.778792E0
8.804629E0,4.309829E0,-1.646559E0
8.808800E0,4.740794E0,-1.908718E0
8.812971E0,4.313689E0,-2.029089E0
8.817142E0,4.356569E0,-1.621113E0
8.821312E0,4.321176E0,-1.963185E0
8.825483E0,4.350557E0,-2.009912E0
8.829654E0,4.241430E0,-1.792642E0
8.833825E0,4.427870E0,-2.346935E0
8.837996E0,4.009620E0,-2.016986E0
8.842167E0,4.300861E0,-2.198755E0
8.846337E0,4.136544E0,-2.316720E0
8.850508E0,3.685951E0,-2.041615E0
8.854679E0,3.627894E0,-2.436742E0
8.858850E0,3.390268E0,-2.598735E0
8.863021E0,3.169224E0,-2.711836E0
8.867192E0,3.589784E0,-3.182666E0
8.871362E0,3.618632E0,-3.175532E0
8.875533E0,3.589459E0,-3.125902E0
8.879704E0,3.221886E0,-2.942976E0
8.883875E0,3.847661E0,-2.711525E0
8.888046E0,3.847009E0,-2.572743E0
8.892217E0,3.559925E0,-2.582296E0
8.896387E0,4.030037E0,-2.630966E0
8.900558E0,4.040924E0,-2.587531E0
8.904729E0,4.030222E0,-2.565024E0
8.908900E0,4.085495E0,-2.731885E0
8.913071E0,4.152415E0,-2.769908E0
8.917242E0,4.139938E0,-2.842991E0
8.921412E0,4.201781E0,-2.774353E0
8.925583E0,4.262372E0,-3.014371E0
8.929754E0,4.215636E0,-2.757630E0
8.933925E0,4.195149E0,-2.992761E0
8.938096E0,3.866826E0,-2.863338E0
8.942267E0,3.815364E0,-2.835017E0
8.946437E0,3.751553E0,-2.996321E0
8.950608E0,3.398210E0,-2.909236E0
8.954779E0,3.334811E0,-3.086831E0
8.958950E0,3.436983E0,-2.924784E0
8.963121E0,3.657222E0,-3.008173E0
8.967292E0,3.300027E0,-3.031079E0
8.971462E0,3.581517E0,-2.979952E0
8.975633E0,3.436426E0,-2.930724E0
8.979804E0,3.217421E0,-3.005194E0
8.983975E0,3.450388E0,-2.752963E0
8.988146E0,3.395984E0,-2.893940E0
8.992317E0,3.543820E0,-2.948629E0
8.996487E0,3.540335E0,-2.772177E0
9.000658E0,3.547753E0,-2.882367E0
9.004829E0,3.720370E0,-2.800739E0
9.009000E0,3.255095E0,-2.670777E0
9.013171E0,3.633423E0,-2.811642E0
9.017342E0,3.511989E0,-2.715447E0
9.021512E0,3.690521E0,-2.819149E0
9.025683E0,3.585927E0,-2.823938E0
9.029854E0,3.450240E0,-2.938506E0
9.034025E0,3.227215E0,-2.697823E0
9.038196E0,3.326313E0,-2.952977E0
9.042367E0,3.318596E0,-3.257360E0
9.046537E0,3.438482E0,-3.027886E0
9.050708E0,3.119901E0,-3.012466E0
9.054879E0,3.237637E0,-2.926181E0
9.059050E0,3.433407E0,-2.972267E0
9.063221E0,3.466685E0,-2.998830E0
9.067392E0,3.345148E0,-2.995482E0
9.071562E0,3.189210E0,-2.968280E0
9.075733E0,3.289555E0,-2.764812E0
9.079904E0,3.298659E0,-2.917834E0
9.084075E0,3.204196E0,-2.761292E0
9.088246E0,3.617861E0,-2.946114E0
9.092417E0,3.511056E0,-2.867836E0
9.096587E0,3.232407E0,-2.755791E0
9.100758E0,3.395869E0,-2.905511E0
9.104929E0,3.370718E0,-3.100407E0
9.109100E0,3.221059E0,-2.866516E0
9.113271E0,3.329095E0,-3.008674E0
