,mass A,,
t,x,y,
0.000000E0,2.153105E2,7.117702E1
4.170833E-3,2.049147E2,7.151717E1
8.341667E-3,1.910045E2,6.966079E1
1.251250E-2,1.772790E2,6.820766E1
1.668333E-2,1.614928E2,6.552814E1
2.085417E-2,1.453781E2,6.474805E1
2.502500E-2,1.259273E2,6.137648E1
2.919583E-2,8.719184E1,5.516219E1
3.336667E-2,6.396519E1,4.744513E1
3.753750E-2,3.693282E1,3.934573E1
4.170833E-2,1.077954E1,3.097374E1
4.587917E-2,-1.371635E1,2.146654E1
5.005000E-2,-3.586076E1,1.200979E1
5.422083E-2,-5.665362E1,1.953119E0
5.839167E-2,-7.843296E1,-8.332603E0
6.256250E-2,-9.779699E1,-1.822178E1
6.673333E-2,-1.156394E2,-2.843078E1
7.090417E-2,-1.324128E2,-3.745368E1
7.507500E-2,-1.489222E2,-4.612852E1
7.924583E-2,-1.610100E2,-5.501270E1
8.341667E-2,-1.707923E2,-6.594306E1
8.758750E-2,-1.790109E2,-7.564479E1
9.175833E-2,-1.875248E2,-8.151416E1
9.592917E-2,-1.947655E2,-8.785031E1
1.001000E-1,-2.008213E2,-9.287968E1
1.042708E-1,-2.044990E2,-9.745643E1
1.084417E-1,-2.080267E2,-1.020455E2
1.126125E-1,-2.099858E2,-1.060923E2
1.167833E-1,-2.112218E2,-1.096684E2
1.209542E-1,-2.114941E2,-1.127554E2
1.251250E-1,-2.116381E2,-1.157332E2
1.292958E-1,-2.107479E2,-1.180729E2
1.334667E-1,-2.092222E2,-1.201216E2
1.376375E-1,-2.066649E2,-1.219480E2
1.418083E-1,-2.033378E2,-1.233749E2
1.459792E-1,-1.997792E2,-1.241593E2
1.501500E-1,-1.954173E2,-1.237806E2
1.543208E-1,-1.892255E2,-1.242982E2
1.584917E-1,-1.818601E2,-1.237664E2
1.626625E-1,-1.739010E2,-1.220572E2
1.668333E-1,-1.646467E2,-1.195085E2
1.710042E-1,-1.557499E2,-1.159072E2
1.751750E-1,-1.475814E2,-1.086111E2
1.793458E-1,-1.358067E2,-1.029045E2
1.835167E-1,-1.176061E2,-9.951921E1
1.876875E-1,-1.016365E2,-9.158423E1
1.918583E-1,-8.413815E1,-8.292593E1
1.960292E-1,-6.632235E1,-7.295453E1
2.002000E-1,-4.449746E1,-6.052119E1
2.043708E-1,-2.472532E1,-4.903318E1
2.085417E-1,-3.004454E0,-3.351995E1
2.127125E-1,7.799088E0,-2.311161E1
2.168833E-1,2.508465E1,-3.707096E0
2.210542E-1,4.426311E1,1.296468E1
2.252250E-1,6.462410E1,3.083999E1
2.293958E-1,8.233201E1,4.614766E1
2.335667E-1,9.813554E1,6.032736E1
2.377375E-1,1.126716E2,7.389916E1
2.419083E-1,1.250856E2,8.640628E1
2.460792E-1,1.357344E2,9.772357E1
2.502500E-1,1.538105E2,1.022103E2
2.544208E-1,1.611985E2,1.117316E2
2.585917E-1,1.671872E2,1.207585E2
2.627625E-1,1.723772E2,1.294867E2
2.669333E-1,1.755947E2,1.364162E2
2.711042E-1,1.782163E2,1.428298E2
2.752750E-1,1.806573E2,1.483934E2
2.794458E-1,1.801704E2,1.529814E2
2.836167E-1,1.799138E2,1.568386E2
2.877875E-1,1.793682E2,1.601439E2
2.919583E-1,1.782937E2,1.622267E2
2.961292E-1,1.755656E2,1.641680E2
3.003000E-1,1.732460E2,1.643119E2
3.044708E-1,1.689218E2,1.649184E2
3.086417E-1,1.647984E2,1.639874E2
3.128125E-1,1.594702E2,1.622923E2
3.169833E-1,1.542610E2,1.594721E2
3.211542E-1,1.463200E2,1.563418E2
3.253250E-1,1.383391E2,1.514577E2
3.294958E-1,1.289588E2,1.460798E2
3.336667E-1,1.189087E2,1.389420E2
3.378375E-1,1.080044E2,1.306557E2
3.420083E-1,9.561382E1,1.222766E2
3.461792E-1,8.117036E1,1.123756E2
3.503500E-1,6.700273E1,9.927948E1
3.545208E-1,5.166334E1,8.561910E1
3.586917E-1,3.562806E1,7.038016E1
3.628625E-1,1.906312E1,5.476449E1
3.670333E-1,3.231918E0,2.854822E1
3.712042E-1,-1.701646E1,2.073298E0
3.753750E-1,-3.524752E1,-1.868967E1
3.795458E-1,-4.710809E1,-3.674989E1
3.837167E-1,-5.921289E1,-5.502436E1
3.878875E-1,-7.054985E1,-7.265512E1
3.920583E-1,-8.279499E1,-8.963597E1
3.962292E-1,-9.231315E1,-1.048483E2
4.004000E-1,-9.873114E1,-1.191860E2
4.045708E-1,-1.053056E2,-1.324529E2
4.087417E-1,-1.099636E2,-1.436383E2
4.129125E-1,-1.136005E2,-1.531283E2
4.170833E-1,-1.170033E2,-1.619880E2
4.212542E-1,-1.183920E2,-1.693700E2
4.254250E-1,-1.195927E2,-1.764941E2
4.295958E-1,-1.209181E2,-1.822325E2
4.337667E-1,-1.204090E2,-1.864865E2
4.379375E-1,-1.207020E2,-1.907649E2
4.421083E-1,-1.198813E2,-1.937517E2
4.462792E-1,-1.186523E2,-1.960191E2
4.504500E-1,-1.172295E2,-1.972965E2
4.546208E-1,-1.150322E2,-1.979125E2
4.587917E-1,-1.125470E2,-1.976002E2
4.629625E-1,-1.095862E2,-1.968299E2
4.671333E-1,-1.064425E2,-1.948760E2
4.713042E-1,-1.029169E2,-1.919323E2
4.754750E-1,-9.826794E1,-1.882810E2
4.796458E-1,-9.349042E1,-1.834020E2
4.838167E-1,-8.822639E1,-1.768365E2
4.879875E-1,-8.281616E1,-1.701854E2
4.921583E-1,-7.542497E1,-1.613196E2
4.963292E-1,-6.917532E1,-1.512662E2
5.005000E-1,-6.149270E1,-1.405468E2
5.046708E-1,-5.303400E1,-1.272116E2
5.088417E-1,-4.325153E1,-1.128650E2
5.130125E-1,-3.264781E1,-9.670292E1
5.171833E-1,-2.247642E1,-7.990445E1
5.213542E-1,-1.208390E1,-6.214584E1
5.255250E-1,-1.809972E0,-4.365309E1
5.296958E-1,9.387739E0,-2.489382E1
5.338667E-1,2.516512E1,-1.765867E0
5.380375E-1,3.839579E1,2.454899E1
5.422083E-1,4.795974E1,4.748189E1
5.463792E-1,5.503309E1,7.548037E1
5.505500E-1,6.140062E1,9.383509E1
5.547208E-1,6.780756E1,1.109142E2
5.588917E-1,7.387056E1,1.257391E2
5.630625E-1,7.870899E1,1.393297E2
5.672333E-1,8.250041E1,1.527346E2
5.714042E-1,8.572817E1,1.643538E2
5.755750E-1,8.806319E1,1.744588E2
5.797458E-1,8.970310E1,1.831539E2
5.839167E-1,9.089170E1,1.907615E2
5.880875E-1,9.160197E1,1.976352E2
5.922583E-1,9.126279E1,2.022077E2
5.964292E-1,9.086490E1,2.066731E2
6.006000E-1,9.018717E1,2.098012E2
6.047708E-1,8.875041E1,2.116320E2
6.089417E-1,8.696886E1,2.124628E2
6.131125E-1,8.483980E1,2.123545E2
6.172833E-1,8.222661E1,2.111861E2
6.214542E-1,7.926735E1,2.088588E2
6.256250E-1,7.589330E1,2.054040E2
6.297958E-1,7.206575E1,2.006529E2
6.339667E-1,6.789051E1,1.949383E2
6.381375E-1,6.289410E1,1.879227E2
6.423083E-1,5.770044E1,1.791471E2
6.464792E-1,5.225194E1,1.688885E2
6.506500E-1,4.592130E1,1.573876E2
6.548208E-1,3.925794E1,1.435795E2
6.589917E-1,3.165493E1,1.282823E2
6.631625E-1,2.428969E1,1.121815E2
6.673333E-1,1.644985E1,9.647799E1
6.715042E-1,8.083806E0,7.635143E1
6.756750E-1,-5.949619E-1,5.142335E1
6.798458E-1,-8.822293E0,2.916368E1
6.840167E-1,-1.858826E1,-1.074982E0
6.881875E-1,-2.308818E1,-2.301382E1
6.923583E-1,-2.981708E1,-4.670801E1
6.965292E-1,-3.279764E1,-6.707705E1
7.007000E-1,-3.538718E1,-8.673337E1
7.048708E-1,-3.840679E1,-1.058711E2
7.090417E-1,-4.053179E1,-1.226945E2
7.132125E-1,-4.176747E1,-1.379707E2
7.173833E-1,-4.248259E1,-1.514088E2
7.215542E-1,-4.319630E1,-1.637558E2
7.257250E-1,-4.313512E1,-1.740701E2
7.298958E-1,-4.259218E1,-1.837806E2
7.340667E-1,-4.218022E1,-1.911231E2
7.382375E-1,-4.068515E1,-1.979923E2
7.424083E-1,-3.993402E1,-2.032579E2
7.465792E-1,-3.797938E1,-2.076466E2
7.507500E-1,-3.668130E1,-2.108782E2
7.549208E-1,-3.490961E1,-2.130036E2
7.590917E-1,-3.259425E1,-2.144208E2
7.632625E-1,-3.076031E1,-2.145252E2
7.674333E-1,-2.895306E1,-2.139772E2
7.716042E-1,-2.674031E1,-2.118489E2
7.757750E-1,-2.425697E1,-2.095274E2
7.799458E-1,-2.194775E1,-2.056941E2
7.841167E-1,-1.969794E1,-2.005058E2
7.882875E-1,-1.704515E1,-1.945138E2
7.924583E-1,-1.443965E1,-1.871821E2
7.966292E-1,-1.152945E1,-1.782287E2
8.008000E-1,-9.395719E0,-1.686090E2
8.049708E-1,-6.592250E0,-1.564479E2
8.091417E-1,-3.885330E0,-1.433577E2
8.133125E-1,-5.452948E-1,-1.291714E2
8.174833E-1,2.178139E0,-1.120377E2
8.216542E-1,5.091895E0,-9.395046E1
8.258250E-1,7.638078E0,-7.508833E1
8.299958E-1,8.692602E0,-5.555865E1
8.341667E-1,8.062849E0,-3.556141E1
8.383375E-1,1.623190E1,-1.016643E1
8.425083E-1,1.701872E1,1.224697E1
8.466792E-1,1.854808E1,3.585540E1
8.508500E-1,1.872265E1,7.033573E1
8.550208E-1,1.777776E1,8.980719E1
8.591917E-1,1.714541E1,1.074868E2
8.633625E-1,1.559666E1,1.253570E2
8.675333E-1,1.449880E1,1.403704E2
8.717042E-1,1.358240E1,1.541644E2
8.758750E-1,1.204082E1,1.663162E2
8.800458E-1,1.060768E1,1.760585E2
8.842167E-1,9.130654E0,1.847688E2
8.883875E-1,7.538841E0,1.934760E2
8.925583E-1,5.836317E0,1.994541E2
8.967292E-1,4.381510E0,2.049074E2
9.009000E-1,2.734581E0,2.092013E2
9.050708E-1,1.057905E0,2.120263E2
9.092417E-1,-8.458365E-1,2.134272E2
9.134125E-1,-2.716050E0,2.136248E2
9.175833E-1,-4.508654E0,2.125207E2
9.217542E-1,-6.193793E0,2.108739E2
9.259250E-1,-7.711729E0,2.077367E2
9.300958E-1,-9.784528E0,2.034065E2
9.342667E-1,-1.174005E1,1.975707E2
9.384375E-1,-1.336045E1,1.902646E2
9.426083E-1,-1.480530E1,1.816441E2
9.467792E-1,-1.606199E1,1.721489E2
9.509500E-1,-1.660995E1,1.611805E2
9.551208E-1,-1.829945E1,1.488954E2
9.592917E-1,-1.874329E1,1.333802E2
9.634625E-1,-1.907197E1,1.179336E2
9.676333E-1,-1.837319E1,1.008872E2
9.718042E-1,-1.806877E1,8.248050E1
9.759750E-1,-1.633521E1,6.321454E1
9.801458E-1,-1.412050E1,2.803351E1
9.843167E-1,-1.156004E1,5.050640E0
9.884875E-1,-7.784325E0,-1.732398E1
9.926583E-1,-2.785851E0,-3.898477E1
9.968292E-1,1.409729E0,-6.075405E1
1.001000E0,6.646117E0,-7.943433E1
1.005171E0,1.124753E1,-9.733018E1
1.009342E0,1.568332E1,-1.129909E2
1.013513E0,2.041403E1,-1.279442E2
1.017683E0,2.482602E1,-1.405600E2
1.021854E0,2.809702E1,-1.523544E2
1.026025E0,3.145239E1,-1.622866E2
1.030196E0,3.448321E1,-1.710656E2
1.034367E0,3.774177E1,-1.788273E2
1.038537E0,4.038225E1,-1.852207E2
1.042708E0,4.295060E1,-1.902260E2
1.046879E0,4.501119E1,-1.938162E2
1.051050E0,4.651815E1,-1.967816E2
1.055221E0,4.776283E1,-1.985701E2
1.059392E0,4.838016E1,-1.992685E2
1.063562E0,4.896245E1,-1.987828E2
1.067733E0,4.958573E1,-1.975363E2
1.071904E0,4.970289E1,-1.948746E2
1.076075E0,4.931259E1,-1.911853E2
1.080246E0,4.877566E1,-1.862563E2
1.084417E0,4.743351E1,-1.803175E2
1.088588E0,4.618574E1,-1.731939E2
1.092758E0,4.456121E1,-1.649188E2
1.096929E0,4.233551E1,-1.560373E2
1.101100E0,4.001346E1,-1.453711E2
1.105271E0,3.707699E1,-1.333020E2
1.109442E0,3.341038E1,-1.200297E2
1.113612E0,2.971070E1,-1.042667E2
1.117783E0,2.525340E1,-8.765141E1
1.121954E0,1.994887E1,-7.011542E1
1.126125E0,1.462285E1,-5.129753E1
1.130296E0,9.013672E0,-3.098969E1
1.134467E0,3.290261E0,-8.888885E0
1.138637E0,-3.200604E0,1.340031E1
1.142808E0,-9.687548E0,4.107436E1
1.146979E0,-1.675353E1,6.284888E1
1.151150E0,-2.320373E1,8.168621E1
1.155321E0,-2.912938E1,9.876860E1
1.159492E0,-3.387024E1,1.142519E2
1.163662E0,-3.763678E1,1.283550E2
1.167833E0,-4.186540E1,1.410885E2
1.172004E0,-4.348801E1,1.515592E2
1.176175E0,-4.565423E1,1.608120E2
1.180346E0,-4.815719E1,1.693619E2
1.184517E0,-4.903059E1,1.756208E2
1.188687E0,-4.993236E1,1.812367E2
1.192858E0,-5.107459E1,1.855321E2
1.197029E0,-5.157495E1,1.883547E2
1.201200E0,-5.183168E1,1.904822E2
1.205371E0,-5.183469E1,1.912693E2
1.209542E0,-5.148701E1,1.909313E2
1.213713E0,-5.085726E1,1.898403E2
1.217883E0,-5.047288E1,1.872652E2
1.222054E0,-4.919738E1,1.834397E2
1.226225E0,-4.754385E1,1.781928E2
1.230396E0,-4.570207E1,1.717726E2
1.234567E0,-4.363895E1,1.639549E2
1.238738E0,-4.094354E1,1.545923E2
1.242908E0,-3.801155E1,1.446224E2
1.247079E0,-3.446156E1,1.325692E2
1.251250E0,-3.152965E1,1.198240E2
1.255421E0,-2.725093E1,1.039763E2
1.259592E0,-2.289446E1,9.005015E1
1.263763E0,-1.863306E1,7.449924E1
1.267933E0,-1.343707E1,5.553729E1
1.272104E0,-7.947726E0,3.595253E1
1.276275E0,3.869609E0,-8.731843E-1
1.280446E0,7.332816E0,-2.489805E1
1.284617E0,1.098711E1,-4.569976E1
1.288787E0,2.086228E1,-6.082002E1
1.292958E0,2.706129E1,-7.752657E1
1.297129E0,3.262285E1,-9.331568E1
1.301300E0,3.698528E1,-1.079573E2
1.305471E0,4.107855E1,-1.213150E2
1.309642E0,4.384822E1,-1.326262E2
1.313813E0,4.685989E1,-1.428078E2
1.317983E0,4.904173E1,-1.524947E2
1.322154E0,5.381475E1,-1.590583E2
1.326325E0,5.459960E1,-1.668292E2
1.330496E0,5.624013E1,-1.719482E2
1.334667E0,5.685976E1,-1.766043E2
1.338838E0,5.767394E1,-1.800629E2
1.343008E0,5.759376E1,-1.821617E2
1.347179E0,5.721288E1,-1.830837E2
1.351350E0,5.628347E1,-1.830025E2
1.355521E0,5.504848E1,-1.820910E2
1.359692E0,5.314407E1,-1.796984E2
1.363862E0,5.113433E1,-1.767210E2
1.368033E0,4.796094E1,-1.725676E2
1.372204E0,4.565842E1,-1.669601E2
1.376375E0,4.185879E1,-1.598717E2
1.380546E0,3.882926E1,-1.524785E2
1.384717E0,3.436757E1,-1.435072E2
1.388888E0,2.995622E1,-1.333514E2
1.393058E0,2.568093E1,-1.209093E2
1.397229E0,2.033223E1,-1.078536E2
1.401400E0,1.407965E1,-9.320258E1
1.405571E0,9.002543E0,-7.722933E1
1.409742E0,2.954386E0,-6.070118E1
1.413912E0,-1.893202E0,-4.237986E1
1.418083E0,-6.390788E0,-2.138802E1
1.422254E0,-1.070181E1,2.961383E0
1.426425E0,-1.462260E1,2.696696E1
1.430596E0,-1.764934E1,4.894488E1
1.434767E0,-2.099439E1,6.911508E1
1.438937E0,-2.273886E1,8.641018E1
1.443108E0,-2.380681E1,1.018110E2
1.447279E0,-2.372806E1,1.154715E2
1.451450E0,-2.390777E1,1.279886E2
1.455621E0,-2.386023E1,1.395200E2
1.459792E0,-2.346811E1,1.493629E2
1.463963E0,-2.329662E1,1.584272E2
1.468133E0,-2.227796E1,1.654245E2
1.472304E0,-2.134235E1,1.713432E2
1.476475E0,-2.037395E1,1.761216E2
1.480646E0,-1.953668E1,1.795305E2
1.484817E0,-1.784765E1,1.818828E2
1.488987E0,-1.655109E1,1.828677E2
1.493158E0,-1.500084E1,1.827370E2
1.497329E0,-1.340361E1,1.811002E2
1.501500E0,-1.193372E1,1.785649E2
1.505671E0,-1.007931E1,1.743461E2
1.509842E0,-8.082922E0,1.686027E2
1.514012E0,-5.967852E0,1.616766E2
1.518183E0,-3.754648E0,1.535464E2
1.522354E0,-1.904039E0,1.439247E2
1.526525E0,3.902237E-1,1.324106E2
1.530696E0,1.868734E0,1.202613E2
1.534867E0,4.324290E0,1.058861E2
1.539037E0,6.377849E0,8.985636E1
1.543208E0,9.885900E0,7.102483E1
1.547379E0,1.251347E1,5.165524E1
1.551550E0,1.544918E1,2.643956E1
1.555721E0,1.569756E1,3.724940E0
1.559892E0,1.434104E1,-1.926474E1
1.564062E0,1.404063E1,-3.668379E1
1.568233E0,1.286131E1,-5.441626E1
1.572404E0,1.192631E1,-7.116161E1
1.576575E0,1.030921E1,-8.676182E1
1.580746E0,8.902543E0,-1.009832E2
1.584917E0,6.992120E0,-1.146461E2
1.589087E0,4.904297E0,-1.265417E2
1.593258E0,3.258845E0,-1.372657E2
1.597429E0,2.062450E0,-1.460320E2
1.601600E0,2.171479E-1,-1.538494E2
1.605771E0,-1.241349E0,-1.606310E2
1.609942E0,-2.342206E0,-1.660964E2
1.614113E0,-4.437997E0,-1.701566E2
1.618283E0,-6.076319E0,-1.726809E2
1.622454E0,-7.653572E0,-1.744443E2
1.626625E0,-8.989263E0,-1.749521E2
1.630796E0,-1.069909E1,-1.742350E2
1.634967E0,-1.239769E1,-1.720205E2
1.639138E0,-1.360022E1,-1.687925E2
1.643308E0,-1.499799E1,-1.646746E2
1.647479E0,-1.619268E1,-1.589054E2
1.651650E0,-1.688963E1,-1.517269E2
1.655821E0,-1.802025E1,-1.441811E2
1.659992E0,-1.851840E1,-1.350168E2
1.664163E0,-1.863731E1,-1.242989E2
1.668333E0,-1.952973E1,-1.127406E2
1.672504E0,-1.913775E1,-9.906502E1
1.676675E0,-1.885916E1,-8.472399E1
1.680846E0,-1.797526E1,-6.898299E1
1.685017E0,-1.619706E1,-5.148207E1
1.689188E0,-1.402699E1,-3.535163E1
1.693358E0,-1.082146E1,-1.783795E1
1.697529E0,-4.683640E0,7.055227E0
1.701700E0,9.834549E-1,3.047575E1
1.705871E0,6.305647E0,4.937809E1
1.710042E0,1.117147E1,6.715609E1
1.714213E0,1.692706E1,8.170638E1
1.718383E0,2.215692E1,9.567263E1
1.722554E0,2.765672E1,1.082398E2
1.726725E0,3.188299E1,1.192878E2
1.730896E0,3.632239E1,1.290221E2
1.735067E0,4.014136E1,1.370229E2
1.739237E0,4.362078E1,1.443182E2
1.743408E0,4.632011E1,1.498747E2
1.747579E0,4.889095E1,1.550321E2
1.751750E0,5.091858E1,1.582772E2
1.755921E0,5.221564E1,1.605099E2
1.760092E0,5.343692E1,1.617818E2
1.764263E0,5.376473E1,1.619661E2
1.768433E0,5.363664E1,1.602731E2
1.772604E0,5.305290E1,1.577771E2
1.776775E0,5.166305E1,1.540434E2
1.780946E0,5.002291E1,1.489711E2
1.785117E0,4.777975E1,1.425663E2
1.789288E0,4.546365E1,1.343323E2
1.793458E0,4.254487E1,1.248421E2
1.797629E0,3.900219E1,1.142904E2
1.801800E0,3.481283E1,1.027825E2
1.805971E0,3.052065E1,8.946708E1
1.810142E0,2.555856E1,7.369002E1
1.814312E0,2.025914E1,5.655561E1
1.818483E0,1.431276E1,3.814171E1
1.822654E0,7.081952E0,1.865102E1
1.826825E0,-8.223728E-1,-2.875973E0
1.830996E0,-9.126324E0,-2.356488E1
1.835167E0,-1.502135E1,-4.067238E1
1.839338E0,-1.929171E1,-5.541463E1
1.843508E0,-2.387940E1,-7.101187E1
1.847679E0,-2.893590E1,-8.494200E1
1.851850E0,-3.353089E1,-9.798853E1
1.856021E0,-3.672701E1,-1.089239E2
1.860192E0,-3.970827E1,-1.186404E2
1.864362E0,-4.264265E1,-1.279200E2
1.868533E0,-4.544474E1,-1.351854E2
1.872704E0,-4.655238E1,-1.417635E2
1.876875E0,-4.812825E1,-1.469732E2
1.881046E0,-4.882437E1,-1.509361E2
1.885217E0,-4.893851E1,-1.539541E2
1.889387E0,-4.929312E1,-1.553045E2
1.893558E0,-4.846506E1,-1.556664E2
1.897729E0,-4.824873E1,-1.550772E2
1.901900E0,-4.708186E1,-1.531094E2
1.906071E0,-4.577113E1,-1.499455E2
1.910242E0,-4.390297E1,-1.458744E2
1.914413E0,-4.142565E1,-1.403906E2
1.918583E0,-3.976284E1,-1.336265E2
1.922754E0,-3.728389E1,-1.262335E2
1.926925E0,-3.419330E1,-1.180578E2
1.931096E0,-3.042151E1,-1.078405E2
1.935267E0,-2.634270E1,-9.619913E1
1.939437E0,-2.208340E1,-8.264525E1
1.943608E0,-1.817342E1,-6.966035E1
1.947779E0,-1.323438E1,-5.461039E1
1.951950E0,-8.416970E0,-3.997906E1
1.956121E0,-2.376489E0,-2.325092E1
1.960292E0,5.218368E0,-2.348939E0
1.964463E0,1.136755E1,1.715230E1
1.968633E0,1.680798E1,3.715367E1
1.972804E0,2.153164E1,5.509389E1
1.976975E0,2.496041E1,7.357368E1
1.981146E0,2.876232E1,8.712068E1
1.985317E0,3.161335E1,9.955779E1
1.989487E0,3.430467E1,1.101795E2
1.993658E0,3.648056E1,1.197846E2
1.997829E0,3.846109E1,1.281762E2
2.002000E0,3.965287E1,1.354126E2
2.006171E0,4.030040E1,1.413707E2
2.010342E0,4.083965E1,1.459505E2
2.014512E0,4.095997E1,1.493067E2
2.018683E0,4.055096E1,1.518305E2
2.022854E0,3.966647E1,1.528537E2
2.027025E0,3.821156E1,1.529108E2
2.031196E0,3.712265E1,1.517030E2
2.035367E0,3.477102E1,1.491538E2
2.039538E0,3.242584E1,1.449437E2
2.043708E0,2.928224E1,1.394821E2
2.047879E0,2.605964E1,1.330230E2
2.052050E0,2.243794E1,1.246927E2
2.056221E0,1.850641E1,1.153172E2
2.060392E0,1.481469E1,1.054787E2
2.064563E0,1.051414E1,9.278987E1
2.068733E0,5.489119E0,7.811687E1
2.072904E0,1.021601E0,6.272073E1
2.077075E0,-3.094865E0,4.481621E1
2.081246E0,-8.443232E0,2.548786E1
2.085417E0,-1.178678E1,5.725306E0
2.089587E0,-1.485097E1,-1.356614E1
2.093758E0,-1.612601E1,-3.038234E1
2.097929E0,-1.613453E1,-4.701977E1
2.102100E0,-1.662215E1,-6.294261E1
2.106271E0,-1.594171E1,-7.633585E1
2.110442E0,-1.583106E1,-8.954808E1
2.114613E0,-1.538590E1,-1.011848E2
2.118783E0,-1.460385E1,-1.114479E2
2.122954E0,-1.400213E1,-1.203220E2
2.127125E0,-1.294891E1,-1.279781E2
2.131296E0,-1.152759E1,-1.345989E2
2.135467E0,-1.023763E1,-1.400337E2
2.139637E0,-9.028225E0,-1.441739E2
2.143808E0,-7.210590E0,-1.470558E2
2.147979E0,-5.314620E0,-1.486726E2
2.152150E0,-4.459571E0,-1.489166E2
2.156321E0,-3.049462E0,-1.481776E2
2.160492E0,-1.334364E0,-1.460732E2
2.164662E0,3.339878E-1,-1.426871E2
2.168833E0,1.191804E0,-1.379964E2
2.173004E0,2.280050E0,-1.320470E2
2.177175E0,3.483489E0,-1.250875E2
2.181346E0,5.050960E0,-1.176834E2
2.185517E0,5.383563E0,-1.079218E2
2.189687E0,6.903612E0,-9.772289E1
2.193858E0,7.777007E0,-8.572728E1
2.198029E0,8.657457E0,-7.184806E1
2.202200E0,8.793866E0,-5.722977E1
2.206371E0,8.817350E0,-4.259063E1
2.210542E0,9.079071E0,-2.565910E1
2.214713E0,8.798558E0,-7.111731E0
2.218883E0,7.469180E0,1.016193E1
2.223054E0,5.406150E0,3.125428E1
2.227225E0,3.022473E0,4.693951E1
2.231396E0,-3.999799E-1,6.534424E1
2.235567E0,-2.162282E0,7.977162E1
2.239738E0,-3.900263E0,9.162644E1
2.243908E0,-5.893188E0,1.021755E2
2.248079E0,-7.130764E0,1.123285E2
2.252250E0,-8.854800E0,1.208662E2
2.256421E0,-1.001928E1,1.273391E2
2.260592E0,-1.125273E1,1.329857E2
2.264762E0,-1.221571E1,1.376548E2
2.268933E0,-1.297842E1,1.406562E2
2.273104E0,-1.381426E1,1.422858E2
2.277275E0,-1.470473E1,1.424459E2
2.281446E0,-1.496423E1,1.414623E2
2.285617E0,-1.521025E1,1.392504E2
2.289788E0,-1.540047E1,1.353678E2
2.293958E0,-1.561535E1,1.302212E2
2.298129E0,-1.539346E1,1.238967E2
2.302300E0,-1.499477E1,1.162839E2
2.306471E0,-1.402876E1,1.075007E2
2.310642E0,-1.281436E1,9.569152E1
2.314812E0,-1.164192E1,8.431125E1
2.318983E0,-9.792133E0,7.052468E1
2.323154E0,-7.896754E0,5.615694E1
2.327325E0,-5.038348E0,3.730750E1
2.331496E0,-2.051721E0,1.850431E1
2.335667E0,9.414473E-1,-6.627386E-1
2.339838E0,3.880873E0,-1.803245E1
2.344008E0,7.193350E0,-3.400467E1
2.348179E0,1.060445E1,-4.851706E1
2.352350E0,1.353516E1,-6.070641E1
2.356521E0,1.565854E1,-7.340983E1
2.360692E0,1.821719E1,-8.596281E1
2.364863E0,2.015367E1,-9.473949E1
2.369033E0,2.169479E1,-1.032496E2
2.373204E0,2.273790E1,-1.108598E2
2.377375E0,2.357739E1,-1.169330E2
2.381546E0,2.392276E1,-1.227933E2
2.385717E0,2.413276E1,-1.270994E2
2.389887E0,2.386897E1,-1.299857E2
2.394058E0,2.305576E1,-1.320084E2
2.398229E0,2.236831E1,-1.325843E2
2.402400E0,2.130155E1,-1.322060E2
2.406571E0,1.938433E1,-1.302615E2
2.410742E0,1.756647E1,-1.270908E2
2.414912E0,1.586392E1,-1.229919E2
2.419083E0,1.351137E1,-1.170556E2
2.423254E0,1.179602E1,-1.107592E2
2.427425E0,1.102974E1,-1.034212E2
2.431596E0,7.987025E0,-9.441754E1
2.435767E0,5.335543E0,-8.313366E1
2.439938E0,2.873263E0,-7.112919E1
2.444108E0,6.304535E-2,-5.902676E1
2.448279E0,-2.637756E0,-4.495885E1
2.452450E0,-5.159176E0,-3.005655E1
2.456621E0,-6.589661E0,-1.492983E1
2.460792E0,-7.603635E0,5.492661E0
2.464962E0,-7.735819E0,2.408101E1
2.469133E0,-7.766685E0,4.105768E1
2.473304E0,-7.492500E0,5.550907E1
2.477475E0,-6.406591E0,6.858755E1
2.481646E0,-5.990502E0,8.267088E1
2.485817E0,-4.689169E0,9.182290E1
2.489988E0,-3.117889E0,1.010591E2
2.494158E0,-1.681780E0,1.083897E2
2.498329E0,3.346530E-1,1.140925E2
2.502500E0,2.242100E0,1.195710E2
2.506671E0,3.971918E0,1.232650E2
2.510842E0,5.712130E0,1.251941E2
2.515012E0,7.449071E0,1.261148E2
2.519183E0,8.952858E0,1.257906E2
2.523354E0,1.029345E1,1.243716E2
2.527525E0,1.140338E1,1.211172E2
2.531696E0,1.227604E1,1.169402E2
2.535867E0,1.313559E1,1.109755E2
2.540037E0,1.341673E1,1.045316E2
2.544208E0,1.334342E1,9.683371E1
2.548379E0,1.357703E1,8.691822E1
2.552550E0,1.357823E1,7.457847E1
2.556721E0,1.328535E1,6.175608E1
2.560892E0,1.307678E1,4.664316E1
2.565062E0,1.154060E1,3.062667E1
2.569233E0,9.596022E0,1.415644E1
2.573404E0,5.911736E0,-2.192476E0
2.577575E0,2.040586E0,-1.794180E1
2.581746E0,-1.905088E0,-3.352684E1
2.585917E0,-5.343897E0,-4.632334E1
2.590088E0,-8.187326E0,-5.690670E1
2.594258E0,-1.135046E1,-6.792065E1
2.598429E0,-1.445671E1,-7.817866E1
2.602600E0,-1.784378E1,-8.736634E1
2.606771E0,-2.064143E1,-9.499866E1
2.610942E0,-2.341752E1,-1.011170E2
2.615113E0,-2.625515E1,-1.063133E2
2.619283E0,-2.809486E1,-1.102339E2
2.623454E0,-2.887127E1,-1.128000E2
2.627625E0,-2.978764E1,-1.145197E2
2.631796E0,-3.074397E1,-1.148351E2
2.635967E0,-3.130298E1,-1.140275E2
2.640137E0,-3.077301E1,-1.114772E2
2.644308E0,-3.100093E1,-1.081643E2
2.648479E0,-2.976143E1,-1.036987E2
2.652650E0,-2.854543E1,-9.787600E1
2.656821E0,-2.732640E1,-9.075047E1
2.660992E0,-2.530683E1,-8.392102E1
2.665163E0,-2.305982E1,-7.490721E1
2.669333E0,-2.046413E1,-6.470213E1
2.673504E0,-1.741849E1,-5.323049E1
2.677675E0,-1.456658E1,-4.249635E1
2.681846E0,-9.929935E0,-2.767761E1
2.686017E0,-4.132622E0,-1.278999E1
2.690187E0,1.599074E0,1.855577E0
2.694358E0,8.095985E0,1.782499E1
2.698529E0,1.417411E1,3.114017E1
2.702700E0,2.014626E1,4.478089E1
2.706871E0,2.510581E1,5.650653E1
2.711042E0,2.952667E1,6.576183E1
2.715213E0,3.321946E1,7.353743E1
2.719383E0,3.660008E1,8.082850E1
2.723554E0,3.947475E1,8.755430E1
2.727725E0,4.133797E1,9.219615E1
2.731896E0,4.298376E1,9.609407E1
2.736067E0,4.398913E1,9.946345E1
2.740238E0,4.415898E1,1.009229E2
2.744408E0,4.393417E1,1.017691E2
2.748579E0,4.294165E1,1.015379E2
2.752750E0,4.146662E1,9.973349E1
2.756921E0,3.895451E1,9.744843E1
2.761092E0,3.650261E1,9.319654E1
2.765262E0,3.292858E1,8.800647E1
2.769433E0,2.929541E1,8.124899E1
2.773604E0,2.478264E1,7.345372E1
2.777775E0,2.006327E1,6.415840E1
2.781946E0,1.453286E1,5.290748E1
2.786117E0,9.167589E0,4.074175E1
2.790287E0,3.080293E0,2.786249E1
2.794458E0,-2.878483E0,1.351194E1
2.798629E0,-8.762740E0,-2.424782E0
2.802800E0,-1.280806E1,-1.631624E1
2.806971E0,-1.667647E1,-3.063494E1
2.811142E0,-1.887800E1,-4.277862E1
2.815313E0,-2.118355E1,-5.337865E1
2.819483E0,-2.293184E1,-6.418660E1
2.823654E0,-2.452680E1,-7.325780E1
2.827825E0,-2.570667E1,-8.124448E1
2.831996E0,-2.632442E1,-8.797070E1
2.836167E0,-2.677365E1,-9.382030E1
2.840337E0,-2.702470E1,-9.828329E1
2.844508E0,-2.679214E1,-1.011715E2
2.848679E0,-2.591512E1,-1.032359E2
2.852850E0,-2.492140E1,-1.042240E2
2.857021E0,-2.316662E1,-1.042151E2
2.861192E0,-2.104794E1,-1.028866E2
2.865363E0,-1.934176E1,-9.970314E1
2.869533E0,-1.765732E1,-9.616051E1
2.873704E0,-1.473519E1,-9.138130E1
2.877875E0,-1.247128E1,-8.506369E1
2.882046E0,-9.686038E0,-7.785642E1
2.886217E0,-7.162081E0,-6.997897E1
2.890387E0,-3.941085E0,-6.020554E1
2.894558E0,-1.249738E0,-4.936253E1
2.898729E0,1.878899E0,-3.764192E1
2.902900E0,5.026212E0,-2.470143E1
2.907071E0,7.037199E0,-1.107558E1
2.911242E0,8.372045E0,3.070901E0
2.915412E0,9.099964E0,1.994194E1
2.919583E0,9.890409E0,3.529226E1
2.923754E0,9.396545E0,4.630054E1
2.927925E0,8.894637E0,5.880615E1
2.932096E0,8.354939E0,6.908744E1
2.936267E0,7.872294E0,7.753651E1
2.940437E0,7.115296E0,8.432928E1
2.944608E0,5.880793E0,9.043366E1
2.948779E0,5.282224E0,9.499967E1
2.952950E0,3.893717E0,9.841022E1
2.957121E0,2.781177E0,1.003113E2
2.961292E0,1.759899E0,1.005450E2
2.965463E0,7.832843E-1,9.988320E1
2.969633E0,-5.867447E-1,9.756618E1
2.973804E0,-2.036582E0,9.410487E1
2.977975E0,-3.127646E0,8.946407E1
2.982146E0,-4.124565E0,8.369361E1
2.986317E0,-5.031944E0,7.660679E1
2.990487E0,-6.227054E0,6.831712E1
2.994658E0,-6.628999E0,5.852298E1
2.998829E0,-7.250084E0,4.709943E1
3.003000E0,-7.061201E0,3.350836E1
3.007171E0,-6.830502E0,1.893757E1
3.011342E0,-5.905757E0,5.204560E0
3.015512E0,-3.615694E0,-1.080389E1
3.019683E0,-1.100148E0,-2.500400E1
3.023854E0,1.333619E0,-3.777776E1
3.028025E0,3.885038E0,-4.844148E1
3.032196E0,7.059445E0,-5.854197E1
3.036367E0,9.783586E0,-6.718229E1
3.040538E0,1.241839E1,-7.465980E1
3.044708E0,1.435324E1,-8.072941E1
3.048879E0,1.641498E1,-8.598723E1
3.053050E0,1.787913E1,-9.027248E1
3.057221E0,1.924353E1,-9.252431E1
3.061392E0,1.962301E1,-9.459899E1
3.065562E0,1.939770E1,-9.546754E1
3.069733E0,1.908733E1,-9.515283E1
3.073904E0,1.837037E1,-9.340746E1
3.078075E0,1.700610E1,-9.118962E1
3.082246E0,1.541509E1,-8.710775E1
3.086417E0,1.340466E1,-8.193423E1
3.090588E0,1.118733E1,-7.564308E1
3.094758E0,8.694076E0,-6.788366E1
3.098929E0,6.233052E0,-5.950317E1
3.103100E0,3.787497E0,-4.987470E1
3.107271E0,1.810579E0,-3.894228E1
3.111442E0,-7.995445E-1,-2.643777E1
3.115613E0,-3.225965E0,-1.206294E1
3.119783E0,-4.439353E0,2.479406E0
3.123954E0,-5.508249E0,1.785195E1
3.128125E0,-5.960108E0,3.067099E1
3.132296E0,-6.561672E0,4.263945E1
3.136467E0,-6.894615E0,5.271785E1
3.140637E0,-6.593296E0,6.163081E1
3.144808E0,-6.282226E0,6.910727E1
3.148979E0,-5.607060E0,7.599584E1
3.153150E0,-4.768801E0,8.038069E1
3.157321E0,-3.793787E0,8.406356E1
3.161492E0,-2.881446E0,8.619523E1
3.165662E0,-1.496024E0,8.740319E1
3.169833E0,-5.204796E-1,8.654237E1
3.174004E0,5.337565E-1,8.447272E1
3.178175E0,1.589332E0,8.154380E1
3.182346E0,2.750998E0,7.669554E1
3.186517E0,3.508268E0,7.168545E1
3.190688E0,4.668635E0,6.417346E1
3.194858E0,4.691034E0,5.653300E1
3.199029E0,5.480893E0,4.639254E1
3.203200E0,6.073116E0,3.538988E1
3.207371E0,6.008108E0,2.282770E1
3.211542E0,5.450105E0,1.015907E1
3.215712E0,3.978750E0,-3.495897E0
3.219883E0,1.812207E0,-1.594172E1
3.224054E0,-7.411267E-1,-2.768128E1
3.228225E0,-9.333802E0,-4.473485E1
3.232396E0,-5.821178E0,-5.140999E1
3.236567E0,-7.806994E0,-5.972313E1
3.240738E0,-9.490654E0,-6.625180E1
3.244908E0,-1.086090E1,-7.215510E1
3.249079E0,-1.268824E1,-7.757045E1
3.253250E0,-1.434287E1,-8.171547E1
3.257421E0,-1.610150E1,-8.427662E1
3.261592E0,-1.702421E1,-8.561051E1
3.265763E0,-1.812539E1,-8.592587E1
3.269933E0,-1.851735E1,-8.504410E1
3.274104E0,-1.879141E1,-8.263718E1
3.278275E0,-1.921903E1,-7.925006E1
3.282446E0,-1.887500E1,-7.475785E1
3.286617E0,-1.873493E1,-6.910938E1
3.290787E0,-1.809065E1,-6.235007E1
3.294958E0,-1.613848E1,-5.426835E1
3.299129E0,-1.462884E1,-4.507907E1
3.303300E0,-1.179891E1,-3.428329E1
3.307471E0,-9.182336E0,-2.269805E1
3.311642E0,-5.285380E0,-1.093705E1
3.315812E0,4.910138E-1,1.696097E0
3.319983E0,5.047380E0,1.542214E1
3.324154E0,9.195373E0,2.550666E1
3.328325E0,1.409187E1,3.618300E1
3.332496E0,1.754138E1,4.326260E1
3.336667E0,2.103320E1,5.134352E1
3.340838E0,2.365788E1,5.604521E1
3.345008E0,2.591263E1,6.104099E1
3.349179E0,2.751363E1,6.447283E1
3.353350E0,2.897414E1,6.701025E1
3.357521E0,2.930678E1,6.818434E1
3.361692E0,2.913772E1,6.810509E1
3.365862E0,2.858355E1,6.689431E1
3.370033E0,2.705304E1,6.438662E1
3.374204E0,2.524760E1,6.089610E1
3.378375E0,2.272299E1,5.650612E1
3.382546E0,1.992854E1,5.108679E1
3.386717E0,1.612669E1,4.439722E1
3.390888E0,1.166344E1,3.567404E1
3.395058E0,6.838109E0,2.743912E1
3.399229E0,1.953618E0,1.810472E1
3.403400E0,-3.341548E0,5.975024E0
3.407571E0,-7.551458E0,-5.324644E0
3.411742E0,-1.175198E1,-1.775188E1
3.415913E0,-1.479016E1,-2.851640E1
3.420083E0,-1.585509E1,-3.649238E1
3.424254E0,-1.841478E1,-4.615664E1
3.428425E0,-1.912316E1,-5.203477E1
3.432596E0,-1.990482E1,-5.916605E1
3.436767E0,-2.064783E1,-6.435656E1
3.440937E0,-2.105180E1,-6.869070E1
3.445108E0,-2.038424E1,-7.154183E1
3.449279E0,-1.946984E1,-7.306139E1
3.453450E0,-1.848962E1,-7.371392E1
3.457621E0,-1.707477E1,-7.257085E1
3.461792E0,-1.531614E1,-7.087766E1
3.465963E0,-1.357177E1,-6.751906E1
3.470133E0,-1.152724E1,-6.320064E1
3.474304E0,-9.482520E0,-5.768517E1
3.478475E0,-7.052571E0,-5.123204E1
3.482646E0,-4.865558E0,-4.302263E1
3.486817E0,-2.912938E0,-3.463063E1
3.490988E0,-4.864900E-1,-2.498984E1
3.495158E0,2.166283E0,-1.383200E1
3.499329E0,4.273670E0,-7.889199E-1
3.503500E0,5.275455E0,1.133244E1
3.507671E0,5.692275E0,2.149758E1
3.511842E0,5.723471E0,3.079795E1
3.516013E0,5.853498E0,3.931041E1
3.520183E0,5.713773E0,4.734848E1
3.524354E0,5.456349E0,5.338778E1
3.528525E0,5.135849E0,5.778899E1
3.532696E0,4.575300E0,6.133281E1
3.536867E0,3.924108E0,6.320542E1
3.541037E0,3.103241E0,6.377990E1
3.545208E0,2.595577E0,6.314956E1
3.549379E0,1.854629E0,6.107428E1
3.553550E0,1.213214E0,5.812798E1
3.557721E0,1.250140E-1,5.336239E1
3.561892E0,-7.404096E-1,4.816446E1
3.566063E0,-1.418631E0,4.128425E1
3.570233E0,-2.051118E0,3.175657E1
3.574404E0,-2.676221E0,2.347499E1
3.578575E0,-2.812141E0,1.239075E1
3.582746E0,-2.603300E0,1.407782E0
3.586917E0,-1.733752E0,-1.114032E1
3.591087E0,-6.522080E-1,-2.121269E1
3.595258E0,1.569722E-1,-3.072418E1
3.599429E0,1.108386E0,-3.890739E1
3.603600E0,2.300414E0,-4.598010E1
3.607771E0,3.647855E0,-5.164598E1
3.611942E0,4.259962E0,-5.640201E1
3.616113E0,4.634892E0,-6.040196E1
3.620283E0,5.013306E0,-6.270337E1
3.624454E0,5.363596E0,-6.417415E1
3.628625E0,4.944566E0,-6.368845E1
3.632796E0,4.389414E0,-6.325030E1
3.636967E0,3.862069E0,-6.061493E1
3.641138E0,2.831958E0,-5.721286E1
3.645308E0,1.968779E0,-5.330423E1
3.649479E0,3.675999E-1,-4.743487E1
3.653650E0,-1.069886E0,-4.073146E1
3.657821E0,-2.589540E0,-3.271189E1
3.661992E0,-3.762362E0,-2.365251E1
3.666162E0,-4.660689E0,-1.323744E1
3.670333E0,-5.672821E0,-2.394561E0
3.674504E0,-5.061976E0,9.268167E0
3.678675E0,-3.972569E0,1.878765E1
3.682846E0,-2.977525E0,2.626147E1
3.687017E0,-1.345425E0,3.393151E1
3.691187E0,-2.048863E-1,4.007170E1
3.695358E0,1.436558E0,4.468390E1
3.699529E0,2.750117E0,4.850654E1
3.703700E0,4.125007E0,5.107012E1
3.707871E0,5.896183E0,5.153201E1
3.712042E0,7.183801E0,5.125313E1
3.716213E0,8.692561E0,4.947885E1
3.720383E0,9.786500E0,4.645669E1
3.724554E0,1.069619E1,4.197016E1
3.728725E0,1.102105E1,3.685043E1
3.732896E0,1.094527E1,2.880050E1
3.737067E0,1.009481E1,2.185406E1
3.741237E0,8.359750E0,1.351783E1
3.745408E0,6.084519E0,4.062971E0
3.749579E0,3.121072E0,-5.049965E0
3.753750E0,1.043951E-1,-1.321561E1
3.757921E0,-4.174053E0,-2.240082E1
3.762092E0,-8.160315E0,-3.051095E1
3.766263E0,-1.189401E1,-3.659816E1
3.770433E0,-1.478792E1,-4.224129E1
3.774604E0,-1.795959E1,-4.559087E1
3.778775E0,-1.998584E1,-4.765978E1
3.782946E0,-2.170198E1,-4.970477E1
3.787117E0,-2.312456E1,-5.060027E1
3.791287E0,-2.416531E1,-5.034299E1
3.795458E0,-2.389990E1,-4.869028E1
3.799629E0,-2.308563E1,-4.655337E1
3.803800E0,-2.178599E1,-4.358396E1
3.807971E0,-1.893787E1,-3.896349E1
3.812142E0,-1.595799E1,-3.394026E1
3.816312E0,-1.188830E1,-2.730328E1
3.820483E0,-7.000757E0,-1.974114E1
3.824654E0,-1.616055E0,-1.282148E1
3.828825E0,4.200345E0,-2.908601E0
3.832996E0,8.977890E0,4.840800E0
3.837167E0,1.246101E1,1.122603E1
3.841338E0,1.550611E1,1.724697E1
3.845508E0,1.832249E1,2.369986E1
3.849679E0,2.004099E1,2.822170E1
3.853850E0,2.169823E1,3.151690E1
3.858021E0,2.227573E1,3.304971E1
3.862192E0,2.211437E1,3.415240E1
3.866363E0,2.120101E1,3.396792E1
3.870533E0,2.001829E1,3.351613E1
3.874704E0,1.804630E1,3.090312E1
3.878875E0,1.502085E1,2.756148E1
3.883046E0,1.193139E1,2.378518E1
3.887217E0,7.969674E0,1.906548E1
3.891388E0,3.923516E0,1.346775E1
3.895558E0,-1.747583E0,5.360153E0
3.899729E0,-6.175213E0,-1.453381E0
3.903900E0,-1.019280E1,-9.491326E0
3.908071E0,-1.362714E1,-1.808709E1
3.912242E0,-1.682335E1,-2.496063E1
3.916412E0,-1.861785E1,-3.068993E1
3.920583E0,-1.998164E1,-3.548360E1
3.924754E0,-2.095602E1,-3.946484E1
3.928925E0,-2.077118E1,-4.202907E1
3.933096E0,-2.078622E1,-4.372401E1
3.937267E0,-2.048110E1,-4.480381E1
3.941438E0,-1.928270E1,-4.366380E1
3.945608E0,-1.725153E1,-4.239029E1
3.949779E0,-1.558344E1,-4.066326E1
3.953950E0,-1.260115E1,-3.699376E1
3.958121E0,-1.005061E1,-3.268490E1
3.962292E0,-5.098814E0,-2.584231E1
3.966463E0,-2.637938E0,-2.071902E1
3.970633E0,7.705324E-1,-1.248818E1
3.974804E0,3.054422E0,-5.028222E0
3.978975E0,5.086857E0,4.057518E0
3.983146E0,5.611551E0,1.075952E1
3.987317E0,6.148800E0,1.854808E1
3.991488E0,5.823226E0,2.343536E1
3.995658E0,5.259324E0,2.714827E1
3.999829E0,4.202996E0,3.022046E1
4.004000E0,3.039935E0,3.199231E1
4.008171E0,1.694058E0,3.232515E1
4.012342E0,7.683133E-1,3.193668E1
4.016513E0,-8.454524E-1,3.021106E1
4.020683E0,-2.739610E0,2.665611E1
4.024854E0,-4.051482E0,2.308178E1
4.029025E0,-5.471382E0,1.721642E1
4.033196E0,-6.222637E0,1.131077E1
4.037367E0,-6.969852E0,3.140393E0
4.041537E0,-6.682798E0,-4.896923E0
4.045708E0,-6.048381E0,-1.280271E1
4.049879E0,-4.731443E0,-2.124740E1
4.054050E0,-3.646358E0,-2.712941E1
4.058221E0,-2.832733E0,-3.260512E1
4.062392E0,-1.584241E0,-3.679223E1
4.066562E0,-8.113668E-1,-3.961263E1
4.070733E0,4.604033E-1,-4.111043E1
4.074904E0,6.078184E-1,-4.172309E1
4.079075E0,1.203919E0,-4.118930E1
4.083246E0,9.879038E-1,-3.966119E1
4.087417E0,4.917522E-1,-3.709089E1
4.091588E0,-6.086519E-1,-3.356048E1
4.095758E0,-1.245479E0,-2.783933E1
4.099929E0,-2.680710E0,-2.293937E1
4.104100E0,-4.742538E0,-1.532988E1
4.108271E0,-6.175444E0,-8.139420E0
4.112442E0,-7.402154E0,-3.390328E-1
4.116613E0,-8.066724E0,6.934473E0
4.120783E0,-8.239995E0,1.331608E1
4.124954E0,-7.934108E0,1.902667E1
4.129125E0,-7.469844E0,2.304744E1
4.133296E0,-6.781108E0,2.539582E1
4.137467E0,-5.636340E0,2.739811E1
4.141637E0,-4.449273E0,2.806854E1
4.145808E0,-3.239571E0,2.772743E1
4.149979E0,-1.426837E0,2.649433E1
4.154150E0,5.933913E-1,2.334245E1
4.158321E0,2.418303E0,1.927532E1
4.162492E0,4.107117E0,1.370662E1
4.166663E0,6.099144E0,7.142767E0
4.170833E0,7.067897E0,-7.824530E-1
4.175004E0,6.957659E0,-8.148994E0
4.179175E0,6.196804E0,-1.389705E1
4.183346E0,5.393465E0,-1.997092E1
4.187517E0,3.793986E0,-2.462619E1
4.191687E0,2.787526E0,-2.821941E1
4.195858E0,9.851548E-1,-3.020562E1
4.200029E0,-5.336892E-1,-3.160275E1
4.204200E0,-2.156047E0,-3.215958E1
4.208371E0,-3.807296E0,-3.108320E1
4.212542E0,-5.670812E0,-2.889446E1
4.216712E0,-7.577876E0,-2.580473E1
4.220883E0,-8.949425E0,-2.248915E1
4.225054E0,-9.599546E0,-1.798577E1
4.229225E0,-9.796383E0,-1.243111E1
4.233396E0,-8.341046E0,-6.957112E0
4.237567E0,-6.148737E0,-1.106378E0
4.241738E0,-3.159739E0,5.080123E0
4.245908E0,-7.566114E-2,8.692897E0
4.250079E0,3.357862E0,1.118142E1
4.254250E0,6.669041E0,1.330044E1
4.258421E0,9.610484E0,1.407059E1
4.262592E0,1.221355E1,1.363154E1
4.266762E0,1.426470E1,1.274765E1
4.270933E0,1.552852E1,1.002627E1
4.275104E0,1.593033E1,7.010934E0
4.279275E0,1.517505E1,3.328099E0
4.283446E0,1.392647E1,-1.123041E0
4.287617E0,1.130386E1,-5.812970E0
4.291788E0,7.636044E0,-9.956844E0
4.295958E0,3.086442E0,-1.301047E1
4.300129E0,-1.382202E0,-1.586901E1
4.304300E0,-6.082110E0,-1.755601E1
4.308471E0,-9.761392E0,-1.905018E1
4.312642E0,-1.274690E1,-1.866775E1
4.316813E0,-1.505418E1,-1.827914E1
4.320983E0,-1.640228E1,-1.673480E1
4.325154E0,-1.713926E1,-1.472133E1
4.329325E0,-1.651249E1,-1.242948E1
4.333496E0,-1.494537E1,-9.511702E0
4.337667E0,-1.249168E1,-6.762564E0
4.341837E0,-8.670235E0,-3.723710E0
4.346008E0,-4.446173E0,-1.359467E0
4.350179E0,1.218010E0,1.148671E0
4.354350E0,6.894952E0,2.360706E0
4.358521E0,1.218537E1,2.240074E0
4.362692E0,1.602069E1,1.697981E0
4.366862E0,1.882587E1,1.529284E0
4.371033E0,2.078267E1,2.589170E-1
4.375204E0,2.150160E1,-1.050878E0
4.379375E0,2.104400E1,-2.228402E0
4.383546E0,1.953202E1,-3.733483E0
4.387717E0,1.683430E1,-5.112760E0
4.391888E0,1.301987E1,-6.262723E0
4.396058E0,8.596495E0,-6.975070E0
4.400229E0,3.064809E0,-6.888483E0
4.404400E0,-2.946681E0,-7.762541E0
4.408571E0,-7.998454E0,-7.515515E0
4.412742E0,-1.201997E1,-7.152947E0
4.416913E0,-1.525479E1,-6.817790E0
4.421083E0,-1.700437E1,-6.645745E0
4.425254E0,-1.790423E1,-5.976707E0
4.429425E0,-1.768742E1,-5.675674E0
4.433596E0,-1.676795E1,-5.432456E0
4.437767E0,-1.436154E1,-5.288369E0
4.441937E0,-1.061972E1,-5.392889E0
4.446108E0,-6.497048E0,-5.469493E0
4.450279E0,-1.045791E0,-5.694114E0
4.454450E0,4.796599E0,-6.170747E0
4.458621E0,1.037877E1,-6.799585E0
4.462792E0,1.434902E1,-6.789097E0
4.466962E0,1.727488E1,-6.516491E0
4.471133E0,1.913104E1,-6.443543E0
4.475304E0,2.017125E1,-6.244251E0
4.479475E0,1.983194E1,-5.870685E0
4.483646E0,1.830754E1,-5.197462E0
4.487817E0,1.594539E1,-5.195450E0
4.491988E0,1.275479E1,-4.598872E0
4.496158E0,8.104356E0,-4.051429E0
4.500329E0,2.616410E0,-3.193217E0
4.504500E0,-2.734474E0,-3.544385E0
4.508671E0,-7.194047E0,-3.976300E0
4.512842E0,-1.080180E1,-5.326327E0
4.517012E0,-1.363976E1,-6.210422E0
4.521183E0,-1.546896E1,-7.353368E0
4.525354E0,-1.579088E1,-8.924739E0
4.529525E0,-1.545973E1,-9.446623E0
4.533696E0,-1.354526E1,-1.109715E1
4.537867E0,-1.136758E1,-1.118124E1
4.542038E0,-7.488355E0,-1.120217E1
4.546208E0,-2.829051E0,-1.087888E1
4.550379E0,2.010203E0,-1.017963E1
4.554550E0,6.875041E0,-8.584203E0
4.558721E0,1.079135E1,-6.257847E0
4.562892E0,1.347534E1,-4.056772E0
4.567062E0,1.495182E1,-2.157012E0
4.571233E0,1.577239E1,2.334418E-2
4.575404E0,1.518529E1,1.858551E0
4.579575E0,1.418031E1,2.947030E0
4.583746E0,1.151143E1,3.277685E0
4.587917E0,8.493371E0,2.985126E0
4.592087E0,4.478309E0,2.102892E0
4.596258E0,3.951489E-1,-6.720141E-2
4.600429E0,-3.431029E0,-2.752579E0
4.604600E0,-6.500664E0,-5.968976E0
4.608771E0,-8.235579E0,-9.657515E0
4.612942E0,-9.108038E0,-1.313285E1
4.617113E0,-9.216147E0,-1.513452E1
4.621283E0,-8.143776E0,-1.704440E1
4.625454E0,-6.672591E0,-1.824464E1
4.629625E0,-4.835084E0,-1.807589E1
4.633796E0,-2.111218E0,-1.763075E1
4.637967E0,4.970312E-1,-1.595273E1
4.642137E0,3.018468E0,-1.318157E1
4.646308E0,5.163428E0,-9.386091E0
4.650479E0,6.400158E0,-5.543598E0
4.654650E0,7.115211E0,-1.687643E0
4.658821E0,6.886473E0,2.123378E0
4.662992E0,5.978540E0,5.591286E0
4.667163E0,4.693833E0,7.270949E0
4.671333E0,2.955367E0,8.394085E0
4.675504E0,1.702356E0,8.172318E0
4.679675E0,3.574616E-1,6.716250E0
4.683846E0,-4.661544E-1,4.353973E0
4.688017E0,-1.229605E0,1.210147E0
4.692188E0,-1.264419E0,-2.686069E0
4.696358E0,-2.545814E-1,-8.005103E0
4.700529E0,5.626214E-1,-1.202067E1
4.704700E0,1.393883E0,-1.500729E1
4.708871E0,1.972501E0,-1.758317E1
4.713042E0,2.734875E0,-1.937437E1
4.717212E0,3.337194E0,-2.008419E1
4.721383E0,3.242526E0,-1.945774E1
4.725554E0,2.928632E0,-1.788508E1
4.729725E0,2.697804E0,-1.561921E1
4.733896E0,1.724483E0,-1.210638E1
4.738067E0,1.119363E0,-9.135790E0
4.742237E0,-1.005146E-1,-3.851651E0
4.746408E0,-4.821779E-1,3.554026E-2
4.750579E0,-7.104053E-1,3.618958E0
4.754750E0,-4.179962E-1,5.213015E0
4.758921E0,1.231967E-1,6.346724E0
4.763092E0,1.629914E0,6.343394E0
4.767263E0,2.770927E0,4.784580E0
4.771433E0,4.011889E0,3.111521E0
4.775604E0,5.474289E0,-3.863296E-1
4.779775E0,5.636745E0,-4.015195E0
4.783946E0,5.370862E0,-8.081437E0
4.788117E0,3.870378E0,-1.099104E1
4.792288E0,2.525780E0,-1.362215E1
4.796458E0,7.339109E-1,-1.518468E1
4.800629E0,-9.991449E-1,-1.614669E1
4.804800E0,-2.893699E0,-1.601588E1
4.808971E0,-4.291277E0,-1.492177E1
4.813142E0,-4.782638E0,-1.358388E1
4.817312E0,-4.941220E0,-1.134788E1
4.821483E0,-3.931043E0,-8.241695E0
4.825654E0,-2.082456E0,-5.315834E0
4.829825E0,4.082860E-1,-2.226665E0
4.833996E0,2.941664E0,1.574160E-1
4.838167E0,5.792744E0,1.193210E0
4.842337E0,8.188012E0,1.604377E0
4.846508E0,9.839264E0,1.041027E0
4.850679E0,1.040085E1,6.187991E-1
4.854850E0,1.039445E1,-1.145728E0
4.859021E0,9.093827E0,-2.683636E0
4.863192E0,6.965316E0,-4.559317E0
4.867363E0,4.196068E0,-6.447062E0
4.871533E0,5.824514E-1,-8.133788E0
4.875704E0,-2.884497E0,-8.954169E0
4.879875E0,-5.608864E0,-9.638213E0
4.884046E0,-7.225998E0,-1.013879E1
4.888217E0,-8.232212E0,-1.056764E1
4.892387E0,-7.679647E0,-1.055895E1
4.896558E0,-6.315195E0,-1.046534E1
4.900729E0,-4.393261E0,-9.119242E0
4.904900E0,-1.774336E0,-8.145693E0
4.909071E0,2.048485E0,-6.908995E0
4.913242E0,5.231183E0,-5.015423E0
4.917413E0,7.763178E0,-3.520349E0
4.921583E0,9.072167E0,-2.412032E0
4.925754E0,9.885928E0,-1.126839E0
4.929925E0,9.649718E0,-4.667408E-1
4.934096E0,8.462056E0,-2.515169E-1
4.938267E0,6.007314E0,-1.831078E-1
4.942437E0,3.517351E0,-1.109126E0
4.946608E0,7.811986E-1,-2.934368E0
4.950779E0,-1.618307E0,-5.264965E0
4.954950E0,-3.046765E0,-7.914082E0
4.959121E0,-4.007102E0,-1.052163E1
4.963292E0,-3.881098E0,-1.264538E1
4.967462E0,-3.366991E0,-1.376927E1
4.971633E0,-2.235769E0,-1.486463E1
4.975804E0,-1.702559E-1,-1.407360E1
4.979975E0,7.854976E-1,-1.248910E1
4.984146E0,2.576062E0,-1.026260E1
4.988317E0,3.549502E0,-7.299692E0
4.992488E0,3.927241E0,-3.888421E0
4.996658E0,4.053150E0,-1.066040E0
5.000829E0,3.932460E0,9.818001E-1
5.005000E0,3.543620E0,2.235817E0
5.009171E0,3.300894E0,2.656375E0
5.013342E0,2.947639E0,1.635968E0
5.017512E0,2.716655E0,-1.933953E-1
5.021683E0,2.842257E0,-2.410678E0
5.025854E0,2.972045E0,-5.530502E0
5.030025E0,2.655578E0,-9.062308E0
5.034196E0,1.847084E0,-1.152006E1
5.038367E0,9.217374E-1,-1.335533E1
5.042538E0,-2.502669E-2,-1.387219E1
5.046708E0,-8.266702E-1,-1.378489E1
5.050879E0,-1.045017E0,-1.311464E1
5.055050E0,-1.379983E0,-1.138333E1
5.059221E0,-1.089528E0,-9.126309E0
5.063392E0,-1.681743E-2,-6.473175E0
5.067563E0,1.443257E0,-3.755102E0
5.071733E0,3.185254E0,-2.018618E0
5.075904E0,4.972375E0,-6.635097E-1
5.080075E0,6.272018E0,-4.061907E-1
5.084246E0,7.156214E0,-1.258669E0
5.088417E0,7.064988E0,-1.330144E0
5.092587E0,6.405498E0,-3.029338E0
5.096758E0,5.068395E0,-4.599852E0
5.100929E0,2.762140E0,-6.368351E0
5.105100E0,1.051740E-1,-7.788879E0
5.109271E0,-1.498492E0,-9.432854E0
5.113442E0,-3.198226E0,-1.035156E1
5.117612E0,-3.562166E0,-1.119857E1
5.121783E0,-3.665776E0,-1.071708E1
5.125954E0,-2.583527E0,-1.019568E1
5.130125E0,-1.082197E0,-9.181577E0
5.134296E0,1.231712E0,-7.981989E0
5.138467E0,3.163497E0,-6.131942E0
5.142638E0,5.138126E0,-4.241584E0
5.146808E0,6.126345E0,-2.342962E0
5.150979E0,6.331695E0,-1.458385E0
5.155150E0,6.000626E0,-9.033871E-1
5.159321E0,5.139364E0,-7.812706E-1
5.163492E0,3.741651E0,-2.050404E0
5.167663E0,2.798208E0,-3.646214E0
5.171833E0,1.398050E0,-5.235293E0
5.176004E0,3.363688E-1,-7.386293E0
5.180175E0,1.857990E-1,-1.034119E1
5.184346E0,-4.307723E-1,-1.212418E1
5.188517E0,-2.275429E-1,-1.275077E1
5.192687E0,-5.882594E-2,-1.241544E1
5.196858E0,1.455124E-1,-1.157343E1
5.201029E0,8.860198E-1,-1.009906E1
5.205200E0,1.590802E0,-7.658449E0
5.209371E0,2.090423E0,-5.298286E0
5.213542E0,2.865040E0,-3.038764E0
5.217712E0,3.543436E0,-1.512102E0
5.221883E0,4.363055E0,-1.319423E0
5.226054E0,4.873046E0,-1.272255E0
5.230225E0,4.984351E0,-1.535794E0
5.234396E0,4.628869E0,-3.185639E0
5.238567E0,3.738746E0,-5.296479E0
5.242738E0,2.663512E0,-6.966677E0
5.246908E0,9.556754E-1,-8.586621E0
5.251079E0,-4.102221E-1,-9.854260E0
5.255250E0,-1.562164E0,-1.032183E1
5.259421E0,-2.004551E0,-1.008833E1
5.263592E0,-1.918535E0,-9.937376E0
5.267762E0,-8.606519E-1,-8.351499E0
5.271933E0,8.684708E-1,-8.036103E0
5.276104E0,2.270156E0,-5.960009E0
5.280275E0,3.872634E0,-4.474390E0
5.284446E0,4.922925E0,-3.322445E0
5.288617E0,5.306782E0,-2.284620E0
5.292788E0,5.328095E0,-2.011500E0
5.296958E0,4.573251E0,-1.722076E0
5.301129E0,3.413678E0,-2.777084E0
5.305300E0,2.104854E0,-3.934028E0
5.309471E0,1.112654E0,-5.678791E0
5.313642E0,3.470994E-1,-7.679227E0
5.317812E0,-2.087384E-1,-9.200223E0
5.321983E0,-5.574498E-1,-1.024897E1
5.326154E0,-4.939858E-1,-1.039466E1
5.330325E0,-1.631993E-1,-1.015218E1
5.334496E0,2.635705E-1,-9.187156E0
5.338667E0,1.048381E0,-7.054594E0
5.342837E0,1.702224E0,-5.066317E0
5.347008E0,2.775292E0,-3.505002E0
5.351179E0,3.538360E0,-2.769414E0
5.355350E0,3.905550E0,-2.492666E0
5.359521E0,4.287279E0,-2.571873E0
5.363692E0,3.881028E0,-3.225142E0
5.367863E0,3.608811E0,-4.380863E0
5.372033E0,2.678400E0,-5.865950E0
5.376204E0,1.524377E0,-7.263222E0
5.380375E0,2.191136E-1,-7.984080E0
5.384546E0,-6.568536E-1,-9.002731E0
5.388717E0,-9.671760E-1,-9.531905E0
5.392887E0,-8.509265E-1,-9.725584E0
5.397058E0,-4.548332E-1,-9.027279E0
5.401229E0,3.165901E-1,-7.694641E0
5.405400E0,1.557325E0,-6.711324E0
5.409571E0,2.920449E0,-5.313012E0
5.413742E0,3.601013E0,-4.121244E0
5.417913E0,3.643783E0,-3.007719E0
5.422083E0,3.687643E0,-2.726648E0
5.426254E0,3.244510E0,-2.928637E0
5.430425E0,2.938649E0,-3.675243E0
5.434596E0,1.876758E0,-4.913194E0
5.438767E0,1.131793E0,-6.160161E0
5.442938E0,3.454653E-1,-7.695270E0
5.447108E0,-2.541392E-1,-8.525140E0
5.451279E0,-3.744021E-1,-9.093985E0
5.455450E0,-3.536407E-1,-9.182549E0
5.459621E0,-2.062440E-1,-8.420612E0
5.463792E0,2.831238E-1,-7.202823E0
5.467962E0,1.060943E0,-5.986749E0
5.472133E0,2.346629E0,-4.635154E0
5.476304E0,2.506381E0,-3.775396E0
5.480475E0,3.004346E0,-3.384017E0
5.484646E0,3.438682E0,-3.479817E0
5.488817E0,3.070634E0,-3.736083E0
5.492987E0,2.593904E0,-3.986268E0
5.497158E0,1.730006E0,-5.312950E0
5.501329E0,8.513068E-1,-6.302446E0
5.505500E0,-4.336476E-2,-7.157016E0
5.509671E0,-4.736208E-1,-7.933904E0
5.513842E0,-3.452342E-1,-8.519268E0
5.518013E0,-6.489669E-1,-8.090663E0
5.522183E0,2.068637E-2,-7.539277E0
5.526354E0,7.434779E-1,-6.722182E0
5.530525E0,1.734924E0,-5.907075E0
5.534696E0,2.227896E0,-4.985114E0
5.538867E0,2.772702E0,-4.118256E0
5.543038E0,3.062211E0,-3.504951E0
5.547208E0,3.068179E0,-3.512354E0
5.551379E0,2.936994E0,-4.336771E0
5.555550E0,2.332209E0,-5.225861E0
5.559721E0,1.502120E0,-6.277963E0
5.563892E0,8.831233E-1,-6.775944E0
5.568062E0,3.456551E-1,-7.546106E0
5.572233E0,2.287614E-2,-8.011324E0
5.576404E0,7.632584E-2,-7.799412E0
5.580575E0,3.883932E-1,-7.372925E0
5.584746E0,9.110435E-1,-6.843231E0
5.588917E0,1.506429E0,-5.705107E0
5.593087E0,2.275995E0,-5.379588E0
5.597258E0,2.771937E0,-4.957137E0
5.601429E0,3.002254E0,-4.774863E0
5.605600E0,2.802771E0,-4.504371E0
5.609771E0,2.583015E0,-4.917639E0
5.613942E0,2.184158E0,-5.448202E0
5.618113E0,1.492059E0,-6.339126E0
5.622283E0,1.007821E0,-7.348236E0
5.626454E0,4.642195E-1,-7.956492E0
5.630625E0,3.927481E-1,-8.209069E0
5.634796E0,2.751676E-1,-7.544258E0
5.638967E0,7.381689E-1,-7.603880E0
5.643137E0,1.226754E0,-6.711024E0
5.647308E0,1.994245E0,-5.916297E0
5.651479E0,2.648474E0,-5.617706E0
5.655650E0,2.811299E0,-5.366481E0
5.659821E0,2.720941E0,-5.148212E0
5.663992E0,2.619739E0,-5.356478E0
5.668163E0,2.143208E0,-5.656239E0
5.672333E0,1.889979E0,-6.360310E0
5.676504E0,1.419421E0,-7.357513E0
5.680675E0,8.812314E-1,-7.811088E0
5.684846E0,6.012961E-1,-7.724668E0
5.689017E0,6.872117E-1,-7.734024E0
5.693187E0,1.016148E0,-7.784128E0
5.697358E0,1.221083E0,-7.255228E0
5.701529E0,1.614615E0,-6.419707E0
5.705700E0,2.005420E0,-6.148590E0
5.709871E0,2.455814E0,-5.755572E0
5.714042E0,2.560808E0,-5.843225E0
5.718212E0,2.327351E0,-5.981119E0
5.722383E0,2.131984E0,-5.958656E0
5.726554E0,1.761000E0,-6.443997E0
5.730725E0,1.472751E0,-7.088965E0
5.734896E0,1.263941E0,-7.452691E0
5.739067E0,1.050910E0,-7.933410E0
5.743238E0,9.533200E-1,-7.543299E0
5.747408E0,1.439071E0,-7.418124E0
5.751579E0,1.510188E0,-7.059208E0
5.755750E0,1.782487E0,-6.568681E0
5.759921E0,2.180468E0,-6.362137E0
5.764092E0,2.232538E0,-6.133919E0
5.768262E0,2.194309E0,-6.023169E0
5.772433E0,2.277591E0,-6.077850E0
5.776604E0,1.603351E0,-6.121866E0
5.780775E0,1.467227E0,-6.708529E0
5.784946E0,1.197354E0,-7.127061E0
5.789117E0,1.120497E0,-7.347930E0
5.793287E0,1.236274E0,-7.566600E0
5.797458E0,1.378227E0,-7.340035E0
5.801629E0,1.289881E0,-7.108663E0
5.805800E0,1.559594E0,-6.591356E0
5.809971E0,1.562567E0,-6.152154E0
5.814142E0,1.892062E0,-6.105709E0
5.818313E0,2.001020E0,-5.949881E0
5.822483E0,1.861215E0,-5.997710E0
5.826654E0,1.838566E0,-6.000470E0
5.830825E0,1.345785E0,-6.059864E0
5.834996E0,1.351209E0,-6.665131E0
5.839167E0,1.081869E0,-6.569755E0
5.843337E0,1.082592E0,-6.723852E0
5.847508E0,1.049745E0,-6.769308E0
5.851679E0,1.257586E0,-6.534329E0
5.855850E0,1.708085E0,-6.724535E0
5.860021E0,2.261151E0,-6.408235E0
5.864192E0,1.813953E0,-6.301107E0
5.868362E0,2.223441E0,-5.978915E0
5.872533E0,2.022293E0,-5.911660E0
5.876704E0,1.911325E0,-6.098099E0
5.880875E0,1.586579E0,-6.030976E0
5.885046E0,1.367978E0,-6.318368E0
5.889217E0,1.314355E0,-6.243340E0
5.893388E0,1.170814E0,-6.157553E0
5.897558E0,1.225746E0,-6.129795E0
5.901729E0,1.514437E0,-6.077690E0
5.905900E0,1.417580E0,-5.817809E0
5.910071E0,1.509488E0,-5.640443E0
5.914242E0,1.710464E0,-5.662644E0
5.918413E0,1.837089E0,-5.826752E0
5.922583E0,2.001075E0,-5.679374E0
5.926754E0,1.612214E0,-5.621822E0
5.930925E0,1.513116E0,-5.975610E0
5.935096E0,1.267321E0,-5.975729E0
5.939267E0,1.276744E0,-6.262723E0
5.943437E0,1.130310E0,-5.951309E0
5.947608E0,1.165164E0,-6.127383E0
5.951779E0,1.251291E0,-5.748434E0
5.955950E0,1.336005E0,-5.668451E0
5.960121E0,1.465163E0,-5.637809E0
5.964292E0,1.479508E0,-5.613164E0
5.968462E0,1.429990E0,-5.613531E0
5.972633E0,1.277702E0,-5.771472E0
5.976804E0,1.343123E0,-5.941087E0
5.980975E0,1.127819E0,-5.797109E0
5.985146E0,1.154635E0,-5.835224E0
5.989317E0,1.279871E0,-6.297386E0
5.993488E0,1.231279E0,-5.951193E0
5.997658E0,1.120449E0,-5.986641E0
6.001829E0,1.225787E0,-5.910166E0
6.006000E0,1.229041E0,-5.697145E0
6.010171E0,1.147647E0,-5.730582E0
6.014342E0,1.190941E0,-5.710683E0
6.018512E0,1.297807E0,-5.580186E0
6.022683E0,1.217340E0,-5.881077E0
6.026854E0,1.128188E0,-5.656221E0
6.031025E0,1.050960E0,-6.092591E0
6.035196E0,1.169554E0,-6.173112E0
6.039367E0,1.064176E0,-5.838536E0
6.043538E0,1.018093E0,-5.830036E0
6.047708E0,1.195277E0,-6.029140E0
6.051879E0,1.251970E0,-5.713529E0
6.056050E0,1.201723E0,-5.722602E0
6.060221E0,1.235352E0,-5.794771E0
6.064392E0,1.236259E0,-5.693147E0
6.068562E0,1.237214E0,-5.475629E0
6.072733E0,1.194385E0,-5.759008E0
6.076904E0,1.003532E0,-5.805291E0
6.081075E0,1.092578E0,-5.959578E0
6.085246E0,1.182666E0,-5.866701E0
6.089417E0,1.096632E0,-6.040949E0
6.093587E0,1.436668E0,-6.224026E0
6.097758E0,1.214111E0,-5.711543E0
6.101929E0,1.294071E0,-5.935649E0
6.106100E0,1.506950E0,-5.893766E0
6.110271E0,1.170737E0,-5.618416E0
6.114442E0,1.164259E0,-5.772036E0
6.118613E0,1.200154E0,-5.891069E0
6.122783E0,1.140576E0,-5.794333E0
6.126954E0,9.428230E-1,-5.563277E0
6.131125E0,1.027024E0,-6.050906E0
6.135296E0,1.151094E0,-5.972441E0
6.139467E0,1.227854E0,-5.690222E0
6.143637E0,1.166421E0,-5.768717E0
6.147808E0,1.249686E0,-5.928630E0
6.151979E0,1.070626E0,-5.728528E0
6.156150E0,1.200285E0,-5.773845E0
6.160321E0,1.174379E0,-5.638425E0
6.164492E0,1.199154E0,-5.641131E0
6.168662E0,1.335461E0,-5.785247E0
6.172833E0,1.229179E0,-5.873426E0
6.177004E0,1.125826E0,-5.950802E0
6.181175E0,1.289902E0,-5.924713E0
6.185346E0,1.144573E0,-5.975147E0
6.189517E0,9.699956E-1,-5.749420E0
6.193688E0,1.393949E0,-5.767243E0
6.197858E0,1.350458E0,-5.835809E0
6.202029E0,1.250763E0,-5.517018E0
6.206200E0,1.097702E0,-5.441687E0
6.210371E0,1.272813E0,-5.792849E0
6.214542E0,1.163087E0,-5.952520E0
6.218712E0,1.218410E0,-5.750203E0
6.222883E0,1.275057E0,-5.911025E0
6.227054E0,1.184652E0,-5.809851E0
6.231225E0,1.260160E0,-6.024442E0
6.235396E0,1.287250E0,-5.993563E0
6.239567E0,1.227607E0,-5.666481E0
6.243737E0,1.358671E0,-5.842438E0
6.247908E0,1.100562E0,-5.823491E0
6.252079E0,1.088080E0,-5.723749E0
6.256250E0,1.168959E0,-5.686924E0
6.260421E0,1.310907E0,-5.877410E0
6.264592E0,9.789386E-1,-5.844163E0
6.268763E0,8.524722E-1,-5.834021E0
6.272933E0,1.110392E0,-5.763931E0
6.277104E0,1.403982E0,-5.856444E0
6.281275E0,1.127131E0,-5.808802E0
6.285446E0,1.436186E0,-5.956954E0
6.289617E0,1.150467E0,-5.851772E0
6.293788E0,1.233492E0,-5.874144E0
6.297958E0,1.297103E0,-5.788771E0
6.302129E0,1.219428E0,-5.675682E0
6.306300E0,1.441527E0,-5.959814E0
6.310471E0,1.210936E0,-5.664936E0
6.314642E0,1.375149E0,-5.999513E0
6.318812E0,1.162961E0,-5.664243E0
6.322983E0,1.250541E0,-5.859932E0
6.327154E0,1.243675E0,-5.740057E0
6.331325E0,1.154998E0,-5.520859E0
6.335496E0,1.221540E0,-5.723705E0
6.339667E0,1.207390E0,-5.776066E0
6.343837E0,1.168151E0,-5.786763E0
6.348008E0,1.135077E0,-5.904011E0
6.352179E0,1.238110E0,-6.095927E0
6.356350E0,1.276525E0,-5.857238E0
6.360521E0,1.169460E0,-5.773259E0
6.364692E0,1.282967E0,-5.974344E0
6.368863E0,1.147166E0,-5.690939E0
6.373033E0,1.277696E0,-5.752694E0
6.377204E0,1.088887E0,-5.766069E0
6.381375E0,1.178126E0,-5.812540E0
6.385546E0,1.401189E0,-5.844233E0
6.389717E0,1.176037E0,-5.922649E0
6.393887E0,1.081286E0,-5.659884E0
6.398058E0,1.025120E0,-5.765292E0
6.402229E0,1.224202E0,-5.887672E0
6.406400E0,9.770622E-1,-5.615757E0
6.410571E0,1.005273E0,-5.628545E0
6.414742E0,1.095848E0,-5.804750E0
6.418913E0,1.104561E0,-5.950974E0
6.423083E0,1.342629E0,-5.834320E0
6.427254E0,1.110451E0,-5.578858E0
6.431425E0,1.181149E0,-5.850237E0
6.435596E0,1.081079E0,-5.676544E0
6.439767E0,1.327684E0,-5.812014E0
6.443937E0,1.231683E0,-5.698504E0
6.448108E0,1.100553E0,-5.898392E0
6.452279E0,1.239664E0,-5.793803E0
6.456450E0,1.261505E0,-5.857317E0
6.460621E0,1.168283E0,-5.827357E0
6.464792E0,1.223949E0,-5.579398E0
6.468963E0,1.350884E0,-5.780844E0
6.473133E0,1.092786E0,-5.494231E0
6.477304E0,1.127077E0,-5.794756E0
6.481475E0,1.192352E0,-5.773174E0
6.485646E0,1.079177E0,-5.821260E0
6.489817E0,1.283012E0,-5.893241E0
6.493988E0,1.363710E0,-5.946151E0
6.498158E0,1.354426E0,-5.842500E0
6.502329E0,1.329133E0,-6.043226E0
6.506500E0,1.187048E0,-5.748231E0
6.510671E0,1.144544E0,-5.607932E0
6.514842E0,1.176550E0,-5.803697E0
6.519012E0,1.200126E0,-5.866507E0
6.523183E0,1.441579E0,-5.762071E0
6.527354E0,1.147885E0,-5.860263E0
6.531525E0,1.109627E0,-6.005280E0
6.535696E0,1.221209E0,-6.074617E0
6.539867E0,1.106116E0,-5.912221E0
6.544037E0,1.082634E0,-5.802241E0
6.548208E0,9.165694E-1,-5.762550E0
6.552379E0,1.079877E0,-5.737120E0
6.556550E0,1.097278E0,-6.012103E0
6.560721E0,1.297225E0,-5.823518E0
6.564892E0,1.417135E0,-5.785088E0
6.569063E0,1.325885E0,-5.858497E0
6.573233E0,1.294296E0,-5.895155E0
6.577404E0,1.271470E0,-5.939901E0
6.581575E0,1.151490E0,-5.803927E0
6.585746E0,1.208506E0,-5.697498E0
6.589917E0,1.178012E0,-5.820288E0
6.594088E0,1.229097E0,-5.919664E0
6.598258E0,9.026310E-1,-5.754123E0
6.602429E0,1.045015E0,-6.051986E0
6.606600E0,1.040461E0,-5.746653E0
6.610771E0,1.177339E0,-5.866289E0
6.614942E0,1.268257E0,-5.876249E0
6.619112E0,1.080204E0,-5.742146E0
6.623283E0,1.207346E0,-5.958155E0
6.627454E0,1.190358E0,-5.773874E0
6.631625E0,1.178675E0,-5.952653E0
6.635796E0,1.179744E0,-5.808597E0
6.639967E0,1.376396E0,-5.842252E0
6.644138E0,1.092402E0,-5.969031E0
6.648308E0,1.110445E0,-5.827445E0
6.652479E0,1.194720E0,-5.634289E0
6.656650E0,1.289145E0,-5.963139E0
6.660821E0,1.220792E0,-5.813775E0
6.664992E0,1.052890E0,-5.946196E0
6.669163E0,1.144353E0,-5.885418E0
6.673333E0,1.230296E0,-5.824964E0
6.677504E0,1.238986E0,-5.707981E0
6.681675E0,1.079752E0,-5.732276E0
6.685846E0,1.014176E0,-5.751364E0
6.690017E0,1.275366E0,-5.912822E0
6.694187E0,1.152199E0,-5.566006E0
6.698358E0,1.174943E0,-6.008736E0
6.702529E0,1.101890E0,-5.813246E0
6.706700E0,1.263225E0,-5.946182E0
6.710871E0,1.159745E0,-5.770892E0
6.715042E0,1.173138E0,-5.862765E0
6.719213E0,1.337404E0,-5.897848E0
6.723383E0,1.242972E0,-5.870976E0
6.727554E0,1.358246E0,-5.805305E0
6.731725E0,1.250406E0,-5.963352E0
6.735896E0,1.188312E0,-5.717091E0
6.740067E0,1.071616E0,-5.818527E0
6.744238E0,1.280243E0,-5.853678E0
6.748408E0,1.250552E0,-5.850310E0
6.752579E0,1.282134E0,-5.745982E0
6.756750E0,1.218491E0,-5.565152E0
6.760921E0,1.255089E0,-5.787272E0
6.765092E0,1.203254E0,-5.683105E0
6.769262E0,1.101957E0,-5.733716E0
6.773433E0,1.101667E0,-5.723788E0
6.777604E0,1.085115E0,-5.646112E0
6.781775E0,1.135220E0,-5.991906E0
6.785946E0,1.238996E0,-5.607743E0
6.790117E0,1.098965E0,-6.095858E0
6.794288E0,1.244890E0,-6.050456E0
6.798458E0,1.250241E0,-5.750862E0
6.802629E0,1.157485E0,-5.766989E0
6.806800E0,1.096295E0,-5.850307E0
6.810971E0,1.364547E0,-5.821598E0
6.815142E0,1.214335E0,-5.848751E0
6.819312E0,1.049664E0,-5.717712E0
6.823483E0,1.221372E0,-5.788403E0
6.827654E0,1.187505E0,-5.942311E0
6.831825E0,1.056212E0,-5.838305E0
6.835996E0,1.103569E0,-5.708117E0
6.840167E0,1.194536E0,-5.828560E0
6.844338E0,1.248904E0,-5.670488E0
6.848508E0,1.009297E0,-5.760403E0
6.852679E0,1.252863E0,-5.858443E0
6.856850E0,1.146220E0,-5.598643E0
6.861021E0,1.207778E0,-5.792732E0
6.865192E0,1.081479E0,-5.748506E0
6.869363E0,1.209624E0,-5.798047E0
6.873533E0,1.090550E0,-5.785637E0
6.877704E0,9.440937E-1,-5.888699E0
6.881875E0,1.211055E0,-5.917803E0
6.886046E0,1.148566E0,-6.081313E0
6.890217E0,1.154176E0,-5.656399E0
6.894387E0,1.071276E0,-5.944178E0
6.898558E0,1.147642E0,-5.884911E0
6.902729E0,1.304306E0,-5.816374E0
6.906900E0,1.460980E0,-5.795927E0
6.911071E0,1.237437E0,-5.778455E0
6.915242E0,1.147068E0,-5.643673E0
6.919412E0,1.223327E0,-5.880627E0
6.923583E0,1.020773E0,-5.838456E0
6.927754E0,1.192032E0,-5.985055E0
6.931925E0,1.295877E0,-5.788896E0
6.936096E0,1.264205E0,-6.011126E0
6.940267E0,1.189352E0,-5.740805E0
6.944438E0,1.165448E0,-5.996124E0
6.948608E0,1.075767E0,-5.884545E0
6.952779E0,1.301304E0,-5.801819E0
6.956950E0,9.679527E-1,-5.688036E0
6.961121E0,1.166942E0,-5.666492E0
6.965292E0,1.244082E0,-5.760279E0
6.969463E0,1.270997E0,-5.576665E0
6.973633E0,1.141596E0,-5.732759E0
6.977804E0,1.197811E0,-5.737372E0
6.981975E0,1.155752E0,-5.784861E0
6.986146E0,1.117835E0,-5.807184E0
6.990317E0,1.313363E0,-6.132298E0
6.994487E0,1.013174E0,-5.696566E0
6.998658E0,9.590759E-1,-5.656256E0
7.002829E0,1.117724E0,-5.767653E0
7.007000E0,1.152718E0,-6.086143E0
7.011171E0,1.249209E0,-5.895363E0
7.015342E0,1.095945E0,-5.911219E0
7.019512E0,1.154736E0,-5.695910E0
7.023683E0,1.095858E0,-5.750381E0
7.027854E0,1.117181E0,-5.836123E0
7.032025E0,1.163147E0,-5.885842E0
7.036196E0,1.103195E0,-5.755152E0
7.040367E0,9.959656E-1,-5.840342E0
7.044538E0,1.154305E0,-5.737165E0
7.048708E0,1.108547E0,-5.700121E0
7.052879E0,9.189428E-1,-5.893250E0
7.057050E0,9.662398E-1,-5.876850E0
7.061221E0,1.045036E0,-5.918439E0
7.065392E0,1.108701E0,-5.700125E0
7.069562E0,1.185417E0,-5.896343E0
7.073733E0,1.261467E0,-5.673616E0
7.077904E0,1.059914E0,-5.554999E0
7.082075E0,1.130946E0,-5.652306E0
7.086246E0,9.699305E-1,-5.814066E0
7.090417E0,1.114290E0,-5.630235E0
7.094588E0,1.127395E0,-5.808742E0
7.098758E0,1.042870E0,-5.774631E0
7.102929E0,1.092889E0,-5.763482E0
7.107100E0,1.125598E0,-5.779928E0
7.111271E0,9.675916E-1,-5.641266E0
7.115442E0,1.047639E0,-5.866975E0
7.119613E0,1.057341E0,-5.798673E0
7.123783E0,1.136413E0,-5.690772E0
7.127954E0,1.028688E0,-5.927832E0
7.132125E0,9.537316E-1,-5.727716E0
7.136296E0,1.049716E0,-5.811966E0
7.140467E0,7.822143E-1,-5.695210E0
7.144637E0,1.015150E0,-5.808837E0
7.148808E0,8.686919E-1,-5.630838E0
7.152979E0,1.141178E0,-5.817811E0
7.157150E0,8.926889E-1,-5.701224E0
7.161321E0,1.044778E0,-5.790676E0
7.165492E0,1.163833E0,-5.982957E0
7.169663E0,1.031342E0,-5.714611E0
7.173833E0,9.637297E-1,-5.697112E0
7.178004E0,1.161399E0,-5.867829E0
7.182175E0,8.956899E-1,-5.533676E0
7.186346E0,1.006964E0,-5.711697E0
7.190517E0,1.077299E0,-5.675887E0
7.194687E0,1.006769E0,-5.737060E0
7.198858E0,1.081548E0,-5.660564E0
7.203029E0,9.874919E-1,-5.694500E0
7.207200E0,1.057353E0,-5.652335E0
7.211371E0,9.590733E-1,-5.851462E0
7.215542E0,8.845615E-1,-5.681131E0
7.219713E0,8.376380E-1,-5.730114E0
7.223883E0,9.927109E-1,-5.851742E0
7.228054E0,9.602763E-1,-5.841149E0
7.232225E0,9.735532E-1,-5.610301E0
7.236396E0,1.010251E0,-5.819375E0
7.240567E0,8.104412E-1,-5.616783E0
7.244738E0,9.451137E-1,-5.463490E0
7.248908E0,8.675966E-1,-5.547668E0
7.253079E0,1.034000E0,-5.877202E0
7.257250E0,8.860400E-1,-5.565731E0
7.261421E0,7.803925E-1,-5.725253E0
7.265592E0,8.590113E-1,-5.656108E0
7.269762E0,7.279355E-1,-5.575222E0
7.273933E0,1.058130E0,-5.635422E0
7.278104E0,9.584707E-1,-5.738436E0
7.282275E0,8.942892E-1,-5.616045E0
7.286446E0,9.697018E-1,-5.472690E0
7.290617E0,9.179021E-1,-5.568238E0
7.294787E0,9.771233E-1,-5.640720E0
7.298958E0,9.487852E-1,-5.530461E0
7.303129E0,7.916787E-1,-5.682805E0
7.307300E0,9.338432E-1,-5.675650E0
7.311471E0,8.836356E-1,-5.380394E0
7.315642E0,9.651261E-1,-5.724471E0
7.319813E0,6.626053E-1,-5.395096E0
7.323983E0,6.257420E-1,-5.686457E0
7.328154E0,4.377790E-1,-5.526896E0
7.332325E0,2.319724E-1,-5.580658E0
7.336496E0,2.469102E-1,-5.608998E0
7.340667E0,2.091048E-1,-5.777501E0
7.344838E0,1.346621E-1,-5.605210E0
7.349008E0,-5.824076E-2,-5.624069E0
7.353179E0,8.097163E-2,-5.581352E0
7.357350E0,-1.006528E-2,-5.722767E0
7.361521E0,1.800656E-1,-5.587813E0
7.365692E0,1.000094E-1,-5.514917E0
7.369862E0,4.267522E-2,-5.632878E0
7.374033E0,-2.062506E-1,-5.486288E0
7.378204E0,3.939452E-2,-5.729155E0
7.382375E0,-3.682148E-2,-5.515784E0
7.386546E0,-4.130629E-1,-5.006262E0
7.390717E0,-6.140532E-1,-5.248773E0
7.394887E0,-7.706280E-2,-5.439872E0
7.399058E0,-3.334220E-1,-5.415124E0
7.403229E0,-4.015894E-1,-5.226355E0
7.407400E0,-9.891840E-1,-4.776182E0
7.411571E0,-9.540732E-1,-4.660569E0
7.415742E0,-8.980077E-1,-4.876944E0
7.419913E0,-8.428624E-1,-4.783859E0
7.424083E0,-9.342805E-1,-4.762009E0
7.428254E0,-5.506293E-1,-4.726490E0
7.432425E0,-7.751873E-1,-4.794717E0
7.436596E0,-1.050161E0,-4.668762E0
7.440767E0,-1.056931E0,-4.753726E0
7.444937E0,-9.461880E-1,-4.855085E0
7.449108E0,-1.045554E0,-4.759395E0
7.453279E0,-1.169834E0,-4.465291E0
7.457450E0,-1.389506E0,-4.677665E0
7.461621E0,-1.161354E0,-4.780405E0
7.465792E0,-1.118694E0,-4.742289E0
7.469963E0,-1.239755E0,-4.887400E0
7.474133E0,-1.268727E0,-4.609195E0
7.478304E0,-1.189855E0,-4.702394E0
7.482475E0,-1.193903E0,-4.575847E0
7.486646E0,-1.234610E0,-4.677307E0
7.490817E0,-1.272231E0,-4.214025E0
7.494988E0,-1.363603E0,-4.244148E0
7.499158E0,-1.220159E0,-4.307724E0
7.503329E0,-1.126790E0,-3.913417E0
7.507500E0,-1.416329E0,-3.491220E0
7.511671E0,-1.472927E0,-4.098185E0
7.515842E0,-1.688357E0,-3.901099E0
7.520012E0,-1.354886E0,-4.199239E0
7.524183E0,-2.202582E0,-3.584322E0
7.528354E0,-1.872373E0,-3.847247E0
7.532525E0,-2.189148E0,-3.828161E0
7.536696E0,-1.953791E0,-3.778480E0
7.540867E0,-2.234673E0,-3.588818E0
7.545038E0,-1.942505E0,-3.851126E0
7.549208E0,-2.096062E0,-3.908844E0
7.553379E0,-2.048513E0,-3.473336E0
7.557550E0,-2.077609E0,-3.918635E0
7.561721E0,-1.903795E0,-3.740138E0
7.565892E0,-2.079248E0,-3.567311E0
7.570062E0,-2.051773E0,-3.921902E0
7.574233E0,-1.978071E0,-3.714598E0
7.578404E0,-2.107333E0,-3.830031E0
7.582575E0,-2.703395E0,-3.860909E0
7.586746E0,-2.277959E0,-3.684224E0
7.590917E0,-2.373018E0,-3.954603E0
7.595088E0,-2.727464E0,-3.800440E0
7.599258E0,-2.976688E0,-3.782305E0
7.603429E0,-2.930704E0,-3.783454E0
7.607600E0,-2.802256E0,-3.685306E0
7.611771E0,-2.753341E0,-3.840193E0
7.615942E0,-2.728063E0,-4.053089E0
7.620113E0,-2.921153E0,-4.472143E0
7.624283E0,-3.042609E0,-4.315361E0
7.628454E0,-3.204079E0,-3.916221E0
7.632625E0,-2.963566E0,-3.944973E0
7.636796E0,-2.934757E0,-3.898915E0
7.640967E0,-2.693643E0,-4.323539E0
7.645137E0,-3.026336E0,-4.041049E0
7.649308E0,-3.048207E0,-3.904910E0
7.653479E0,-3.068303E0,-3.913729E0
7.657650E0,-2.968861E0,-3.921645E0
7.661821E0,-2.815286E0,-4.154381E0
7.665992E0,-3.003912E0,-3.803833E0
7.670162E0,-3.140963E0,-3.817921E0
7.674333E0,-3.236500E0,-3.766669E0
7.678504E0,-3.121661E0,-4.285344E0
7.682675E0,-3.148442E0,-4.053052E0
7.686846E0,-2.960699E0,-4.007041E0
7.691017E0,-3.137600E0,-3.993862E0
7.695188E0,-3.086651E0,-3.873950E0
7.699358E0,-3.063674E0,-3.828270E0
7.703529E0,-2.870612E0,-4.071418E0
7.707700E0,-2.866082E0,-3.943525E0
7.711871E0,-2.960850E0,-4.052650E0
7.716042E0,-2.827764E0,-4.000490E0
7.720213E0,-3.302743E0,-3.666502E0
7.724383E0,-3.103566E0,-3.541816E0
7.728554E0,-3.098645E0,-4.003328E0
7.732725E0,-3.484544E0,-3.641458E0
7.736896E0,-3.265760E0,-4.008018E0
7.741067E0,-2.748769E0,-4.367651E0
7.745237E0,-3.534811E0,-3.573845E0
7.749408E0,-3.481434E0,-3.882052E0
7.753579E0,-3.597772E0,-4.237190E0
7.757750E0,-3.677758E0,-4.104440E0
7.761921E0,-3.655988E0,-3.910174E0
7.766092E0,-3.565805E0,-3.948630E0
7.770262E0,-3.760213E0,-4.039491E0
7.774433E0,-3.995411E0,-3.638194E0
7.778604E0,-3.831670E0,-4.136904E0
7.782775E0,-3.643851E0,-4.382339E0
7.786946E0,-3.995449E0,-3.856678E0
7.791117E0,-4.133991E0,-4.088784E0
7.795288E0,-3.927534E0,-3.742409E0
7.799458E0,-4.050495E0,-3.968004E0
7.803629E0,-3.770379E0,-4.270308E0
7.807800E0,-4.033232E0,-4.035709E0
7.811971E0,-4.077006E0,-4.136923E0
7.816142E0,-3.783591E0,-4.453488E0
7.820312E0,-4.064007E0,-4.428824E0
7.824483E0,-4.220531E0,-4.313140E0
7.828654E0,-4.475050E0,-4.311337E0
7.832825E0,-4.239143E0,-3.703927E0
7.836996E0,-4.152505E0,-4.364743E0
7.841167E0,-4.192668E0,-4.771705E0
7.845338E0,-4.078963E0,-4.771187E0
7.849508E0,-4.441178E0,-3.838255E0
7.853679E0,-4.184562E0,-4.567774E0
7.857850E0,-4.200056E0,-4.796334E0
7.862021E0,-4.125993E0,-5.032790E0
7.866192E0,-4.179352E0,-4.966516E0
7.870363E0,-4.297455E0,-4.887727E0
7.874533E0,-4.089523E0,-5.142337E0
7.878704E0,-4.623131E0,-5.362798E0
7.882875E0,-4.701417E0,-5.883184E0
7.887046E0,-4.739902E0,-6.461010E0
7.891217E0,-4.749617E0,-6.682406E0
7.895388E0,-5.098968E0,-6.707026E0
7.899558E0,-5.062315E0,-6.693358E0
7.903729E0,-5.072443E0,-6.826658E0
7.907900E0,-5.210910E0,-6.945765E0
7.912071E0,-5.165663E0,-7.511090E0
7.916242E0,-5.007740E0,-7.000110E0
7.920413E0,-5.191756E0,-6.857900E0
7.924583E0,-5.181593E0,-6.738000E0
7.928754E0,-5.143412E0,-6.969453E0
7.932925E0,-4.976954E0,-6.864609E0
7.937096E0,-5.024341E0,-6.764031E0
7.941267E0,-4.977223E0,-6.965508E0
7.945437E0,-5.193002E0,-7.048548E0
7.949608E0,-5.062334E0,-6.843281E0
7.953779E0,-5.085089E0,-6.766775E0
7.957950E0,-4.906068E0,-6.993821E0
7.962121E0,-4.988330E0,-6.854343E0
7.966292E0,-4.932070E0,-6.689937E0
7.970463E0,-5.416740E0,-6.488236E0
7.974633E0,-5.486345E0,-6.473882E0
7.978804E0,-5.358099E0,-6.309958E0
7.982975E0,-5.650676E0,-6.096735E0
7.987146E0,-5.352108E0,-6.450888E0
7.991317E0,-5.419124E0,-6.554129E0
7.995488E0,-5.834911E0,-6.790597E0
7.999658E0,-5.470067E0,-6.527955E0
8.003829E0,-5.970136E0,-6.665651E0
8.008000E0,-5.746093E0,-6.514898E0
8.012171E0,-5.969895E0,-6.721269E0
8.016342E0,-6.006565E0,-6.575819E0
8.020513E0,-5.964278E0,-6.731808E0
8.024683E0,-6.044502E0,-6.618965E0
8.028854E0,-6.048858E0,-6.723814E0
8.033025E0,-6.096822E0,-6.469987E0
8.037196E0,-5.973119E0,-6.576918E0
8.041367E0,-6.279509E0,-6.290674E0
8.045538E0,-5.942885E0,-6.244592E0
8.049708E0,-6.165835E0,-6.045169E0
8.053879E0,-6.135182E0,-6.268056E0
8.058050E0,-6.242570E0,-5.998876E0
8.062221E0,-5.855666E0,-6.132803E0
8.066392E0,-6.108312E0,-5.993325E0
8.070562E0,-6.321546E0,-6.126281E0
8.074733E0,-6.587414E0,-5.937760E0
8.078904E0,-6.418066E0,-5.822389E0
8.083075E0,-6.325895E0,-5.799558E0
8.087246E0,-6.479106E0,-5.947321E0
8.091417E0,-6.666409E0,-5.792043E0
8.095588E0,-6.418721E0,-5.770831E0
8.099758E0,-6.488780E0,-5.578896E0
8.103929E0,-6.658304E0,-5.737237E0
8.108100E0,-6.698824E0,-5.638802E0
8.112271E0,-6.780804E0,-5.863102E0
8.116442E0,-6.720719E0,-5.841208E0
8.120613E0,-6.783514E0,-5.805968E0
8.124783E0,-6.581176E0,-5.756457E0
8.128954E0,-6.861961E0,-5.848522E0
8.133125E0,-6.720231E0,-5.759401E0
8.137296E0,-6.833163E0,-5.662195E0
8.141467E0,-6.973591E0,-6.039183E0
8.145637E0,-6.747110E0,-5.720372E0
8.149808E0,-6.879394E0,-5.739422E0
8.153979E0,-6.717786E0,-5.813941E0
8.158150E0,-6.768652E0,-6.033295E0
8.162321E0,-6.925351E0,-5.748341E0
8.166492E0,-6.840738E0,-5.842841E0
8.170663E0,-6.854992E0,-5.706174E0
8.174833E0,-6.797240E0,-5.975363E0
8.179004E0,-6.817981E0,-6.021243E0
8.183175E0,-7.059777E0,-5.984598E0
8.187346E0,-6.829157E0,-5.847524E0
8.191517E0,-6.773384E0,-5.830269E0
8.195688E0,-6.919563E0,-6.171992E0
8.199858E0,-6.884886E0,-6.135817E0
8.204029E0,-6.888782E0,-6.140252E0
8.208200E0,-6.763750E0,-6.087342E0
