,mass A,,
t,x,y,
0.000000E0,1.637071E2,3.558851E1
4.170833E-3,1.515809E2,3.803315E1
8.341667E-3,1.404322E2,4.279266E1
1.251250E-2,1.133120E2,4.871597E1
1.668333E-2,9.425447E1,5.362738E1
2.085417E-2,7.392538E1,5.597373E1
2.502500E-2,5.327559E1,5.754520E1
2.919583E-2,3.212406E1,5.646239E1
3.336667E-2,1.167266E1,5.480629E1
3.753750E-2,-8.466126E0,5.271507E1
4.170833E-2,-2.851759E1,5.015781E1
4.587917E-2,-4.650857E1,4.570225E1
5.005000E-2,-6.377194E1,3.963565E1
5.422083E-2,-8.081641E1,3.541905E1
5.839167E-2,-9.553649E1,2.910568E1
6.256250E-2,-1.099350E2,2.300654E1
6.673333E-2,-1.225909E2,1.592481E1
7.090417E-2,-1.344153E2,9.858536E0
7.507500E-2,-1.440189E2,3.594025E0
7.924583E-2,-1.533418E2,-2.335002E0
8.341667E-2,-1.613044E2,-9.158707E0
8.758750E-2,-1.676316E2,-1.638544E1
9.175833E-2,-1.723955E2,-2.282039E1
9.592917E-2,-1.753226E2,-3.017774E1
1.001000E-1,-1.775118E2,-3.720520E1
1.042708E-1,-1.790084E2,-4.322233E1
1.084417E-1,-1.794202E2,-4.945482E1
1.126125E-1,-1.784165E2,-5.645428E1
1.167833E-1,-1.764405E2,-6.184125E1
1.209542E-1,-1.735263E2,-6.750803E1
1.251250E-1,-1.693688E2,-7.258283E1
1.292958E-1,-1.655555E2,-7.590857E1
1.334667E-1,-1.595345E2,-7.978031E1
1.376375E-1,-1.513418E2,-8.435082E1
1.418083E-1,-1.444204E2,-8.574165E1
1.459792E-1,-1.351186E2,-8.803472E1
1.501500E-1,-1.247490E2,-8.986597E1
1.543208E-1,-1.136526E2,-8.983458E1
1.584917E-1,-1.018965E2,-8.905943E1
1.626625E-1,-8.900607E1,-8.742051E1
1.668333E-1,-7.293997E1,-8.569017E1
1.710042E-1,-5.901577E1,-8.298367E1
1.751750E-1,-4.177467E1,-7.814412E1
1.793458E-1,-2.498921E1,-7.204398E1
1.835167E-1,-8.854688E0,-6.546071E1
1.876875E-1,6.540075E0,-5.779933E1
1.918583E-1,2.052439E1,-4.859164E1
1.960292E-1,3.591282E1,-3.825078E1
2.002000E-1,4.953048E1,-2.642991E1
2.043708E-1,6.444476E1,-1.461948E1
2.085417E-1,7.966376E1,-1.956055E0
2.127125E-1,9.164893E1,1.096008E1
2.168833E-1,1.044610E2,2.379755E1
2.210542E-1,1.145503E2,3.590810E1
2.252250E-1,1.257226E2,4.936517E1
2.293958E-1,1.345970E2,6.137401E1
2.335667E-1,1.414403E2,7.167003E1
2.377375E-1,1.469357E2,8.117682E1
2.419083E-1,1.500157E2,8.953557E1
2.460792E-1,1.535626E2,9.837798E1
2.502500E-1,1.548801E2,1.046543E2
2.544208E-1,1.550662E2,1.115657E2
2.585917E-1,1.548537E2,1.178046E2
2.627625E-1,1.537626E2,1.224997E2
2.669333E-1,1.513055E2,1.269980E2
2.711042E-1,1.480916E2,1.297284E2
2.752750E-1,1.444830E2,1.330124E2
2.794458E-1,1.397487E2,1.339090E2
2.836167E-1,1.343687E2,1.354368E2
2.877875E-1,1.274407E2,1.353887E2
2.919583E-1,1.195545E2,1.339997E2
2.961292E-1,1.105673E2,1.318811E2
3.003000E-1,1.019136E2,1.288517E2
3.044708E-1,9.147792E1,1.243773E2
3.086417E-1,7.891112E1,1.189454E2
3.128125E-1,6.699699E1,1.126117E2
3.169833E-1,5.299835E1,1.038774E2
3.211542E-1,3.990738E1,9.368732E1
3.253250E-1,2.525282E1,8.268558E1
3.294958E-1,1.123041E1,6.890904E1
3.336667E-1,-2.525190E0,5.547571E1
3.378375E-1,-1.525308E1,3.965721E1
3.420083E-1,-2.761968E1,2.338401E1
3.461792E-1,-3.670332E1,6.112591E0
3.503500E-1,-4.768514E1,-9.816892E0
3.545208E-1,-5.446216E1,-2.564595E1
3.586917E-1,-6.329434E1,-4.098405E1
3.628625E-1,-6.944085E1,-5.582321E1
3.670333E-1,-7.524315E1,-7.040034E1
3.712042E-1,-8.068784E1,-8.390596E1
3.753750E-1,-8.434158E1,-9.642280E1
3.795458E-1,-8.658275E1,-1.082158E2
3.837167E-1,-8.754862E1,-1.183443E2
3.878875E-1,-9.073569E1,-1.267112E2
3.920583E-1,-9.034945E1,-1.352656E2
3.962292E-1,-9.250250E1,-1.417293E2
4.004000E-1,-9.087115E1,-1.481010E2
4.045708E-1,-8.943085E1,-1.534625E2
4.087417E-1,-8.826890E1,-1.574831E2
4.129125E-1,-8.669221E1,-1.607601E2
4.170833E-1,-8.310788E1,-1.632420E2
4.212542E-1,-7.957476E1,-1.653804E2
4.254250E-1,-7.687841E1,-1.654771E2
4.295958E-1,-7.240723E1,-1.651823E2
4.337667E-1,-6.883316E1,-1.633468E2
4.379375E-1,-6.361677E1,-1.612908E2
4.421083E-1,-5.893247E1,-1.575466E2
4.462792E-1,-5.412363E1,-1.525313E2
4.504500E-1,-4.797936E1,-1.462280E2
4.546208E-1,-4.195600E1,-1.395515E2
4.587917E-1,-3.529933E1,-1.315550E2
4.629625E-1,-2.907948E1,-1.222363E2
4.671333E-1,-2.219056E1,-1.117975E2
4.713042E-1,-1.559605E1,-9.906934E1
4.754750E-1,-7.945079E0,-8.547206E1
4.796458E-1,-1.832152E0,-7.183415E1
4.838167E-1,3.642898E0,-5.714546E1
4.879875E-1,8.000140E0,-4.207841E1
4.921583E-1,1.361272E1,-2.455470E1
4.963292E-1,1.569094E1,-5.647026E0
5.005000E-1,2.181913E1,1.387222E1
5.046708E-1,2.417190E1,3.398051E1
5.088417E-1,2.732575E1,5.320962E1
5.130125E-1,3.053095E1,7.181281E1
5.171833E-1,3.382997E1,8.842047E1
5.213542E-1,3.642347E1,1.041261E2
5.255250E-1,3.888876E1,1.181846E2
5.296958E-1,4.057873E1,1.300604E2
5.338667E-1,4.156827E1,1.404422E2
5.380375E-1,4.238990E1,1.498112E2
5.422083E-1,4.292583E1,1.587327E2
5.463792E-1,4.285118E1,1.644521E2
5.505500E-1,4.296341E1,1.700498E2
5.547208E-1,4.242446E1,1.748128E2
5.588917E-1,4.130829E1,1.776403E2
5.630625E-1,4.033872E1,1.800642E2
5.672333E-1,3.831642E1,1.803457E2
5.714042E-1,3.694636E1,1.807620E2
5.755750E-1,3.426703E1,1.794211E2
5.797458E-1,3.183843E1,1.765633E2
5.839167E-1,2.878307E1,1.730212E2
5.880875E-1,2.556242E1,1.684965E2
5.922583E-1,2.207158E1,1.621155E2
5.964292E-1,1.858092E1,1.547637E2
6.006000E-1,1.450852E1,1.461072E2
6.047708E-1,1.049540E1,1.353398E2
6.089417E-1,5.684085E0,1.238771E2
6.131125E-1,1.006252E0,1.097430E2
6.172833E-1,-3.236661E0,9.581918E1
6.214542E-1,-7.866693E0,7.987613E1
6.256250E-1,-1.121855E1,6.040352E1
6.297958E-1,-1.394478E1,4.068596E1
6.339667E-1,-1.660173E1,2.043378E1
6.381375E-1,-1.750342E1,-6.903136E-1
6.423083E-1,-1.570212E1,-2.168102E1
6.464792E-1,-1.886839E1,-4.003499E1
6.506500E-1,-1.327976E1,-5.737623E1
6.548208E-1,-1.180075E1,-7.419914E1
6.589917E-1,-1.101265E1,-8.973302E1
6.631625E-1,-8.674970E0,-1.034543E2
6.673333E-1,-6.782032E0,-1.161920E2
6.715042E-1,-4.080642E0,-1.277361E2
6.756750E-1,-2.720393E0,-1.380546E2
6.798458E-1,-1.884579E0,-1.475043E2
6.840167E-1,1.368010E-1,-1.551587E2
6.881875E-1,1.570693E-1,-1.615518E2
6.923583E-1,1.136121E0,-1.676235E2
6.965292E-1,2.543858E0,-1.721256E2
7.007000E-1,3.445326E0,-1.760669E2
7.048708E-1,4.656156E0,-1.785138E2
7.090417E-1,5.669532E0,-1.790015E2
7.132125E-1,6.915641E0,-1.795936E2
7.173833E-1,7.501160E0,-1.786028E2
7.215542E-1,8.454150E0,-1.764634E2
7.257250E-1,9.080656E0,-1.732404E2
7.298958E-1,9.802851E0,-1.691266E2
7.340667E-1,1.053796E1,-1.642645E2
7.382375E-1,1.079256E1,-1.580964E2
7.424083E-1,1.144496E1,-1.508910E2
7.465792E-1,1.196990E1,-1.416376E2
7.507500E-1,1.142318E1,-1.321003E2
7.549208E-1,1.135147E1,-1.216760E2
7.590917E-1,9.927687E0,-1.097713E2
7.632625E-1,9.266157E0,-9.605298E1
7.674333E-1,8.162195E0,-8.154309E1
7.716042E-1,5.962903E0,-6.639430E1
7.757750E-1,4.141198E0,-4.982534E1
7.799458E-1,2.782736E0,-3.196807E1
7.841167E-1,-1.648117E0,-1.271419E1
7.882875E-1,-2.970689E0,6.645104E0
7.924583E-1,-5.269174E0,2.640309E1
7.966292E-1,-7.105693E0,4.603007E1
8.008000E-1,-8.315035E0,6.377121E1
8.049708E-1,-8.899997E0,8.090350E1
8.091417E-1,-8.805017E0,9.524701E1
8.133125E-1,-9.197413E0,1.092850E2
8.174833E-1,-9.226905E0,1.204717E2
8.216542E-1,-8.762715E0,1.312165E2
8.258250E-1,-8.156818E0,1.398689E2
8.299958E-1,-7.638554E0,1.478117E2
8.341667E-1,-6.733161E0,1.543188E2
8.383375E-1,-6.063416E0,1.595790E2
8.425083E-1,-5.572326E0,1.636547E2
8.466792E-1,-4.486054E0,1.664992E2
8.508500E-1,-3.678950E0,1.680243E2
8.550208E-1,-2.581698E0,1.683288E2
8.591917E-1,-2.281578E0,1.679693E2
8.633625E-1,-1.631391E0,1.660257E2
8.675333E-1,-8.760994E-1,1.622475E2
8.717042E-1,-6.469633E-1,1.575396E2
8.758750E-1,-2.497081E-1,1.517244E2
8.800458E-1,-2.086481E-2,1.450036E2
8.842167E-1,4.394808E-2,1.366614E2
8.883875E-1,1.785607E-1,1.262980E2
8.925583E-1,8.124606E-2,1.147886E2
8.967292E-1,9.229635E-2,1.014426E2
9.009000E-1,-7.302310E-2,8.758346E1
9.050708E-1,3.463123E-2,7.191422E1
9.092417E-1,-1.344371E-1,5.409878E1
9.134125E-1,1.719423E0,3.467293E1
9.175833E-1,3.503720E0,1.466138E1
9.217542E-1,4.329152E0,-5.621279E0
9.259250E-1,4.180143E0,-2.438063E1
9.300958E-1,9.247594E0,-4.226655E1
9.342667E-1,9.676483E0,-5.953417E1
9.384375E-1,9.561411E0,-7.547681E1
9.426083E-1,1.008109E1,-8.982334E1
9.467792E-1,9.436718E0,-1.029147E2
9.509500E-1,1.000448E1,-1.155333E2
9.551208E-1,9.676850E0,-1.263922E2
9.592917E-1,9.384844E0,-1.360771E2
9.634625E-1,9.618379E0,-1.443723E2
9.676333E-1,8.046688E0,-1.519573E2
9.718042E-1,7.895534E0,-1.584942E2
9.759750E-1,7.623497E0,-1.635472E2
9.801458E-1,6.682421E0,-1.674636E2
9.843167E-1,6.991847E0,-1.700577E2
9.884875E-1,6.426527E0,-1.721787E2
9.926583E-1,6.162647E0,-1.731720E2
9.968292E-1,5.893350E0,-1.730388E2
1.001000E0,5.249527E0,-1.717531E2
1.005171E0,5.414896E0,-1.694892E2
1.009342E0,5.164824E0,-1.654995E2
1.013513E0,4.678145E0,-1.613250E2
1.017683E0,4.574614E0,-1.548768E2
1.021854E0,4.576687E0,-1.485209E2
1.026025E0,4.221584E0,-1.408096E2
1.030196E0,4.285903E0,-1.316419E2
1.034367E0,4.086280E0,-1.212997E2
1.038537E0,4.047339E0,-1.097197E2
1.042708E0,3.482400E0,-9.724017E1
1.046879E0,3.317048E0,-8.358934E1
1.051050E0,2.416726E0,-6.867255E1
1.055221E0,3.089923E0,-5.256001E1
1.059392E0,7.377199E-1,-3.551279E1
1.063562E0,-9.253861E-1,-1.727745E1
1.067733E0,1.956547E-2,1.741581E0
1.071904E0,-1.098274E0,2.073487E1
1.076075E0,-8.779514E-1,3.959392E1
1.080246E0,-6.738200E-1,5.736715E1
1.084417E0,4.624419E-1,7.369183E1
1.088588E0,1.914217E0,8.868556E1
1.092758E0,3.601256E0,1.023287E2
1.096929E0,5.917429E0,1.139987E2
1.101100E0,6.753088E0,1.240259E2
1.105271E0,8.285384E0,1.331201E2
1.109442E0,9.793026E0,1.409629E2
1.113612E0,1.107308E1,1.467375E2
1.117783E0,1.185647E1,1.518070E2
1.121954E0,1.281070E1,1.554069E2
1.126125E0,1.362654E1,1.578767E2
1.130296E0,1.445211E1,1.591738E2
1.134467E0,1.483019E1,1.595062E2
1.138637E0,1.492350E1,1.582890E2
1.142808E0,1.533747E1,1.563819E2
1.146979E0,1.546246E1,1.529868E2
1.151150E0,1.490689E1,1.480776E2
1.155321E0,1.450281E1,1.418865E2
1.159492E0,1.382785E1,1.348433E2
1.163662E0,1.228029E1,1.260598E2
1.167833E0,1.070580E1,1.161740E2
1.172004E0,1.027212E1,1.048254E2
1.176175E0,7.898247E0,9.090526E1
1.180346E0,6.160679E0,7.687062E1
1.184517E0,4.149958E0,6.059110E1
1.188687E0,2.805358E0,4.235146E1
1.192858E0,4.086875E0,2.294906E1
1.197029E0,1.227097E0,4.268474E0
1.201200E0,2.311171E0,-1.444305E1
1.205371E0,1.430111E0,-3.230463E1
1.209542E0,1.611147E0,-4.947169E1
1.213713E0,-5.428602E-2,-6.568231E1
1.217883E0,-4.913235E-1,-8.035561E1
1.222054E0,9.981130E-1,-9.342606E1
1.226225E0,4.562082E-1,-1.053632E2
1.230396E0,-1.349331E-1,-1.168536E2
1.234567E0,3.839938E-2,-1.265156E2
1.238738E0,-7.465852E-1,-1.354169E2
1.242908E0,-1.704861E-1,-1.422409E2
1.247079E0,-3.755201E-1,-1.488551E2
1.251250E0,-5.430503E-1,-1.545526E2
1.255421E0,-3.758480E-1,-1.590243E2
1.259592E0,-2.379172E-1,-1.619572E2
1.263763E0,1.796005E-1,-1.642588E2
1.267933E0,1.129406E0,-1.652371E2
1.272104E0,8.297492E-1,-1.654590E2
1.276275E0,1.379985E0,-1.642505E2
1.280446E0,1.479239E0,-1.618536E2
1.284617E0,1.589827E0,-1.581957E2
1.288787E0,2.183927E0,-1.537803E2
1.292958E0,3.209378E0,-1.483694E2
1.297129E0,4.177409E0,-1.418248E2
1.301300E0,4.805863E0,-1.335760E2
1.305471E0,5.619990E0,-1.244802E2
1.309642E0,6.242500E0,-1.145338E2
1.313813E0,6.932248E0,-1.032721E2
1.317983E0,7.457476E0,-9.112360E1
1.322154E0,7.939248E0,-7.779700E1
1.326325E0,7.177164E0,-6.315267E1
1.330496E0,7.186961E0,-4.744209E1
1.334667E0,7.782615E0,-3.021961E1
1.338838E0,6.795660E0,-1.277906E1
1.343008E0,7.031643E0,5.925701E0
1.347179E0,5.972415E0,2.377325E1
1.351350E0,3.780009E0,4.102477E1
1.355521E0,2.557103E0,5.815302E1
1.359692E0,1.786687E0,7.454380E1
1.363862E0,2.047694E0,8.784966E1
1.368033E0,1.806134E0,1.001534E2
1.372204E0,1.697344E0,1.110565E2
1.376375E0,1.719512E0,1.203634E2
1.380546E0,1.878808E0,1.283905E2
1.384717E0,2.026292E0,1.354239E2
1.388888E0,2.028450E0,1.407936E2
1.393058E0,1.391631E0,1.449622E2
1.397229E0,1.907396E0,1.479215E2
1.401400E0,1.733586E0,1.495596E2
1.405571E0,1.629728E0,1.499458E2
1.409742E0,1.544578E0,1.493014E2
1.413912E0,1.475979E0,1.474436E2
1.418083E0,1.109374E0,1.445377E2
1.422254E0,7.276024E-1,1.405394E2
1.426425E0,5.099565E-1,1.348060E2
1.430596E0,8.076237E-2,1.273917E2
1.434767E0,-8.949648E-1,1.194170E2
1.438937E0,-1.059681E0,1.096247E2
1.443108E0,-1.620873E0,9.823307E1
1.447279E0,-2.170494E0,8.599187E1
1.451450E0,-2.809032E0,7.158035E1
1.455621E0,-2.206959E0,5.555700E1
1.459792E0,-2.464695E0,3.917226E1
1.463963E0,-1.503328E0,2.132650E1
1.468133E0,8.655332E-1,2.557293E0
1.472304E0,1.062709E0,-1.543629E1
1.476475E0,1.835531E0,-3.318513E1
1.480646E0,2.032110E0,-4.970051E1
1.484817E0,3.756806E0,-6.533696E1
1.488987E0,4.162521E0,-8.007649E1
1.493158E0,5.846055E0,-9.347620E1
1.497329E0,6.832918E0,-1.054905E2
1.501500E0,8.140929E0,-1.163159E2
1.505671E0,8.619306E0,-1.253432E2
1.509842E0,1.000417E1,-1.332687E2
1.514012E0,1.099376E1,-1.405164E2
1.518183E0,1.210030E1,-1.463640E2
1.522354E0,1.327724E1,-1.514942E2
1.526525E0,1.381643E1,-1.547527E2
1.530696E0,1.502867E1,-1.570754E2
1.534867E0,1.512329E1,-1.584233E2
1.539037E0,1.563229E1,-1.591101E2
1.543208E0,1.512262E1,-1.582068E2
1.547379E0,1.449819E1,-1.563631E2
1.551550E0,1.365502E1,-1.531876E2
1.555721E0,1.266115E1,-1.494167E2
1.559892E0,1.097015E1,-1.436129E2
1.564062E0,9.749524E0,-1.377270E2
1.568233E0,8.777000E0,-1.304572E2
1.572404E0,7.714998E0,-1.222272E2
1.576575E0,6.516546E0,-1.122768E2
1.580746E0,4.820320E0,-1.015801E2
1.584917E0,3.638483E0,-8.940174E1
1.589087E0,2.464114E0,-7.605744E1
1.593258E0,9.662110E-1,-6.162157E1
1.597429E0,-9.668649E-1,-4.577741E1
1.601600E0,-2.375793E0,-2.916333E1
1.605771E0,-3.856936E0,-1.157572E1
1.609942E0,-5.828527E0,6.374118E0
1.614113E0,-6.243812E0,2.343037E1
1.618283E0,-7.047544E0,4.007973E1
1.622454E0,-8.319915E0,5.498594E1
1.626625E0,-7.969521E0,6.931284E1
1.630796E0,-6.913082E0,8.201446E1
1.634967E0,-7.037432E0,9.383506E1
1.639138E0,-5.922623E0,1.037811E2
1.643308E0,-5.386232E0,1.126626E2
1.647479E0,-4.522733E0,1.200659E2
1.651650E0,-2.420818E0,1.261933E2
1.655821E0,-1.540421E0,1.314748E2
1.659992E0,-3.536554E-1,1.344136E2
1.664163E0,9.464162E-1,1.370344E2
1.668333E0,1.857864E0,1.378845E2
1.672504E0,3.236794E0,1.378502E2
1.676675E0,4.567688E0,1.365694E2
1.680846E0,5.600300E0,1.340538E2
1.685017E0,6.611690E0,1.298661E2
1.689188E0,7.590885E0,1.248350E2
1.693358E0,8.466236E0,1.185332E2
1.697529E0,9.589465E0,1.111992E2
1.701700E0,1.048231E1,1.025455E2
1.705871E0,1.171044E1,9.234245E1
1.710042E0,1.220697E1,8.037934E1
1.714213E0,1.167192E1,6.687888E1
1.718383E0,1.213693E1,5.125690E1
1.722554E0,1.382612E1,3.580672E1
1.726725E0,1.580869E1,1.953867E1
1.730896E0,1.260612E1,1.563798E0
1.735067E0,1.336561E1,-1.510944E1
1.739237E0,1.153426E1,-3.224256E1
1.743408E0,9.417087E0,-4.808034E1
1.747579E0,7.330500E0,-6.316266E1
1.751750E0,4.952544E0,-7.741072E1
1.755921E0,4.105775E0,-8.972179E1
1.760092E0,1.171618E0,-1.016108E2
1.764263E0,-4.537056E-1,-1.112167E2
1.768433E0,-1.432352E0,-1.192381E2
1.772604E0,4.155885E-1,-1.232212E2
1.776775E0,-3.161559E0,-1.324906E2
1.780946E0,-5.418845E0,-1.380486E2
1.785117E0,-7.649242E0,-1.430059E2
1.789288E0,-9.039216E0,-1.464636E2
1.793458E0,-9.280999E0,-1.475118E2
1.797629E0,-1.134507E1,-1.491044E2
1.801800E0,-1.159640E1,-1.484812E2
1.805971E0,-1.261167E1,-1.470483E2
1.810142E0,-1.318672E1,-1.447538E2
1.814312E0,-1.437627E1,-1.416106E2
1.818483E0,-1.450189E1,-1.365991E2
1.822654E0,-1.446812E1,-1.307929E2
1.826825E0,-1.481863E1,-1.246910E2
1.830996E0,-1.399437E1,-1.167568E2
1.835167E0,-1.427214E1,-1.082245E2
1.839338E0,-1.342819E1,-9.745825E1
1.843508E0,-1.229785E1,-8.661600E1
1.847679E0,-1.265777E1,-7.508010E1
1.851850E0,-1.257666E1,-6.205190E1
1.856021E0,-9.251496E0,-4.747249E1
1.860192E0,-8.578475E0,-3.242287E1
1.864362E0,-4.116560E0,-1.638502E1
1.868533E0,-3.467983E-1,-4.838761E-1
1.872704E0,3.410275E0,1.575116E1
1.876875E0,6.403112E0,3.127023E1
1.881046E0,1.109838E1,4.568916E1
1.885217E0,1.706389E1,5.959035E1
1.889387E0,2.190614E1,7.172210E1
1.893558E0,2.653840E1,8.283320E1
1.897729E0,3.241883E1,9.255411E1
1.901900E0,3.502817E1,9.992419E1
1.906071E0,3.857057E1,1.069907E2
1.910242E0,4.249247E1,1.123083E2
1.914413E0,4.526211E1,1.170407E2
1.918583E0,4.756790E1,1.200325E2
1.922754E0,4.931472E1,1.218486E2
1.926925E0,5.135370E1,1.225528E2
1.931096E0,5.233965E1,1.223420E2
1.935267E0,5.295430E1,1.208295E2
1.939437E0,5.261347E1,1.182369E2
1.943608E0,5.249584E1,1.146465E2
1.947779E0,5.145890E1,1.098367E2
1.951950E0,5.020809E1,1.037409E2
1.956121E0,4.789266E1,9.673726E1
1.960292E0,4.553025E1,8.736317E1
1.964463E0,4.260836E1,7.799263E1
1.968633E0,3.837248E1,6.642311E1
1.972804E0,3.494831E1,5.417401E1
1.976975E0,2.732955E1,4.047431E1
1.981146E0,2.120637E1,2.631634E1
1.985317E0,1.918778E1,1.119047E1
1.989487E0,1.261870E1,-4.775123E0
1.993658E0,7.476518E0,-1.970866E1
1.997829E0,-3.106657E0,-3.520632E1
2.002000E0,-8.362552E0,-4.847349E1
2.006171E0,-1.309225E1,-6.155512E1
2.010342E0,-1.841790E1,-7.317495E1
2.014512E0,-2.217483E1,-8.344403E1
2.018683E0,-2.717676E1,-9.335821E1
2.022854E0,-3.031291E1,-1.013104E2
2.027025E0,-3.254671E1,-1.075118E2
2.031196E0,-3.587660E1,-1.148333E2
2.035367E0,-3.904151E1,-1.204363E2
2.039538E0,-4.145651E1,-1.241663E2
2.043708E0,-4.268144E1,-1.271715E2
2.047879E0,-4.462381E1,-1.300704E2
2.052050E0,-4.493122E1,-1.315489E2
2.056221E0,-4.577099E1,-1.317108E2
2.060392E0,-4.500987E1,-1.308727E2
2.064563E0,-4.540528E1,-1.289541E2
2.068733E0,-4.424172E1,-1.263485E2
2.072904E0,-4.303705E1,-1.226604E2
2.077075E0,-4.152091E1,-1.176101E2
2.081246E0,-3.979877E1,-1.125589E2
2.085417E0,-3.804648E1,-1.063183E2
2.089587E0,-3.436936E1,-9.810471E1
2.093758E0,-3.237120E1,-9.013175E1
2.097929E0,-2.811774E1,-8.060664E1
2.102100E0,-2.388025E1,-6.951814E1
2.106271E0,-1.918316E1,-5.757835E1
2.110442E0,-1.392502E1,-4.457857E1
2.114613E0,-1.017658E1,-3.118307E1
2.118783E0,-1.777836E0,-1.650072E1
2.122954E0,4.702935E0,-1.590043E0
2.127125E0,1.206755E1,1.272120E1
2.131296E0,1.781289E1,2.641228E1
2.135467E0,2.501774E1,3.941945E1
2.139637E0,3.429257E1,5.258541E1
2.143808E0,4.351430E1,6.441540E1
2.147979E0,5.025677E1,7.480410E1
2.152150E0,5.529870E1,8.286236E1
2.156321E0,5.740282E1,8.894398E1
2.160492E0,6.197698E1,9.459434E1
2.164662E0,6.561759E1,9.963652E1
2.168833E0,6.927687E1,1.036426E2
2.173004E0,7.105708E1,1.055603E2
2.177175E0,7.218534E1,1.068003E2
2.181346E0,7.365256E1,1.074663E2
2.185517E0,7.419611E1,1.066057E2
2.189687E0,7.342031E1,1.050291E2
2.193858E0,7.270466E1,1.022177E2
2.198029E0,7.109053E1,9.848193E1
2.202200E0,6.919196E1,9.333982E1
2.206371E0,6.577352E1,8.752237E1
2.210542E0,6.287745E1,8.045077E1
2.214713E0,5.969653E1,7.235424E1
2.218883E0,5.483982E1,6.246081E1
2.223054E0,4.939058E1,5.170354E1
2.227225E0,4.047848E1,3.879086E1
2.231396E0,3.324151E1,2.583346E1
2.235567E0,2.509783E1,1.183243E1
2.239738E0,1.629393E1,-2.338581E0
2.243908E0,9.087106E0,-1.626841E1
2.248079E0,-2.963335E0,-3.005258E1
2.252250E0,-1.005958E1,-4.223800E1
2.256421E0,-2.070648E1,-5.437288E1
2.260592E0,-2.475285E1,-6.431699E1
2.264762E0,-3.251652E1,-7.453163E1
2.268933E0,-3.717714E1,-8.242260E1
2.273104E0,-4.230736E1,-8.952448E1
2.277275E0,-4.719628E1,-9.629763E1
2.281446E0,-5.158005E1,-1.021298E2
2.285617E0,-5.566901E1,-1.071010E2
2.289788E0,-5.789110E1,-1.105248E2
2.293958E0,-6.062404E1,-1.131620E2
2.298129E0,-6.310791E1,-1.154925E2
2.302300E0,-6.390760E1,-1.165211E2
2.306471E0,-6.468727E1,-1.160243E2
2.310642E0,-6.450762E1,-1.154165E2
2.314812E0,-6.439577E1,-1.140650E2
2.318983E0,-6.277205E1,-1.113351E2
2.323154E0,-6.188005E1,-1.085929E2
2.327325E0,-5.907382E1,-1.038370E2
2.331496E0,-5.658600E1,-9.839637E1
2.335667E0,-5.283742E1,-9.250703E1
2.339838E0,-4.995382E1,-8.630628E1
2.344008E0,-4.490109E1,-7.827209E1
2.348179E0,-3.950291E1,-6.916040E1
2.352350E0,-3.299289E1,-5.952042E1
2.356521E0,-2.793416E1,-4.920186E1
2.360692E0,-1.854813E1,-3.743046E1
2.364863E0,-1.276361E1,-2.619473E1
2.369033E0,-4.384572E0,-1.348553E1
2.373204E0,5.140339E0,-6.988679E-1
2.377375E0,1.533154E1,1.202283E1
2.381546E0,2.456802E1,2.326615E1
2.385717E0,3.334005E1,3.359785E1
2.389887E0,4.328065E1,4.384701E1
2.394058E0,5.219371E1,5.285259E1
2.398229E0,5.933688E1,6.082875E1
2.402400E0,6.517497E1,6.688271E1
2.406571E0,7.096757E1,7.274074E1
2.410742E0,7.597232E1,7.705085E1
2.414912E0,8.008359E1,8.059697E1
2.419083E0,8.326941E1,8.292596E1
2.423254E0,8.593101E1,8.459394E1
2.427425E0,8.750253E1,8.530959E1
2.431596E0,8.778265E1,8.532033E1
2.435767E0,8.801193E1,8.396407E1
2.439938E0,8.737381E1,8.207531E1
2.444108E0,8.590124E1,7.903147E1
2.448279E0,8.404694E1,7.513074E1
2.452450E0,8.108283E1,7.069229E1
2.456621E0,7.659451E1,6.451734E1
2.460792E0,7.208220E1,5.762302E1
2.464962E0,6.584391E1,4.968450E1
2.469133E0,5.981554E1,4.126907E1
2.473304E0,5.179047E1,3.144895E1
2.477475E0,4.416850E1,2.132114E1
2.481646E0,3.366695E1,9.698779E0
2.485817E0,2.174649E1,-2.101858E0
2.489988E0,1.133630E1,-1.405277E1
2.494158E0,1.851866E0,-2.454863E1
2.498329E0,-8.643677E0,-3.460871E1
2.502500E0,-1.837041E1,-4.355069E1
2.506671E0,-2.887149E1,-5.243223E1
2.510842E0,-3.911657E1,-6.027746E1
2.515012E0,-4.882835E1,-6.777338E1
2.519183E0,-5.739094E1,-7.406759E1
2.523354E0,-6.341959E1,-7.942818E1
2.527525E0,-6.785675E1,-8.365231E1
2.531696E0,-7.342613E1,-8.714804E1
2.535867E0,-7.774724E1,-9.012387E1
2.540037E0,-8.092303E1,-9.270012E1
2.544208E0,-8.293955E1,-9.346119E1
2.548379E0,-8.456428E1,-9.428728E1
2.552550E0,-8.555050E1,-9.428241E1
2.556721E0,-8.578448E1,-9.300023E1
2.560892E0,-8.530500E1,-9.202696E1
2.565062E0,-8.412743E1,-9.004612E1
2.569233E0,-8.151126E1,-8.706104E1
2.573404E0,-7.885117E1,-8.408793E1
2.577575E0,-7.496233E1,-7.962632E1
2.581746E0,-7.119099E1,-7.511142E1
2.585917E0,-6.452602E1,-6.920486E1
2.590088E0,-5.729327E1,-6.275345E1
2.594258E0,-5.195781E1,-5.616138E1
2.598429E0,-4.365917E1,-4.854721E1
2.602600E0,-3.223433E1,-3.974249E1
2.606771E0,-2.359776E1,-3.105381E1
2.610942E0,-1.130377E1,-2.202187E1
2.615113E0,-1.888031E0,-1.213348E1
2.619283E0,9.318164E0,-2.444608E0
2.623454E0,2.283186E1,6.748098E0
2.627625E0,3.396746E1,1.565188E1
2.631796E0,4.430107E1,2.369704E1
2.635967E0,5.701531E1,3.109875E1
2.640137E0,6.613516E1,3.726869E1
2.644308E0,7.555541E1,4.329678E1
2.648479E0,8.166322E1,4.791746E1
2.652650E0,8.766025E1,5.194942E1
2.656821E0,9.353070E1,5.524205E1
2.660992E0,9.688479E1,5.761776E1
2.665163E0,9.976527E1,5.941198E1
2.669333E0,1.013150E2,6.026206E1
2.673504E0,1.037069E2,6.094998E1
2.677675E0,1.039200E2,6.055971E1
2.681846E0,1.032277E2,5.918120E1
2.686017E0,1.015624E2,5.769616E1
2.690187E0,9.884960E1,5.523226E1
2.694358E0,9.512103E1,5.182767E1
2.698529E0,9.109860E1,4.781019E1
2.702700E0,8.553329E1,4.325093E1
2.706871E0,7.846403E1,3.762050E1
2.711042E0,6.965774E1,3.139254E1
2.715213E0,6.133569E1,2.449779E1
2.719383E0,4.936745E1,1.678917E1
2.723554E0,3.764531E1,8.232931E0
2.727725E0,2.535577E1,-1.032530E-1
2.731896E0,1.145072E1,-8.650479E0
2.736067E0,-9.951280E-1,-1.646561E1
2.740238E0,-1.428542E1,-2.360607E1
2.744408E0,-2.774771E1,-2.978980E1
2.748579E0,-3.738213E1,-3.622058E1
2.752750E0,-4.945047E1,-4.163351E1
2.756921E0,-5.934709E1,-4.636462E1
2.761092E0,-6.850611E1,-5.078714E1
2.765262E0,-7.581376E1,-5.427531E1
2.769433E0,-8.085400E1,-5.725466E1
2.773604E0,-8.761974E1,-6.016151E1
2.777775E0,-9.255131E1,-6.211586E1
2.781946E0,-9.624423E1,-6.388647E1
2.786117E0,-9.947562E1,-6.475107E1
2.790287E0,-1.010144E2,-6.520655E1
2.794458E0,-1.020343E2,-6.555623E1
2.798629E0,-1.016852E2,-6.503738E1
2.802800E0,-1.008328E2,-6.400542E1
2.806971E0,-9.840242E1,-6.293608E1
2.811142E0,-9.519257E1,-6.145050E1
2.815313E0,-9.074222E1,-5.909821E1
2.819483E0,-8.561610E1,-5.642240E1
2.823654E0,-7.890568E1,-5.352275E1
2.827825E0,-7.234655E1,-5.017598E1
2.831996E0,-6.439219E1,-4.633264E1
2.836167E0,-5.482258E1,-4.161038E1
2.840337E0,-4.530533E1,-3.671849E1
2.844508E0,-3.309776E1,-3.133597E1
2.848679E0,-2.116183E1,-2.531071E1
2.852850E0,-8.795703E0,-1.818646E1
2.857021E0,4.398100E0,-1.160194E1
2.861192E0,1.635502E1,-3.440331E0
2.865363E0,2.967464E1,3.808523E0
2.869533E0,4.121131E1,1.048633E1
2.873704E0,5.456151E1,1.686669E1
2.877875E0,6.337457E1,2.324072E1
2.882046E0,7.245707E1,2.871171E1
2.886217E0,7.912157E1,3.444285E1
2.890387E0,8.607811E1,3.896106E1
2.894558E0,9.105512E1,4.273713E1
2.898729E0,9.566095E1,4.634330E1
2.902900E0,9.826198E1,4.912746E1
2.907071E0,1.005392E2,5.173689E1
2.911242E0,1.017068E2,5.282586E1
2.915412E0,1.016099E2,5.337092E1
2.919583E0,1.003943E2,5.334990E1
2.923754E0,9.808722E1,5.359207E1
2.927925E0,9.460502E1,5.253073E1
2.932096E0,9.053117E1,5.050246E1
2.936267E0,8.554438E1,4.759884E1
2.940437E0,7.825166E1,4.425859E1
2.944608E0,7.070502E1,4.050043E1
2.948779E0,6.253735E1,3.534023E1
2.952950E0,5.343961E1,2.962783E1
2.957121E0,4.070245E1,2.334949E1
2.961292E0,2.963254E1,1.579879E1
2.965463E0,1.569459E1,9.340241E0
2.969633E0,5.484519E0,-3.808619E-1
2.973804E0,-7.424328E0,-8.559661E0
2.977975E0,-1.901338E1,-1.729140E1
2.982146E0,-2.956967E1,-2.632512E1
2.986317E0,-3.981548E1,-3.437761E1
2.990487E0,-4.712899E1,-4.216505E1
2.994658E0,-5.580115E1,-4.934521E1
2.998829E0,-6.251674E1,-5.534046E1
3.003000E0,-6.645428E1,-6.130102E1
3.007171E0,-7.207160E1,-6.651782E1
3.011342E0,-7.198375E1,-7.041475E1
3.015512E0,-7.913768E1,-7.441175E1
3.019683E0,-8.181048E1,-7.715640E1
3.023854E0,-8.273800E1,-8.000611E1
3.028025E0,-8.237726E1,-8.118961E1
3.032196E0,-8.269476E1,-8.228004E1
3.036367E0,-8.188753E1,-8.205355E1
3.040538E0,-7.987969E1,-8.153337E1
3.044708E0,-7.694005E1,-8.043943E1
3.048879E0,-7.394268E1,-7.815275E1
3.053050E0,-6.960972E1,-7.534183E1
3.057221E0,-6.489694E1,-7.218317E1
3.061392E0,-5.791342E1,-6.774109E1
3.065562E0,-5.142680E1,-6.287227E1
3.069733E0,-4.441953E1,-5.715633E1
3.073904E0,-3.662815E1,-5.075674E1
3.078075E0,-2.830271E1,-4.326827E1
3.082246E0,-1.993216E1,-3.452292E1
3.086417E0,-7.398881E0,-2.602257E1
3.090588E0,6.971198E-1,-1.658880E1
3.094758E0,1.110099E1,-6.135381E0
3.098929E0,2.051427E1,4.820879E0
3.103100E0,3.037521E1,1.382396E1
3.107271E0,3.713640E1,2.458821E1
3.111442E0,4.601746E1,3.361830E1
3.115613E0,5.429992E1,4.173873E1
3.119783E0,5.870067E1,4.952493E1
3.123954E0,6.453652E1,5.583898E1
3.128125E0,7.031861E1,6.129230E1
3.132296E0,7.333006E1,6.581366E1
3.136467E0,7.507718E1,6.924716E1
3.140637E0,7.700399E1,7.215444E1
3.144808E0,7.745547E1,7.410499E1
3.148979E0,7.765224E1,7.492717E1
3.153150E0,7.666326E1,7.469704E1
3.157321E0,7.450565E1,7.371181E1
3.161492E0,7.216131E1,7.181300E1
3.165662E0,6.898938E1,6.881500E1
3.169833E0,6.463891E1,6.446053E1
3.174004E0,5.991060E1,5.953011E1
3.178175E0,5.392498E1,5.393810E1
3.182346E0,4.656130E1,4.683327E1
3.186517E0,3.996548E1,3.894787E1
3.190688E0,2.923293E1,2.902291E1
3.194858E0,2.123958E1,1.948325E1
3.199029E0,1.355341E1,8.360794E0
3.203200E0,5.282968E0,-3.487445E0
3.207371E0,-2.854638E0,-1.507842E1
3.211542E0,-8.513874E0,-2.637241E1
3.215712E0,-1.777191E1,-3.730636E1
3.219883E0,-2.445076E1,-4.717585E1
3.224054E0,-3.099317E1,-5.682374E1
3.228225E0,-3.509147E1,-6.551985E1
3.232396E0,-3.998210E1,-7.312591E1
3.236567E0,-4.349580E1,-8.009773E1
3.240738E0,-4.534176E1,-8.562939E1
3.244908E0,-4.867229E1,-9.101889E1
3.249079E0,-4.832318E1,-9.453712E1
3.253250E0,-4.903425E1,-9.772486E1
3.257421E0,-4.988091E1,-9.963983E1
3.261592E0,-4.938021E1,-1.005253E2
3.265763E0,-4.983908E1,-1.012215E2
3.269933E0,-4.892594E1,-1.004325E2
3.274104E0,-4.735330E1,-9.839095E1
3.278275E0,-4.543841E1,-9.566509E1
3.282446E0,-4.364658E1,-9.216973E1
3.286617E0,-4.054214E1,-8.759072E1
3.290787E0,-3.761338E1,-8.215665E1
3.294958E0,-3.291610E1,-7.565313E1
3.299129E0,-2.935185E1,-6.850218E1
3.303300E0,-2.562236E1,-6.010576E1
3.307471E0,-1.912898E1,-5.077255E1
3.311642E0,-1.287059E1,-4.044925E1
3.315812E0,-7.468528E0,-2.968397E1
3.319983E0,-1.166916E0,-1.821327E1
3.324154E0,5.436325E0,-6.077842E0
3.328325E0,1.201001E1,6.311023E0
3.332496E0,1.815944E1,1.810921E1
3.336667E0,2.405531E1,2.893148E1
3.340838E0,3.378145E1,3.933131E1
3.345008E0,3.927028E1,4.863536E1
3.349179E0,4.279122E1,5.591962E1
3.353350E0,4.716891E1,6.267533E1
3.357521E0,5.072671E1,6.856606E1
3.361692E0,5.308290E1,7.279309E1
3.365862E0,5.459360E1,7.595062E1
3.370033E0,5.708980E1,7.840940E1
3.374204E0,5.789137E1,7.965594E1
3.378375E0,5.858627E1,7.975490E1
3.382546E0,5.894188E1,7.887518E1
3.386717E0,5.863400E1,7.708353E1
3.390888E0,5.708113E1,7.370517E1
3.395058E0,5.494079E1,6.984661E1
3.399229E0,5.254623E1,6.468983E1
3.403400E0,4.938571E1,5.843509E1
3.407571E0,4.563331E1,5.110500E1
3.411742E0,4.078018E1,4.274161E1
3.415913E0,3.579628E1,3.344640E1
3.420083E0,3.033245E1,2.327700E1
3.424254E0,2.419795E1,1.211648E1
3.428425E0,1.775103E1,4.038564E-1
3.432596E0,9.770930E0,-1.174310E1
3.436767E0,1.752606E0,-2.314843E1
3.440937E0,-4.249093E0,-3.360036E1
3.445108E0,-1.070816E1,-4.304391E1
3.449279E0,-1.779661E1,-5.270903E1
3.453450E0,-2.635710E1,-6.114957E1
3.457621E0,-3.017592E1,-6.837788E1
3.461792E0,-3.535241E1,-7.515978E1
3.465963E0,-3.923683E1,-8.067158E1
3.470133E0,-4.297015E1,-8.524039E1
3.474304E0,-4.509117E1,-8.863026E1
3.478475E0,-4.740481E1,-9.121045E1
3.482646E0,-4.911839E1,-9.327218E1
3.486817E0,-4.882482E1,-9.372652E1
3.490988E0,-4.905955E1,-9.358669E1
3.495158E0,-4.925206E1,-9.261843E1
3.499329E0,-4.818565E1,-9.064160E1
3.503500E0,-4.823549E1,-8.816203E1
3.507671E0,-4.570656E1,-8.423706E1
3.511842E0,-4.427792E1,-8.029313E1
3.516013E0,-4.068278E1,-7.445649E1
3.520183E0,-3.736505E1,-6.848052E1
3.524354E0,-3.294684E1,-6.149803E1
3.528525E0,-2.845496E1,-5.337047E1
3.532696E0,-2.283143E1,-4.471253E1
3.536867E0,-1.774371E1,-3.548441E1
3.541037E0,-1.111795E1,-2.578984E1
3.545208E0,-3.554817E0,-1.497905E1
3.549379E0,4.284621E0,-4.211433E0
3.553550E0,1.404018E1,6.221285E0
3.557721E0,1.901655E1,1.569692E1
3.561892E0,2.849114E1,2.463287E1
3.566063E0,3.678118E1,3.267198E1
3.570233E0,4.408221E1,3.932894E1
3.574404E0,5.059970E1,4.591550E1
3.578575E0,5.623088E1,5.083705E1
3.582746E0,6.302402E1,5.535617E1
3.586917E0,6.608736E1,5.847952E1
3.591087E0,6.932931E1,6.087672E1
3.595258E0,7.194622E1,6.221411E1
3.599429E0,7.372453E1,6.316665E1
3.603600E0,7.409055E1,6.262030E1
3.607771E0,7.411621E1,6.131127E1
3.611942E0,7.347945E1,5.921147E1
3.616113E0,7.151157E1,5.605543E1
3.620283E0,6.838297E1,5.176158E1
3.624454E0,6.462954E1,4.682353E1
3.628625E0,6.083532E1,4.070088E1
3.632796E0,5.589108E1,3.416666E1
3.636967E0,4.932738E1,2.657034E1
3.641138E0,4.277582E1,1.831258E1
3.645308E0,3.408929E1,9.364062E0
3.649479E0,2.469281E1,-2.072514E-1
3.653650E0,1.689293E1,-9.841751E0
3.657821E0,7.275818E0,-1.870643E1
3.661992E0,-1.699422E0,-2.665589E1
3.666162E0,-9.591663E0,-3.350943E1
3.670333E0,-2.120072E1,-4.126854E1
3.674504E0,-2.951870E1,-4.723126E1
3.678675E0,-3.667745E1,-5.261598E1
3.682846E0,-4.408396E1,-5.750386E1
3.687017E0,-5.052008E1,-6.135827E1
3.691187E0,-5.483291E1,-6.448895E1
3.695358E0,-5.808294E1,-6.664818E1
3.699529E0,-6.266993E1,-6.904378E1
3.703700E0,-6.440993E1,-7.040011E1
3.707871E0,-6.608100E1,-7.075422E1
3.712042E0,-6.666780E1,-7.059470E1
3.716213E0,-6.757772E1,-7.014163E1
3.720383E0,-6.695145E1,-6.907572E1
3.724554E0,-6.516044E1,-6.715005E1
3.728725E0,-6.220937E1,-6.435374E1
3.732896E0,-5.921704E1,-6.153187E1
3.737067E0,-5.475440E1,-5.730563E1
3.741237E0,-4.967838E1,-5.308231E1
3.745408E0,-4.475561E1,-4.810985E1
3.749579E0,-3.661894E1,-4.242824E1
3.753750E0,-2.866774E1,-3.646410E1
3.757921E0,-1.982764E1,-2.974397E1
3.762092E0,-1.215903E1,-2.242660E1
3.766263E0,-1.688549E0,-1.468648E1
3.770433E0,7.594674E0,-6.637059E0
3.774604E0,1.921931E1,1.240383E0
3.778775E0,2.971606E1,8.571701E0
3.782946E0,3.765920E1,1.501631E1
3.787117E0,4.686913E1,2.121101E1
3.791287E0,5.418673E1,2.657160E1
3.795458E0,6.507918E1,3.122436E1
3.799629E0,6.883653E1,3.481883E1
3.803800E0,7.506315E1,3.814041E1
3.807971E0,7.845107E1,4.054286E1
3.812142E0,8.145620E1,4.242662E1
3.816312E0,8.342683E1,4.341502E1
3.820483E0,8.395711E1,4.397948E1
3.824654E0,8.396316E1,4.348286E1
3.828825E0,8.256178E1,4.269886E1
3.832996E0,8.042519E1,4.118978E1
3.837167E0,7.716876E1,3.861991E1
3.841338E0,7.254604E1,3.553623E1
3.845508E0,6.732299E1,3.157224E1
3.849679E0,6.121801E1,2.722393E1
3.853850E0,5.230068E1,2.216778E1
3.858021E0,4.415234E1,1.638006E1
3.862192E0,3.562705E1,9.838676E0
3.866363E0,2.470944E1,2.917235E0
3.870533E0,1.327083E1,-4.680723E0
3.874704E0,2.804599E0,-1.169988E1
3.878875E0,-8.156774E0,-1.840918E1
3.883046E0,-1.801761E1,-2.477537E1
3.887217E0,-2.662553E1,-3.035289E1
3.891388E0,-3.652926E1,-3.551592E1
3.895558E0,-4.438726E1,-4.013794E1
3.899729E0,-5.027993E1,-4.434064E1
3.903900E0,-5.593360E1,-4.787622E1
3.908071E0,-6.186715E1,-5.089135E1
3.912242E0,-6.650345E1,-5.319099E1
3.916412E0,-6.932146E1,-5.516876E1
3.920583E0,-7.047154E1,-5.639582E1
3.924754E0,-7.298789E1,-5.737513E1
3.928925E0,-7.289024E1,-5.748261E1
3.933096E0,-7.325551E1,-5.727898E1
3.937267E0,-7.041070E1,-5.666993E1
3.941438E0,-6.831912E1,-5.541320E1
3.945608E0,-6.565279E1,-5.391452E1
3.949779E0,-6.061375E1,-5.185487E1
3.953950E0,-5.473670E1,-4.863528E1
3.958121E0,-4.908603E1,-4.546307E1
3.962292E0,-4.206430E1,-4.175239E1
3.966463E0,-3.375411E1,-3.744907E1
3.970633E0,-2.576052E1,-3.219253E1
3.974804E0,-1.765212E1,-2.713068E1
3.978975E0,-7.877448E0,-2.067029E1
3.983146E0,2.769453E0,-1.414901E1
3.987317E0,1.380350E1,-7.000527E0
3.991488E0,2.302096E1,8.478940E-1
3.995658E0,3.186480E1,7.990381E0
3.999829E0,3.963119E1,1.446944E1
4.004000E0,4.819154E1,2.078117E1
4.008171E0,5.725963E1,2.572387E1
4.012342E0,6.136505E1,3.034543E1
4.016513E0,6.589088E1,3.470405E1
4.020683E0,6.864126E1,3.826554E1
4.024854E0,7.217166E1,4.097290E1
4.029025E0,7.382086E1,4.292085E1
4.033196E0,7.366801E1,4.417704E1
4.037367E0,7.396070E1,4.490041E1
4.041537E0,7.220418E1,4.477326E1
4.045708E0,7.037278E1,4.368172E1
4.049879E0,6.654851E1,4.179146E1
4.054050E0,6.276824E1,3.940101E1
4.058221E0,5.717328E1,3.656414E1
4.062392E0,5.115456E1,3.236742E1
4.066562E0,4.376725E1,2.721811E1
4.070733E0,3.592028E1,2.179778E1
4.074904E0,2.599722E1,1.534048E1
4.079075E0,1.866127E1,7.734571E0
4.083246E0,7.931759E0,-3.186798E-1
4.087417E0,-6.266435E-1,-9.385934E0
4.091588E0,-7.791521E0,-1.831785E1
4.095758E0,-1.689150E1,-2.606918E1
4.099929E0,-2.484771E1,-3.356285E1
4.104100E0,-3.209099E1,-4.067854E1
4.108271E0,-3.739146E1,-4.731512E1
4.112442E0,-4.136614E1,-5.308593E1
4.116613E0,-4.530328E1,-5.807614E1
4.120783E0,-4.910645E1,-6.265684E1
4.124954E0,-5.165598E1,-6.626012E1
4.129125E0,-5.266109E1,-6.920142E1
4.133296E0,-5.382538E1,-7.129108E1
4.137467E0,-5.408203E1,-7.276313E1
4.141637E0,-5.305329E1,-7.312691E1
4.145808E0,-5.287773E1,-7.315580E1
4.149979E0,-5.135048E1,-7.224990E1
4.154150E0,-4.877173E1,-7.023819E1
4.158321E0,-4.472025E1,-6.740877E1
4.162492E0,-4.138772E1,-6.422976E1
4.166663E0,-3.660512E1,-5.974015E1
4.170833E0,-3.207464E1,-5.466852E1
4.175004E0,-2.628792E1,-4.857508E1
4.179175E0,-2.015585E1,-4.172212E1
4.183346E0,-1.518695E1,-3.434560E1
4.187517E0,-7.676401E0,-2.569972E1
4.191687E0,-1.413389E0,-1.632600E1
4.195858E0,6.703797E0,-7.448250E0
4.200029E0,1.299170E1,2.989078E0
4.204200E0,2.004809E1,1.187112E1
4.208371E0,2.615153E1,2.078516E1
4.212542E0,3.257584E1,2.877307E1
4.216712E0,3.782004E1,3.592018E1
4.220883E0,4.184768E1,4.192895E1
4.225054E0,4.611087E1,4.716774E1
4.229225E0,4.968003E1,5.119512E1
4.233396E0,5.007845E1,5.463898E1
4.237567E0,5.102099E1,5.687982E1
4.241738E0,5.185123E1,5.801264E1
4.245908E0,5.215651E1,5.810796E1
4.250079E0,5.160177E1,5.731873E1
4.254250E0,4.960817E1,5.545458E1
4.258421E0,4.786572E1,5.303218E1
4.262592E0,4.509308E1,4.886177E1
4.266762E0,4.213533E1,4.377176E1
4.270933E0,3.798299E1,3.787328E1
4.275104E0,3.307752E1,3.073303E1
4.279275E0,2.662322E1,2.268359E1
4.283446E0,2.099510E1,1.350550E1
4.287617E0,1.530420E1,3.787427E0
4.291788E0,1.082203E1,-6.640044E0
4.295958E0,4.279269E0,-1.651128E1
4.300129E0,2.785162E-2,-2.649814E1
4.304300E0,-6.914191E0,-3.556954E1
4.308471E0,-1.403434E1,-4.417450E1
4.312642E0,-1.806535E1,-5.147638E1
4.316813E0,-2.238209E1,-5.818674E1
4.320983E0,-2.635836E1,-6.416549E1
4.325154E0,-2.901711E1,-6.916208E1
4.329325E0,-2.976537E1,-7.243367E1
4.333496E0,-3.283803E1,-7.625745E1
4.337667E0,-3.412088E1,-7.833877E1
4.341837E0,-3.431933E1,-7.945485E1
4.346008E0,-3.430818E1,-7.948342E1
4.350179E0,-3.402737E1,-7.883475E1
4.354350E0,-3.432727E1,-7.730897E1
4.358521E0,-3.256185E1,-7.447264E1
4.362692E0,-3.174593E1,-7.116439E1
4.366862E0,-2.834838E1,-6.658539E1
4.371033E0,-2.628921E1,-6.163718E1
4.375204E0,-2.329955E1,-5.556333E1
4.379375E0,-2.082523E1,-4.925819E1
4.383546E0,-1.633458E1,-4.136350E1
4.387717E0,-1.103144E1,-3.283226E1
4.391888E0,-6.717643E0,-2.367851E1
4.396058E0,-6.036469E-1,-1.396695E1
4.400229E0,5.365866E0,-4.077902E0
4.404400E0,1.175737E1,5.340818E0
4.408571E0,1.980516E1,1.470958E1
4.412742E0,2.584924E1,2.246491E1
4.416913E0,3.112840E1,2.938099E1
4.421083E0,3.574235E1,3.553840E1
4.425254E0,4.078050E1,4.046152E1
4.429425E0,4.463065E1,4.482390E1
4.433596E0,4.747157E1,4.788196E1
4.437767E0,5.022541E1,5.003927E1
4.441937E0,5.160929E1,5.100565E1
4.446108E0,5.306486E1,5.129564E1
4.450279E0,5.350759E1,5.080990E1
4.454450E0,5.325066E1,4.939143E1
4.458621E0,5.236532E1,4.663661E1
4.462792E0,4.983791E1,4.290919E1
4.466962E0,4.764375E1,3.856552E1
4.471133E0,4.406408E1,3.316421E1
4.475304E0,3.855529E1,2.681663E1
4.479475E0,3.386292E1,1.981744E1
4.483646E0,2.962606E1,1.234543E1
4.487817E0,2.129077E1,3.965350E0
4.491988E0,1.337323E1,-5.187240E0
4.496158E0,8.727264E0,-1.364510E1
4.500329E0,1.289651E0,-2.143013E1
4.504500E0,-4.603243E0,-2.840394E1
4.508671E0,-1.215856E1,-3.536645E1
4.512842E0,-1.830521E1,-4.122698E1
4.517012E0,-2.369633E1,-4.615661E1
4.521183E0,-3.029303E1,-5.133585E1
4.525354E0,-3.439747E1,-5.514727E1
4.529525E0,-3.692466E1,-5.821098E1
4.533696E0,-4.019500E1,-6.064234E1
4.537867E0,-4.306665E1,-6.247496E1
4.542038E0,-4.431966E1,-6.352058E1
4.546208E0,-4.469607E1,-6.334600E1
4.550379E0,-4.515785E1,-6.325669E1
4.554550E0,-4.449434E1,-6.213124E1
4.558721E0,-4.291701E1,-6.043406E1
4.562892E0,-3.991743E1,-5.765217E1
4.567062E0,-3.739839E1,-5.440516E1
4.571233E0,-3.331525E1,-5.056832E1
4.575404E0,-2.912376E1,-4.577854E1
4.579575E0,-2.436059E1,-4.058214E1
4.583746E0,-1.755632E1,-3.438514E1
4.587917E0,-1.208428E1,-2.828604E1
4.592087E0,-4.462912E0,-2.127167E1
4.596258E0,3.031865E0,-1.371323E1
4.600429E0,1.224079E1,-5.587709E0
4.604600E0,1.932013E1,1.973023E0
4.608771E0,2.737009E1,9.352178E0
4.612942E0,3.401755E1,1.553609E1
4.617113E0,4.021032E1,2.151964E1
4.621283E0,4.614083E1,2.635521E1
4.625454E0,5.017086E1,3.056473E1
4.629625E0,5.482314E1,3.433204E1
4.633796E0,5.716866E1,3.672128E1
4.637967E0,5.887321E1,3.853632E1
4.642137E0,5.998945E1,3.967197E1
4.646308E0,6.005209E1,3.978147E1
4.650479E0,5.953201E1,3.940709E1
4.654650E0,5.745951E1,3.804775E1
4.658821E0,5.496382E1,3.584091E1
4.662992E0,5.196147E1,3.326098E1
4.667163E0,4.766720E1,2.940352E1
4.671333E0,4.352783E1,2.523812E1
4.675504E0,3.672662E1,1.966757E1
4.679675E0,3.011924E1,1.364439E1
4.683846E0,2.163748E1,6.646589E0
4.688017E0,1.537786E1,-5.931091E-1
4.692188E0,7.500020E0,-8.783201E0
4.696358E0,3.552116E-2,-1.674080E1
4.700529E0,-7.135746E0,-2.421320E1
4.704700E0,-1.496702E1,-3.054732E1
4.708871E0,-1.923026E1,-3.663028E1
4.713042E0,-2.410428E1,-4.228422E1
4.717212E0,-2.937727E1,-4.745445E1
4.721383E0,-3.216825E1,-5.149855E1
4.725554E0,-3.685589E1,-5.553995E1
4.729725E0,-3.749375E1,-5.739741E1
4.733896E0,-3.879413E1,-5.965456E1
4.738067E0,-4.119622E1,-6.143667E1
4.742237E0,-4.220190E1,-6.222529E1
4.746408E0,-4.069677E1,-6.141559E1
4.750579E0,-3.917449E1,-6.062218E1
4.754750E0,-3.821854E1,-5.924567E1
4.758921E0,-3.494181E1,-5.679261E1
4.763092E0,-3.337825E1,-5.405797E1
4.767263E0,-2.815328E1,-4.974252E1
4.771433E0,-2.414443E1,-4.522194E1
4.775604E0,-1.988076E1,-4.008947E1
4.779775E0,-1.406893E1,-3.409996E1
4.783946E0,-7.878790E0,-2.756019E1
4.788117E0,-1.815106E0,-2.039426E1
4.792288E0,5.942115E0,-1.246260E1
4.796458E0,1.236927E1,-3.983332E0
4.800629E0,2.059279E1,4.322669E0
4.804800E0,2.712881E1,1.218960E1
4.808971E0,2.972228E1,1.882442E1
4.813142E0,3.469278E1,2.487850E1
4.817312E0,3.932686E1,3.003657E1
4.821483E0,4.307417E1,3.431272E1
4.825654E0,4.615560E1,3.834977E1
4.829825E0,4.768938E1,4.089716E1
4.833996E0,4.847667E1,4.291386E1
4.838167E0,4.851988E1,4.370309E1
4.842337E0,4.815034E1,4.351462E1
4.846508E0,4.702579E1,4.274547E1
4.850679E0,4.477501E1,4.091454E1
4.854850E0,4.236290E1,3.796917E1
4.859021E0,3.951290E1,3.436564E1
4.863192E0,3.537221E1,2.971606E1
4.867363E0,2.978881E1,2.394914E1
4.871533E0,2.447191E1,1.744627E1
4.875704E0,1.800021E1,9.796457E0
4.879875E0,1.162083E1,1.653620E0
4.884046E0,6.073880E0,-7.276301E0
4.888217E0,9.279018E-1,-1.605612E1
4.892387E0,-2.329744E0,-2.425476E1
4.896558E0,-5.495289E0,-3.162349E1
4.900729E0,-1.228338E1,-3.924734E1
4.904900E0,-1.658387E1,-4.557772E1
4.909071E0,-2.029714E1,-5.133818E1
4.913242E0,-2.293089E1,-5.653274E1
4.917413E0,-2.565241E1,-6.013991E1
4.921583E0,-2.750219E1,-6.347371E1
4.925754E0,-2.821989E1,-6.535793E1
4.929925E0,-3.009501E1,-6.720428E1
4.934096E0,-3.015329E1,-6.728524E1
4.938267E0,-2.878679E1,-6.646493E1
4.942437E0,-2.818821E1,-6.556838E1
4.946608E0,-2.710855E1,-6.336923E1
4.950779E0,-2.594239E1,-6.042390E1
4.954950E0,-2.403876E1,-5.640086E1
4.959121E0,-2.049461E1,-5.132899E1
4.963292E0,-1.682128E1,-4.583276E1
4.967462E0,-1.368298E1,-3.964384E1
4.971633E0,-9.829937E0,-3.246043E1
4.975804E0,-5.330419E0,-2.461241E1
4.979975E0,-5.049408E-1,-1.609116E1
4.984146E0,4.505408E0,-7.292284E0
4.988317E0,1.182670E1,1.827146E0
4.992488E0,1.565059E1,9.767024E0
4.996658E0,2.383225E1,1.740677E1
5.000829E0,2.762893E1,2.379750E1
5.005000E0,3.326339E1,2.968641E1
5.009171E0,3.542113E1,3.387653E1
5.013342E0,3.918154E1,3.765186E1
5.017512E0,4.136484E1,4.080310E1
5.021683E0,4.382583E1,4.234325E1
5.025854E0,4.471108E1,4.347628E1
5.030025E0,4.473183E1,4.358615E1
5.034196E0,4.475169E1,4.267165E1
5.038367E0,4.365899E1,4.062489E1
5.042538E0,4.176809E1,3.772327E1
5.046708E0,4.041715E1,3.436851E1
5.050879E0,3.692982E1,2.951921E1
5.055050E0,3.223392E1,2.375285E1
5.059221E0,2.852145E1,1.737804E1
5.063392E0,2.115705E1,9.617950E0
5.067563E0,1.506395E1,1.642989E0
5.071733E0,1.071055E1,-6.621861E0
5.075904E0,5.687952E0,-1.466261E1
5.080075E0,-5.965804E-1,-2.260266E1
5.084246E0,-5.005657E0,-2.976209E1
5.088417E0,-1.171944E1,-3.608533E1
5.092587E0,-1.628712E1,-4.227787E1
5.096758E0,-1.793615E1,-4.660963E1
5.100929E0,-2.109871E1,-5.054292E1
5.105100E0,-2.468344E1,-5.429263E1
5.109271E0,-2.770831E1,-5.730163E1
5.113442E0,-2.949075E1,-5.907175E1
5.117612E0,-3.070384E1,-6.037355E1
5.121783E0,-3.092739E1,-6.078937E1
5.125954E0,-3.126273E1,-6.010420E1
5.130125E0,-2.989540E1,-5.871918E1
5.134296E0,-2.887583E1,-5.661366E1
5.138467E0,-2.615255E1,-5.352124E1
5.142638E0,-2.441621E1,-5.011169E1
5.146808E0,-2.060786E1,-4.536194E1
5.150979E0,-1.723021E1,-4.028936E1
5.155150E0,-1.297759E1,-3.461616E1
5.159321E0,-9.405602E0,-2.841772E1
5.163492E0,-3.687553E0,-2.127645E1
5.167663E0,1.965457E0,-1.409628E1
5.171833E0,9.850360E0,-5.758791E0
5.176004E0,1.514547E1,1.761010E0
5.180175E0,2.144301E1,8.779755E0
5.184346E0,2.838530E1,1.541584E1
5.188517E0,3.262627E1,2.070895E1
5.192687E0,3.839590E1,2.557795E1
5.196858E0,4.276293E1,2.963404E1
5.201029E0,4.541545E1,3.274730E1
5.205200E0,4.721347E1,3.484221E1
5.209371E0,4.962317E1,3.621839E1
5.213542E0,5.014475E1,3.712612E1
5.217712E0,4.953537E1,3.658696E1
5.221883E0,4.796951E1,3.547585E1
5.226054E0,4.645651E1,3.362502E1
5.230225E0,4.330762E1,3.087465E1
5.234396E0,3.969255E1,2.691019E1
5.238567E0,3.575246E1,2.244804E1
5.242738E0,3.098096E1,1.740904E1
5.246908E0,2.407361E1,1.118148E1
5.251079E0,1.733642E1,4.390474E0
5.255250E0,9.799455E0,-3.231292E0
5.259421E0,3.648336E0,-1.101042E1
5.263592E0,-8.356013E-1,-1.861098E1
5.267762E0,-6.181691E0,-2.547568E1
5.271933E0,-1.051190E1,-3.136689E1
5.276104E0,-1.492234E1,-3.719402E1
5.280275E0,-1.916273E1,-4.231826E1
5.284446E0,-2.173443E1,-4.638087E1
5.288617E0,-2.541395E1,-5.020942E1
5.292788E0,-2.881454E1,-5.349947E1
5.296958E0,-2.944600E1,-5.546961E1
5.301129E0,-2.938201E1,-5.663233E1
5.305300E0,-3.125494E1,-5.740187E1
5.309471E0,-3.121777E1,-5.728921E1
5.313642E0,-2.986893E1,-5.631000E1
5.317812E0,-2.886228E1,-5.477982E1
5.321983E0,-2.529837E1,-5.160540E1
5.326154E0,-2.321628E1,-4.839602E1
5.330325E0,-2.003370E1,-4.441165E1
5.334496E0,-1.683442E1,-3.952980E1
5.338667E0,-1.301426E1,-3.403148E1
5.342837E0,-6.110765E0,-2.772629E1
5.347008E0,-2.833963E0,-2.103017E1
5.351179E0,3.431828E0,-1.338187E1
5.355350E0,9.570891E0,-5.650442E0
5.359521E0,1.634097E1,2.523302E0
5.363692E0,2.106979E1,9.508896E0
5.367863E0,2.561752E1,1.597743E1
5.372033E0,2.952684E1,2.149039E1
5.376204E0,3.360269E1,2.622624E1
5.380375E0,3.783400E1,3.038097E1
5.384546E0,3.971800E1,3.359439E1
5.388717E0,4.105363E1,3.597116E1
5.392887E0,4.184799E1,3.713756E1
5.397058E0,4.152955E1,3.784962E1
5.401229E0,4.171609E1,3.718739E1
5.405400E0,3.957938E1,3.579196E1
5.409571E0,3.775600E1,3.334553E1
5.413742E0,3.527650E1,3.025418E1
5.417913E0,3.111584E1,2.590078E1
5.422083E0,2.786486E1,2.115114E1
5.426254E0,2.148692E1,1.478994E1
5.430425E0,1.539313E1,7.924149E0
5.434596E0,1.138521E1,2.770744E-1
5.438767E0,5.493218E0,-8.036043E0
5.442938E0,1.348002E0,-1.622576E1
5.447108E0,-2.362744E0,-2.426351E1
5.451279E0,-4.495960E0,-3.065801E1
5.455450E0,-9.066254E0,-3.734010E1
5.459621E0,-1.263732E1,-4.317179E1
5.463792E0,-1.447491E1,-4.758776E1
5.467962E0,-1.673007E1,-5.119041E1
5.472133E0,-2.025320E1,-5.522009E1
5.476304E0,-2.170862E1,-5.756890E1
5.480475E0,-2.169998E1,-5.847652E1
5.484646E0,-2.266393E1,-5.934434E1
5.488817E0,-2.126577E1,-5.862048E1
5.492987E0,-2.101184E1,-5.764892E1
5.497158E0,-2.057718E1,-5.536357E1
5.501329E0,-1.924605E1,-5.250693E1
5.505500E0,-1.660818E1,-4.864234E1
5.509671E0,-1.479842E1,-4.429434E1
5.513842E0,-1.159384E1,-3.861013E1
5.518013E0,-1.009400E1,-3.303310E1
5.522183E0,-5.487462E0,-2.568186E1
5.526354E0,-1.115913E0,-1.824681E1
5.530525E0,1.924840E0,-1.047493E1
5.534696E0,7.261748E0,-2.146221E0
5.538867E0,1.413292E1,5.530528E0
5.543038E0,1.962416E1,1.252363E1
5.547208E0,2.431102E1,1.840901E1
5.551379E0,2.818589E1,2.359395E1
5.555550E0,3.166319E1,2.781402E1
5.559721E0,3.349413E1,3.086507E1
5.563892E0,3.701964E1,3.343135E1
5.568062E0,3.892210E1,3.531969E1
5.572233E0,3.908994E1,3.566985E1
5.576404E0,3.949966E1,3.579049E1
5.580575E0,3.925438E1,3.445392E1
5.584746E0,3.884339E1,3.230568E1
5.588917E0,3.642296E1,2.948962E1
5.593087E0,3.418886E1,2.554409E1
5.597258E0,3.019903E1,2.051907E1
5.601429E0,2.619937E1,1.429685E1
5.605600E0,2.206321E1,8.363736E0
5.609771E0,1.704386E1,1.436929E0
5.613942E0,1.033108E1,-6.176471E0
5.618113E0,4.590744E0,-1.414150E1
5.622283E0,-7.078293E-1,-2.096935E1
5.626454E0,-5.828271E0,-2.728576E1
5.630625E0,-8.257754E0,-3.264739E1
5.634796E0,-1.310276E1,-3.735787E1
5.638967E0,-1.583604E1,-4.162878E1
5.643137E0,-2.010117E1,-4.539253E1
5.647308E0,-2.305903E1,-4.839494E1
5.651479E0,-2.473814E1,-5.006904E1
5.655650E0,-2.590022E1,-5.164025E1
5.659821E0,-2.676410E1,-5.200881E1
5.663992E0,-2.689657E1,-5.227820E1
5.668163E0,-2.635788E1,-5.128489E1
5.672333E0,-2.507163E1,-4.942901E1
5.676504E0,-2.219158E1,-4.674937E1
5.680675E0,-2.026033E1,-4.360033E1
5.684846E0,-1.819151E1,-3.999781E1
5.689017E0,-1.414146E1,-3.526580E1
5.693187E0,-1.032703E1,-3.040924E1
5.697358E0,-5.870884E0,-2.462829E1
5.701529E0,-9.377569E-1,-1.831460E1
5.705700E0,3.728074E0,-1.164188E1
5.709871E0,1.000525E1,-4.375415E0
5.714042E0,1.716411E1,2.346337E0
5.718212E0,2.282086E1,8.538594E0
5.722383E0,2.736862E1,1.388638E1
5.726554E0,3.235718E1,1.868088E1
5.730725E0,3.721739E1,2.274230E1
5.734896E0,3.951389E1,2.550134E1
5.739067E0,4.148118E1,2.778476E1
5.743238E0,4.168791E1,2.881854E1
5.747408E0,4.258569E1,2.935081E1
5.751579E0,4.229743E1,2.939858E1
5.755750E0,4.095543E1,2.833631E1
5.759921E0,3.909339E1,2.634675E1
5.764092E0,3.574496E1,2.390934E1
5.768262E0,3.278728E1,2.048333E1
5.772433E0,2.754076E1,1.601357E1
5.776604E0,2.206576E1,1.067658E1
5.780775E0,1.602335E1,4.687043E0
5.784946E0,1.136669E1,-1.753926E0
5.789117E0,5.503237E0,-9.028658E0
5.793287E0,-4.777066E-1,-1.622228E1
5.797458E0,-4.825497E0,-2.299063E1
5.801629E0,-7.533686E0,-2.849621E1
5.805800E0,-1.204515E1,-3.433972E1
5.809971E0,-1.414780E1,-3.854817E1
5.814142E0,-1.889559E1,-4.308752E1
5.818313E0,-2.107181E1,-4.643695E1
5.822483E0,-2.359626E1,-4.907244E1
5.826654E0,-2.288381E1,-5.084693E1
5.830825E0,-2.352094E1,-5.147383E1
5.834996E0,-2.456100E1,-5.204507E1
5.839167E0,-2.294868E1,-5.132025E1
5.843337E0,-2.080061E1,-4.978083E1
5.847508E0,-1.974462E1,-4.735329E1
5.851679E0,-1.708161E1,-4.452682E1
5.855850E0,-1.373683E1,-4.048709E1
5.860021E0,-1.133124E1,-3.620418E1
5.864192E0,-6.867672E0,-3.078436E1
5.868362E0,-4.136696E0,-2.502204E1
5.872533E0,1.212631E-1,-1.858282E1
5.876704E0,4.538394E0,-1.097222E1
5.880875E0,9.616444E0,-3.929997E0
5.885046E0,1.524972E1,3.472192E0
5.889217E0,1.817650E1,9.574207E0
5.893388E0,2.337059E1,1.558362E1
5.897558E0,2.747483E1,2.041774E1
5.901729E0,3.014759E1,2.422288E1
5.905900E0,3.271383E1,2.765034E1
5.910071E0,3.308703E1,2.977226E1
5.914242E0,3.385516E1,3.095705E1
5.918413E0,3.441325E1,3.139797E1
5.922583E0,3.402986E1,3.056675E1
5.926754E0,3.186449E1,2.891754E1
5.930925E0,3.014171E1,2.660260E1
5.935096E0,2.838155E1,2.319794E1
5.939267E0,2.468670E1,1.894981E1
5.943437E0,2.238621E1,1.429249E1
5.947608E0,1.863259E1,8.235317E0
5.951779E0,1.402643E1,1.335968E0
5.955950E0,8.947657E0,-6.165548E0
5.960121E0,4.232531E0,-1.409236E1
5.964292E0,1.490514E0,-2.142967E1
5.968462E0,-8.412108E-1,-2.763336E1
5.972633E0,-5.001889E0,-3.378120E1
5.976804E0,-7.736448E0,-3.802114E1
5.980975E0,-1.018597E1,-4.260157E1
5.985146E0,-1.183186E1,-4.578294E1
5.989317E0,-1.414154E1,-4.844948E1
5.993488E0,-1.619322E1,-5.045893E1
5.997658E0,-1.665948E1,-5.136189E1
6.001829E0,-1.686705E1,-5.161869E1
6.006000E0,-1.670171E1,-5.032233E1
6.010171E0,-1.564152E1,-4.859197E1
6.014342E0,-1.476666E1,-4.614480E1
6.018512E0,-1.268603E1,-4.259467E1
6.022683E0,-1.219091E1,-3.910641E1
6.026854E0,-9.427887E0,-3.419640E1
6.031025E0,-6.524538E0,-2.850067E1
6.035196E0,-3.612845E0,-2.266170E1
6.039367E0,4.650955E-1,-1.574117E1
6.043538E0,4.942273E0,-8.657455E0
6.047708E0,9.412144E0,-1.435690E0
6.051879E0,1.434891E1,4.980372E0
6.056050E0,1.963016E1,1.042198E1
6.060221E0,2.446839E1,1.559362E1
6.064392E0,2.826415E1,1.946812E1
6.068562E0,3.178160E1,2.243987E1
6.072733E0,3.323135E1,2.481101E1
6.076904E0,3.596759E1,2.628128E1
6.081075E0,3.609852E1,2.669718E1
6.085246E0,3.590822E1,2.657297E1
6.089417E0,3.579332E1,2.544070E1
6.093587E0,3.446639E1,2.362940E1
6.097758E0,3.204176E1,2.070503E1
6.101929E0,2.975931E1,1.731669E1
6.106100E0,2.664376E1,1.325459E1
6.110271E0,2.110875E1,7.885587E0
6.114442E0,1.597932E1,2.443220E0
6.118613E0,1.177979E1,-3.645505E0
6.122783E0,5.335463E0,-1.017535E1
6.126954E0,4.527064E-1,-1.651650E1
6.131125E0,-4.014946E0,-2.224704E1
6.135296E0,-8.194731E0,-2.725639E1
6.139467E0,-9.604257E0,-3.144747E1
6.143637E0,-1.376778E1,-3.536914E1
6.147808E0,-1.579790E1,-3.860819E1
6.151979E0,-1.632181E1,-4.056383E1
6.156150E0,-1.838359E1,-4.256963E1
6.160321E0,-1.852314E1,-4.337720E1
6.164492E0,-2.014931E1,-4.426594E1
6.168662E0,-1.989708E1,-4.420334E1
6.172833E0,-1.744741E1,-4.269953E1
6.177004E0,-1.507536E1,-4.067059E1
6.181175E0,-1.420855E1,-3.850225E1
6.185346E0,-1.163787E1,-3.558699E1
6.189517E0,-7.921938E0,-3.172583E1
6.193688E0,-4.824248E0,-2.730851E1
6.197858E0,-1.622116E0,-2.213603E1
6.202029E0,2.940341E0,-1.660568E1
6.206200E0,7.094954E0,-1.029805E1
6.210371E0,1.294917E1,-3.410067E0
6.214542E0,1.782120E1,2.503752E0
6.218712E0,2.188709E1,8.280006E0
6.222883E0,2.399831E1,1.275508E1
6.227054E0,2.718225E1,1.684300E1
6.231225E0,3.033570E1,2.044575E1
6.235396E0,3.159624E1,2.255943E1
6.239567E0,3.288907E1,2.418115E1
6.243737E0,3.212223E1,2.486163E1
6.247908E0,3.162329E1,2.467829E1
6.252079E0,2.989110E1,2.380083E1
6.256250E0,2.847363E1,2.193756E1
6.260421E0,2.623613E1,1.928734E1
6.264592E0,2.377243E1,1.540405E1
6.268763E0,2.047849E1,1.144252E1
6.272933E0,1.564348E1,5.656414E0
6.277104E0,1.264033E1,-5.963931E-1
6.281275E0,6.837767E0,-8.064616E0
6.285446E0,3.977213E0,-1.521029E1
6.289617E0,1.632827E0,-2.175470E1
6.293788E0,-6.564927E-1,-2.742487E1
6.297958E0,-2.504323E0,-3.244884E1
6.302129E0,-5.360937E0,-3.738634E1
6.306300E0,-5.335773E0,-4.051994E1
6.310471E0,-6.689246E0,-4.324758E1
6.314642E0,-7.410216E0,-4.546409E1
6.318812E0,-7.865739E0,-4.664377E1
6.322983E0,-9.121267E0,-4.716042E1
6.327154E0,-8.701092E0,-4.642117E1
6.331325E0,-8.669240E0,-4.503363E1
6.335496E0,-6.545131E0,-4.235335E1
6.339667E0,-5.618323E0,-3.934523E1
6.343837E0,-4.383314E0,-3.542436E1
6.348008E0,-2.690803E0,-3.043057E1
6.352179E0,2.845824E-1,-2.468349E1
6.356350E0,1.741839E0,-1.880089E1
6.360521E0,3.321597E0,-1.206187E1
6.364692E0,7.999119E0,-4.768366E0
6.368863E0,1.064032E1,1.735661E0
6.373033E0,1.415384E1,7.569468E0
6.377204E0,1.820118E1,1.254798E1
6.381375E0,2.180297E1,1.656164E1
6.385546E0,2.346169E1,1.971829E1
6.389717E0,2.528222E1,2.196853E1
6.393887E0,2.802846E1,2.336843E1
6.398058E0,2.833071E1,2.380413E1
6.402229E0,2.956711E1,2.338283E1
6.406400E0,2.849424E1,2.186874E1
6.410571E0,2.820591E1,1.939638E1
6.414742E0,2.604941E1,1.571136E1
6.418913E0,2.410762E1,1.157114E1
6.423083E0,2.156296E1,6.726271E0
6.427254E0,1.918711E1,1.358234E0
6.431425E0,1.571960E1,-4.491993E0
6.435596E0,1.039551E1,-1.130571E1
6.439767E0,7.865550E0,-1.668214E1
6.443937E0,3.733251E0,-2.161665E1
6.448108E0,-6.031726E-1,-2.627568E1
6.452279E0,-4.281665E0,-3.023456E1
6.456450E0,-7.461687E0,-3.326946E1
6.460621E0,-9.745979E0,-3.603931E1
6.464792E0,-1.210952E1,-3.823755E1
6.468963E0,-1.190922E1,-3.876930E1
6.473133E0,-1.328264E1,-3.937216E1
6.477304E0,-1.390800E1,-3.945304E1
6.481475E0,-1.358636E1,-3.826208E1
6.485646E0,-1.171462E1,-3.659551E1
6.489817E0,-1.035165E1,-3.449607E1
6.493988E0,-8.156088E0,-3.161658E1
6.498158E0,-6.212201E0,-2.847939E1
6.502329E0,-2.618778E0,-2.442898E1
6.506500E0,2.464544E-1,-2.000555E1
6.510671E0,4.449844E0,-1.506615E1
6.514842E0,9.519044E0,-9.340413E0
6.519012E0,1.410156E1,-4.442616E0
6.523183E0,1.980307E1,1.282330E0
6.527354E0,2.348766E1,5.666957E0
6.531525E0,2.771676E1,9.440911E0
6.535696E0,3.013669E1,1.233304E1
6.539867E0,3.140849E1,1.491154E1
6.544037E0,3.424153E1,1.656998E1
6.548208E0,3.473033E1,1.745496E1
6.552379E0,3.384601E1,1.745638E1
6.556550E0,3.357970E1,1.670887E1
6.560721E0,3.208032E1,1.532880E1
6.564892E0,2.974730E1,1.330450E1
6.569063E0,2.636717E1,1.055011E1
6.573233E0,2.242969E1,6.561633E0
6.577404E0,1.778107E1,1.720627E0
6.581575E0,1.261409E1,-3.355415E0
6.585746E0,8.858324E0,-9.225757E0
6.589917E0,4.001056E0,-1.519981E1
6.594088E0,1.215119E0,-2.027782E1
6.598258E0,-1.872268E0,-2.536457E1
6.602429E0,-4.450479E0,-2.934917E1
6.606600E0,-4.983763E0,-3.259971E1
6.610771E0,-6.883158E0,-3.562092E1
6.614942E0,-8.052450E0,-3.741474E1
6.619112E0,-7.643488E0,-3.849298E1
6.623283E0,-8.214192E0,-3.947478E1
6.627454E0,-7.648833E0,-3.926197E1
6.631625E0,-6.690413E0,-3.824987E1
6.635796E0,-4.521734E0,-3.644394E1
6.639967E0,-3.576951E0,-3.440141E1
6.644138E0,-1.376947E0,-3.146252E1
6.648308E0,1.097635E0,-2.767207E1
6.652479E0,2.978750E0,-2.348096E1
6.656650E0,7.678908E0,-1.764388E1
6.660821E0,9.357482E0,-1.208406E1
6.664992E0,1.488542E1,-5.620928E0
6.669163E0,1.763982E1,5.316062E-1
6.673333E0,1.977255E1,5.472726E0
6.677504E0,2.294414E1,1.038198E1
6.681675E0,2.547825E1,1.440658E1
6.685846E0,2.771524E1,1.745847E1
6.690017E0,2.741741E1,1.890097E1
6.694187E0,2.794764E1,1.962218E1
6.698358E0,2.773456E1,1.973265E1
6.702529E0,2.808063E1,1.920700E1
6.706700E0,2.639040E1,1.750963E1
6.710871E0,2.454394E1,1.481376E1
6.715042E0,2.351026E1,1.144953E1
6.719213E0,2.008016E1,6.491652E0
6.723383E0,1.708905E1,1.401380E0
6.727554E0,1.360805E1,-4.422183E0
6.731725E0,1.041884E1,-1.050404E1
6.735896E0,8.076752E0,-1.644099E1
6.740067E0,5.487103E0,-2.153398E1
6.744238E0,2.055664E0,-2.641155E1
6.748408E0,-5.249462E-1,-3.026668E1
6.752579E0,-4.821690E-1,-3.244986E1
6.756750E0,-2.510239E0,-3.531585E1
6.760921E0,-4.010204E0,-3.749140E1
6.765092E0,-4.741438E0,-3.802803E1
6.769262E0,-5.282803E0,-3.843299E1
6.773433E0,-4.414082E0,-3.752599E1
6.777604E0,-4.649088E0,-3.610766E1
6.781775E0,-4.125914E0,-3.438328E1
6.785946E0,-1.892858E0,-3.156256E1
6.790117E0,-1.397270E-1,-2.771778E1
6.794288E0,1.560262E-1,-2.435754E1
6.798458E0,3.724963E0,-1.923529E1
6.802629E0,7.598406E0,-1.351159E1
6.806800E0,1.022930E1,-8.297434E0
6.810971E0,1.520908E1,-2.353979E0
6.815142E0,1.787528E1,1.759297E0
6.819312E0,2.195411E1,6.314540E0
6.823483E0,2.391297E1,9.618434E0
6.827654E0,2.693484E1,1.237107E1
6.831825E0,2.832389E1,1.459072E1
6.835996E0,2.950383E1,1.560492E1
6.840167E0,2.961695E1,1.574018E1
6.844338E0,3.016506E1,1.521395E1
6.848508E0,2.789600E1,1.367370E1
6.852679E0,2.711953E1,1.150170E1
6.856850E0,2.424675E1,8.756785E0
6.861021E0,2.227443E1,5.624036E0
6.865192E0,1.813301E1,3.754880E-1
6.869363E0,1.439785E1,-4.434105E0
6.873533E0,9.461612E0,-1.018006E1
6.877704E0,6.183938E0,-1.537991E1
6.881875E0,2.425198E0,-2.028865E1
6.886046E0,2.437984E-1,-2.424574E1
6.890217E0,-6.082342E-1,-2.745379E1
6.894387E0,-2.528341E0,-3.038064E1
6.898558E0,-2.901426E0,-3.256289E1
6.902729E0,-5.051195E0,-3.452460E1
6.906900E0,-5.467902E0,-3.535863E1
6.911071E0,-4.696976E0,-3.533640E1
6.915242E0,-3.592201E0,-3.444812E1
6.919412E0,-4.286982E0,-3.428304E1
6.923583E0,-2.781858E0,-3.217676E1
6.927754E0,-1.982707E0,-3.030187E1
6.931925E0,1.531949E0,-2.646895E1
6.936096E0,3.015381E0,-2.323448E1
6.940267E0,6.231426E0,-1.849829E1
6.944438E0,9.606925E0,-1.343183E1
6.948608E0,1.268794E1,-8.110595E0
6.952779E0,1.615943E1,-2.691210E0
6.956950E0,1.967258E1,2.606977E0
6.961121E0,2.159690E1,6.575424E0
6.965292E0,2.435867E1,1.052429E1
6.969463E0,2.475845E1,1.265127E1
6.973633E0,2.654408E1,1.459870E1
6.977804E0,2.762095E1,1.558010E1
6.981975E0,2.690642E1,1.546667E1
6.986146E0,2.577979E1,1.446872E1
6.990317E0,2.449860E1,1.279903E1
6.994487E0,2.349024E1,1.053634E1
6.998658E0,2.172764E1,7.372875E0
7.002829E0,1.784142E1,2.480272E0
7.007000E0,1.504346E1,-2.557610E0
7.011171E0,1.171248E1,-8.199449E0
7.015342E0,9.937513E0,-1.370739E1
7.019512E0,7.620110E0,-1.848905E1
7.023683E0,4.206062E0,-2.339652E1
7.027854E0,2.239663E0,-2.724065E1
7.032025E0,6.204174E-1,-3.023274E1
7.036196E0,-1.323027E0,-3.326984E1
7.040367E0,-1.002316E0,-3.461861E1
7.044538E0,-1.529234E0,-3.526727E1
7.048708E0,-1.480560E0,-3.537662E1
7.052879E0,-2.341840E0,-3.537480E1
7.057050E0,-2.139937E0,-3.438338E1
7.061221E0,-1.336138E0,-3.226327E1
7.065392E0,8.792210E-2,-2.961212E1
7.069562E0,7.842087E-1,-2.620634E1
7.073733E0,3.350083E0,-2.209175E1
7.077904E0,6.013032E0,-1.763035E1
7.082075E0,9.743886E0,-1.170904E1
7.086246E0,1.288496E1,-6.390579E0
7.090417E0,1.561611E1,-1.180286E0
7.094588E0,1.957815E1,3.510917E0
7.098758E0,2.101418E1,6.579861E0
7.102929E0,2.313917E1,9.511669E0
7.107100E0,2.461026E1,1.179040E1
7.111271E0,2.678993E1,1.333026E1
7.115442E0,2.663777E1,1.348025E1
7.119613E0,2.688894E1,1.331229E1
7.123783E0,2.455615E1,1.184926E1
7.127954E0,2.355810E1,9.591876E0
7.132125E0,2.133707E1,6.707677E0
7.136296E0,2.040638E1,3.542934E0
7.140467E0,1.694738E1,-1.399547E0
7.144637E0,1.332979E1,-6.181571E0
7.148808E0,1.031728E1,-1.136730E1
7.152979E0,7.560524E0,-1.640032E1
7.157150E0,5.049165E0,-2.059238E1
7.161321E0,2.355113E0,-2.427890E1
7.165492E0,8.277335E-1,-2.756783E1
7.169663E0,-1.450113E0,-3.024618E1
7.173833E0,-2.656886E0,-3.214928E1
7.178004E0,-2.952283E0,-3.347309E1
7.182175E0,-4.505024E0,-3.412781E1
7.186346E0,-3.002413E0,-3.357418E1
7.190517E0,-2.202137E0,-3.251717E1
7.194687E0,-7.391567E-1,-3.041940E1
7.198858E0,4.175781E-1,-2.827154E1
7.203029E0,2.223132E0,-2.532398E1
7.207200E0,5.372186E0,-2.154678E1
7.211371E0,7.724345E0,-1.761991E1
7.215542E0,1.051751E1,-1.250594E1
7.219713E0,1.356999E1,-7.315067E0
7.223883E0,1.603988E1,-2.703532E0
7.228054E0,1.843768E1,1.832660E0
7.232225E0,2.067683E1,5.532605E0
7.236396E0,2.229006E1,8.620779E0
7.240567E0,2.337928E1,1.080456E1
7.244738E0,2.465519E1,1.184206E1
7.248908E0,2.569548E1,1.236178E1
7.253079E0,2.404740E1,1.163287E1
7.257250E0,2.334942E1,1.080588E1
7.261421E0,2.188594E1,8.395309E0
7.265592E0,2.051227E1,5.646164E0
7.269762E0,1.781661E1,1.730019E0
7.273933E0,1.556062E1,-2.665506E0
7.278104E0,1.145510E1,-8.212558E0
7.282275E0,9.599099E0,-1.342152E1
7.286446E0,6.763344E0,-1.830672E1
7.290617E0,4.408071E0,-2.244631E1
7.294787E0,3.145089E0,-2.573758E1
7.298958E0,2.020704E0,-2.838001E1
7.303129E0,1.127509E0,-3.059815E1
7.307300E0,-8.495615E-1,-3.243572E1
7.311471E0,1.979798E-1,-3.273445E1
7.315642E0,-1.691192E0,-3.305133E1
7.319813E0,-7.421292E-1,-3.222396E1
7.323983E0,5.846928E-1,-3.055045E1
7.328154E0,-2.121846E-1,-2.916774E1
7.332325E0,1.914505E0,-2.629103E1
7.336496E0,4.345973E0,-2.245611E1
7.340667E0,6.440350E0,-1.854410E1
7.344838E0,7.688680E0,-1.414217E1
7.349008E0,1.219968E1,-8.563775E0
7.353179E0,1.407545E1,-3.672703E0
7.357350E0,1.629003E1,7.581158E-1
7.361521E0,1.901006E1,4.506744E0
7.365692E0,2.101776E1,7.504637E0
7.369862E0,2.209478E1,9.425506E0
7.374033E0,2.274288E1,1.074967E1
7.378204E0,2.422785E1,1.151830E1
7.382375E0,2.270040E1,1.075631E1
7.386546E0,2.167656E1,8.830808E0
7.390717E0,1.978131E1,6.640883E0
7.394887E0,1.874662E1,3.709650E0
7.399058E0,1.579231E1,-3.317397E-1
7.403229E0,1.412056E1,-4.625290E0
7.407400E0,1.124383E1,-9.313790E0
7.411571E0,8.635650E0,-1.441999E1
7.415742E0,7.104910E0,-1.864703E1
7.419913E0,6.235976E0,-2.131238E1
7.424083E0,3.042594E0,-2.544819E1
7.428254E0,2.438211E0,-2.748050E1
7.432425E0,9.376050E-1,-2.964122E1
7.436596E0,6.624611E-1,-3.045598E1
7.440767E0,-6.256291E-1,-3.120151E1
7.444937E0,1.200282E0,-3.068910E1
7.449108E0,-2.116621E-1,-3.025035E1
7.453279E0,1.249218E0,-2.822223E1
7.457450E0,2.329623E0,-2.613305E1
7.461621E0,4.115599E0,-2.345204E1
7.465792E0,5.308435E0,-2.021085E1
7.469963E0,8.128052E0,-1.584167E1
7.474133E0,1.032721E1,-1.107111E1
7.478304E0,1.270057E1,-6.334448E0
7.482475E0,1.628780E1,-1.367665E0
7.486646E0,1.885580E1,2.358929E0
7.490817E0,2.030139E1,5.877204E0
7.494988E0,2.275330E1,8.382360E0
7.499158E0,2.263968E1,9.438544E0
7.503329E0,2.189910E1,9.647839E0
7.507500E0,2.219012E1,9.424936E0
7.511671E0,2.179537E1,8.471425E0
7.515842E0,2.043307E1,6.566975E0
7.520012E0,1.876375E1,3.612238E0
7.524183E0,1.778150E1,4.368809E-1
7.528354E0,1.424237E1,-4.319214E0
7.532525E0,1.139458E1,-9.274312E0
7.536696E0,8.825435E0,-1.434459E1
7.540867E0,6.951987E0,-1.867313E1
7.545038E0,4.516551E0,-2.209912E1
7.549208E0,3.345096E0,-2.518151E1
7.553379E0,2.182361E0,-2.775725E1
7.557550E0,1.226874E0,-2.915198E1
7.561721E0,8.085373E-1,-3.038525E1
7.565892E0,1.258420E0,-3.037525E1
7.570062E0,2.653421E0,-2.950026E1
7.574233E0,2.606052E0,-2.856814E1
7.578404E0,2.454158E0,-2.723168E1
7.582575E0,4.659083E0,-2.449241E1
7.586746E0,6.278327E0,-2.132896E1
7.590917E0,8.046289E0,-1.755002E1
7.595088E0,1.015438E1,-1.340921E1
7.599258E0,1.256023E1,-8.528782E0
7.603429E0,1.410000E1,-4.404616E0
7.607600E0,1.655815E1,-1.555990E-1
7.611771E0,1.939562E1,3.531612E0
7.615942E0,1.955001E1,5.794965E0
7.620113E0,2.081309E1,7.716389E0
7.624283E0,2.209112E1,8.257109E0
7.628454E0,2.194927E1,8.443578E0
7.632625E0,2.063467E1,7.797036E0
7.636796E0,1.948326E1,5.634730E0
7.640967E0,1.905784E1,3.313619E0
7.645137E0,1.671263E1,-3.158963E-1
7.649308E0,1.426229E1,-4.287141E0
7.653479E0,1.302503E1,-8.731157E0
7.657650E0,9.885241E0,-1.344216E1
7.661821E0,7.707555E0,-1.751433E1
7.665992E0,7.191238E0,-2.071770E1
7.670162E0,3.905561E0,-2.418978E1
7.674333E0,3.292069E0,-2.621606E1
7.678504E0,1.586034E0,-2.826756E1
7.682675E0,7.013014E-1,-2.927392E1
7.686846E0,1.605079E0,-2.934570E1
7.691017E0,2.636263E0,-2.857198E1
7.695188E0,3.257510E0,-2.739364E1
7.699358E0,2.539242E0,-2.612614E1
7.703529E0,5.222305E0,-2.341343E1
7.707700E0,6.928106E0,-2.048693E1
7.711871E0,9.549164E0,-1.641351E1
7.716042E0,1.089701E1,-1.236896E1
7.720213E0,1.372949E1,-7.428088E0
7.724383E0,1.498009E1,-3.671933E0
7.728554E0,1.704843E1,3.306679E-1
7.732725E0,1.678110E1,2.779758E0
7.736896E0,1.960775E1,5.465732E0
7.741067E0,2.166300E1,7.431448E0
7.745237E0,2.126919E1,7.737959E0
7.749408E0,2.193873E1,7.424474E0
7.753579E0,1.955526E1,5.770993E0
7.757750E0,1.922146E1,3.626953E0
7.761921E0,1.744206E1,6.995142E-1
7.766092E0,1.483610E1,-3.346323E0
7.770262E0,1.332945E1,-7.268173E0
7.774433E0,1.184602E1,-1.168558E1
7.778604E0,9.765209E0,-1.540111E1
7.782775E0,7.688999E0,-1.940833E1
7.786946E0,5.991508E0,-2.249032E1
7.791117E0,5.507468E0,-2.435490E1
7.795288E0,4.022940E0,-2.662437E1
7.799458E0,3.596507E0,-2.740538E1
7.803629E0,3.799618E0,-2.767094E1
7.807800E0,3.248270E0,-2.707470E1
7.811971E0,3.785123E0,-2.647532E1
7.816142E0,5.578199E0,-2.440693E1
7.820312E0,5.867429E0,-2.254076E1
7.824483E0,7.446352E0,-1.934670E1
7.828654E0,8.396754E0,-1.614310E1
7.832825E0,1.189122E1,-1.167158E1
7.836996E0,1.346623E1,-7.042327E0
7.841167E0,1.549853E1,-3.175921E0
7.845338E0,1.767879E1,4.104527E-1
7.849508E0,1.779089E1,2.564154E0
7.853679E0,1.931665E1,4.907284E0
7.857850E0,1.955267E1,5.756546E0
7.862021E0,1.943616E1,5.965155E0
7.866192E0,2.043157E1,5.392598E0
7.870363E0,1.893627E1,3.571104E0
7.874533E0,1.798858E1,1.383993E0
7.878704E0,1.561408E1,-2.184568E0
7.882875E0,1.477887E1,-5.504950E0
7.887046E0,1.113819E1,-1.040788E1
7.891217E0,9.746836E0,-1.425174E1
7.895388E0,8.991599E0,-1.764367E1
7.899558E0,6.805584E0,-2.061324E1
7.903729E0,4.884018E0,-2.339504E1
7.907900E0,5.235177E0,-2.436497E1
7.912071E0,5.668554E0,-2.545007E1
7.916242E0,2.798925E0,-2.725033E1
7.920413E0,3.868233E0,-2.660210E1
7.924583E0,4.696268E0,-2.556846E1
7.928754E0,5.115726E0,-2.440801E1
7.932925E0,5.695556E0,-2.229557E1
7.937096E0,7.513925E0,-1.936491E1
7.941267E0,8.439861E0,-1.621895E1
7.945437E0,1.003145E1,-1.236176E1
7.949608E0,1.251683E1,-8.173752E0
7.953779E0,1.399337E1,-4.366409E0
7.957950E0,1.516764E1,-1.333400E0
7.962121E0,1.630472E1,1.569734E0
7.966292E0,1.771384E1,3.338744E0
7.970463E0,1.854007E1,4.650318E0
7.974633E0,1.856567E1,4.505289E0
7.978804E0,1.766692E1,3.669604E0
7.982975E0,1.782691E1,2.373161E0
7.987146E0,1.588198E1,-2.388481E-1
7.991317E0,1.449199E1,-3.314894E0
7.995488E0,1.252561E1,-7.339820E0
7.999658E0,1.092991E1,-1.137517E1
8.003829E0,8.890065E0,-1.525813E1
8.008000E0,8.037311E0,-1.859819E1
8.012171E0,5.822372E0,-2.127280E1
8.016342E0,4.835529E0,-2.347291E1
8.020513E0,3.287233E0,-2.503893E1
8.024683E0,4.473105E0,-2.556222E1
8.028854E0,4.527492E0,-2.551490E1
8.033025E0,4.285022E0,-2.524938E1
8.037196E0,4.539572E0,-2.428249E1
8.041367E0,5.583533E0,-2.246453E1
8.045538E0,6.847431E0,-2.018500E1
8.049708E0,8.334747E0,-1.714792E1
8.053879E0,1.046830E1,-1.351322E1
8.058050E0,1.239970E1,-9.330185E0
8.062221E0,1.279517E1,-6.303422E0
8.066392E0,1.551500E1,-2.296370E0
8.070562E0,1.602712E1,-2.830871E-1
8.074733E0,1.695878E1,1.646253E0
8.078904E0,1.713539E1,2.546196E0
8.083075E0,1.646480E1,2.744718E0
8.087246E0,1.728787E1,2.431958E0
8.091417E0,1.597960E1,4.445319E-1
8.095588E0,1.509804E1,-1.570610E0
8.099758E0,1.361583E1,-4.439795E0
8.103929E0,1.216434E1,-8.363075E0
8.108100E0,1.153463E1,-1.148100E1
8.112271E0,8.765125E0,-1.540744E1
8.116442E0,7.539410E0,-1.842178E1
8.120613E0,7.089164E0,-2.076284E1
8.124783E0,5.678990E0,-2.245494E1
8.128954E0,5.872352E0,-2.342747E1
8.133125E0,4.748564E0,-2.448340E1
8.137296E0,4.870513E0,-2.455388E1
8.141467E0,3.771387E0,-2.414578E1
8.145637E0,6.244130E0,-2.235253E1
8.149808E0,7.516671E0,-2.042250E1
8.153979E0,7.973994E0,-1.835734E1
8.158150E0,9.401251E0,-1.507752E1
8.162321E0,1.161383E1,-1.149649E1
8.166492E0,1.306695E1,-7.704951E0
8.170663E0,1.405157E1,-4.516614E0
8.174833E0,1.578464E1,-1.690235E0
8.179004E0,1.652146E1,6.592149E-1
8.183175E0,1.691889E1,1.571788E0
8.187346E0,1.780222E1,2.341867E0
8.191517E0,1.685485E1,1.678338E0
8.195688E0,1.671511E1,5.219111E-1
8.199858E0,1.528071E1,-1.179339E0
8.204029E0,1.372995E1,-4.341691E0
8.208200E0,1.252616E1,-7.398800E0
8.212371E0,1.239637E1,-1.047070E1
8.216542E0,9.708125E0,-1.455229E1
8.220712E0,8.156909E0,-1.745970E1
8.224883E0,7.305883E0,-1.946814E1
8.229054E0,5.881714E0,-2.149784E1
8.233225E0,5.481757E0,-2.248353E1
8.237396E0,4.884610E0,-2.346728E1
8.241567E0,4.814589E0,-2.335547E1
8.245737E0,5.767166E0,-2.253754E1
8.249908E0,5.967589E0,-2.150717E1
8.254079E0,7.582084E0,-1.950589E1
8.258250E0,9.377083E0,-1.653754E1
8.262421E0,1.121448E1,-1.345533E1
8.266592E0,1.174680E1,-1.038602E1
8.270763E0,1.404077E1,-6.807482E0
8.274933E0,1.547958E1,-3.568023E0
8.279104E0,1.582012E1,-1.518100E0
8.283275E0,1.742781E1,5.205713E-1
8.287446E0,1.672297E1,7.169300E-1
8.291617E0,1.805244E1,1.370641E0
8.295788E0,1.731017E1,6.454216E-1
8.299958E0,1.598213E1,-1.366058E0
8.304129E0,1.516529E1,-3.579250E0
8.308300E0,1.463019E1,-5.581976E0
8.312471E0,1.217538E1,-9.494261E0
8.316642E0,1.113259E1,-1.277597E1
8.320813E0,1.010288E1,-1.558271E1
8.324983E0,9.115792E0,-1.773618E1
8.329154E0,7.518152E0,-1.954140E1
8.333325E0,5.720139E0,-2.129214E1
8.337496E0,6.708200E0,-2.153131E1
8.341667E0,6.568888E0,-2.142372E1
8.345838E0,6.297859E0,-2.125124E1
8.350008E0,7.014678E0,-2.036413E1
8.354179E0,8.394385E0,-1.836967E1
8.358350E0,1.062598E1,-1.561396E1
8.362521E0,1.091668E1,-1.333886E1
8.366692E0,1.169388E1,-1.025030E1
8.370862E0,1.435383E1,-6.477312E0
8.375033E0,1.490306E1,-4.411430E0
8.379204E0,1.597155E1,-2.246680E0
8.383375E0,1.683475E1,-6.384644E-1
8.387546E0,1.842092E1,4.295248E-1
8.391717E0,1.687985E1,-2.434330E-1
8.395888E0,1.714369E1,-7.192967E-1
8.400058E0,1.547654E1,-2.141385E0
8.404229E0,1.472779E1,-4.701400E0
8.408400E0,1.281085E1,-7.432129E0
8.412571E0,1.148233E1,-1.044170E1
8.416742E0,1.042399E1,-1.345554E1
8.420913E0,8.687141E0,-1.630508E1
8.425083E0,7.953731E0,-1.844187E1
8.429254E0,7.479980E0,-1.955674E1
8.433425E0,4.839512E0,-2.121706E1
8.437596E0,5.406837E0,-2.131731E1
8.441767E0,6.854541E0,-2.065791E1
8.445937E0,6.248828E0,-2.009465E1
8.450108E0,8.270858E0,-1.836581E1
8.454279E0,9.314085E0,-1.645618E1
8.458450E0,1.005991E1,-1.441564E1
8.462621E0,1.102018E1,-1.144747E1
8.466792E0,1.252320E1,-8.310368E0
8.470962E0,1.422973E1,-5.470604E0
8.475133E0,1.526783E1,-3.272490E0
8.479304E0,1.612597E1,-2.408755E0
8.483475E0,1.655029E1,-1.329955E0
8.487646E0,1.711145E1,-1.347574E0
8.491817E0,1.695400E1,-1.754825E0
8.495988E0,1.507352E1,-3.460194E0
8.500158E0,1.411380E1,-5.496089E0
8.504329E0,1.334763E1,-7.574513E0
8.508500E0,1.176859E1,-1.072813E1
8.512671E0,1.064782E1,-1.356883E1
8.516842E0,9.573236E0,-1.563517E1
8.521013E0,8.692146E0,-1.762712E1
8.525183E0,8.893014E0,-1.869581E1
8.529354E0,6.960057E0,-1.957816E1
8.533525E0,6.531186E0,-2.012988E1
8.537696E0,7.508995E0,-1.941855E1
8.541867E0,7.818654E0,-1.857237E1
8.546038E0,7.671572E0,-1.715674E1
8.550208E0,8.946044E0,-1.515270E1
8.554379E0,1.067173E1,-1.262463E1
8.558550E0,1.089056E1,-1.033396E1
8.562721E0,1.299701E1,-7.395129E0
8.566892E0,1.610464E1,-4.675571E0
8.571063E0,1.541078E1,-3.298218E0
8.575233E0,1.629588E1,-2.316231E0
8.579404E0,1.664182E1,-2.265860E0
8.583575E0,1.702960E1,-2.644062E0
8.587746E0,1.549495E1,-3.490022E0
8.591917E0,1.433505E1,-5.370527E0
8.596087E0,1.316960E1,-7.721215E0
8.600258E0,1.127660E1,-1.018595E1
8.604429E0,9.665833E0,-1.313373E1
8.608600E0,8.853416E0,-1.536683E1
8.612771E0,6.980973E0,-1.736470E1
8.616942E0,6.698055E0,-1.838538E1
8.621112E0,6.434724E0,-1.925989E1
8.625283E0,6.630772E0,-1.920301E1
8.629454E0,6.371713E0,-1.923728E1
8.633625E0,6.480569E0,-1.839932E1
8.637796E0,8.364387E0,-1.650220E1
8.641967E0,9.552265E0,-1.455924E1
8.646138E0,9.960864E0,-1.234747E1
8.650308E0,1.242483E1,-9.514640E0
8.654479E0,1.328249E1,-7.285097E0
8.658650E0,1.460280E1,-5.417161E0
8.662821E0,1.574382E1,-4.333197E0
8.666992E0,1.626444E1,-3.344716E0
8.671163E0,1.644336E1,-3.228138E0
8.675333E0,1.651612E1,-3.695398E0
8.679504E0,1.446017E1,-5.202396E0
8.683675E0,1.288996E1,-7.300846E0
8.687846E0,1.236298E1,-9.294324E0
8.692017E0,1.183123E1,-1.149921E1
8.696188E0,1.085452E1,-1.371513E1
8.700358E0,9.785444E0,-1.556710E1
8.704529E0,9.661309E0,-1.656115E1
8.708700E0,8.810481E0,-1.761975E1
8.712871E0,7.221936E0,-1.814443E1
8.717042E0,7.350598E0,-1.806691E1
8.721213E0,8.232402E0,-1.722528E1
8.725383E0,1.011823E1,-1.567416E1
8.729554E0,9.842121E0,-1.447670E1
8.733725E0,1.050338E1,-1.217796E1
8.737896E0,1.189978E1,-1.029904E1
8.742067E0,1.448943E1,-7.610031E0
8.746237E0,1.479611E1,-6.479088E0
8.750408E0,1.527088E1,-5.082200E0
8.754579E0,1.637774E1,-4.362296E0
8.758750E0,1.647330E1,-4.511655E0
8.762921E0,1.690480E1,-4.665369E0
8.767092E0,1.459730E1,-6.109540E0
8.771263E0,1.447127E1,-7.533649E0
8.775433E0,1.310469E1,-9.569892E0
8.779604E0,1.180277E1,-1.153019E1
8.783775E0,1.081100E1,-1.358215E1
8.787946E0,9.973193E0,-1.545397E1
8.792117E0,9.098140E0,-1.656822E1
8.796288E0,8.156967E0,-1.750076E1
8.800458E0,7.812538E0,-1.745214E1
8.804629E0,8.106877E0,-1.739433E1
8.808800E0,8.294260E0,-1.632075E1
8.812971E0,9.801901E0,-1.467320E1
8.817142E0,1.138920E1,-1.260972E1
8.821312E0,1.266363E1,-1.063676E1
8.825483E0,1.379164E1,-8.714277E0
8.829654E0,1.385717E1,-7.481402E0
8.833825E0,1.604359E1,-5.769781E0
8.837996E0,1.548193E1,-5.187011E0
8.842167E0,1.549073E1,-5.196927E0
8.846337E0,1.554072E1,-5.208810E0
8.850508E0,1.437095E1,-6.396904E0
8.854679E0,1.447925E1,-7.379232E0
8.858850E0,1.253744E1,-9.212760E0
8.863021E0,1.132169E1,-1.122080E1
8.867192E0,9.967202E0,-1.351634E1
8.871363E0,8.460787E0,-1.508183E1
8.875533E0,9.938086E0,-1.571276E1
8.879704E0,8.802870E0,-1.653294E1
8.883875E0,8.789129E0,-1.658599E1
8.888046E0,8.317631E0,-1.626422E1
8.892217E0,9.169452E0,-1.553091E1
8.896388E0,9.576087E0,-1.430136E1
8.900558E0,1.091707E1,-1.249329E1
8.904729E0,1.232219E1,-1.037259E1
8.908900E0,1.278034E1,-9.165484E0
8.913071E0,1.496567E1,-7.769040E0
8.917242E0,1.554525E1,-6.578815E0
8.921413E0,1.532243E1,-6.070373E0
8.925583E0,1.460135E1,-6.188773E0
8.929754E0,1.524701E1,-6.331482E0
8.933925E0,1.395840E1,-7.563400E0
8.938096E0,1.377293E1,-8.610484E0
8.942267E0,1.206002E1,-1.049626E1
8.946438E0,1.086661E1,-1.221065E1
8.950608E0,1.068748E1,-1.371414E1
8.954779E0,8.837054E0,-1.531977E1
8.958950E0,9.094331E0,-1.580616E1
8.963121E0,8.481246E0,-1.613146E1
8.967292E0,8.247638E0,-1.604972E1
8.971462E0,9.301918E0,-1.539307E1
8.975633E0,9.669440E0,-1.446053E1
8.979804E0,9.624308E0,-1.310725E1
8.983975E0,1.151709E1,-1.132462E1
8.988146E0,1.324748E1,-9.363800E0
8.992317E0,1.394446E1,-8.573143E0
8.996487E0,1.468060E1,-7.534378E0
9.000658E0,1.586460E1,-6.729027E0
9.004829E0,1.597039E1,-6.736544E0
9.009000E0,1.481398E1,-7.251062E0
9.013171E0,1.369829E1,-8.191602E0
9.017342E0,1.236999E1,-9.185646E0
9.021513E0,1.235945E1,-1.024504E1
9.025683E0,1.059029E1,-1.218070E1
9.029854E0,1.065889E1,-1.354767E1
9.034025E0,1.063436E1,-1.470136E1
9.038196E0,9.464354E0,-1.530299E1
9.042367E0,9.735428E0,-1.560709E1
9.046538E0,9.303049E0,-1.525079E1
9.050708E0,1.095040E1,-1.463860E1
9.054879E0,1.041149E1,-1.347569E1
9.059050E0,1.107220E1,-1.246113E1
9.063221E0,1.276212E1,-1.053147E1
9.067392E0,1.359072E1,-9.349235E0
9.071563E0,1.455894E1,-8.186880E0
9.075733E0,1.544040E1,-7.505566E0
9.079904E0,1.510748E1,-7.541260E0
9.084075E0,1.548361E1,-7.480521E0
9.088246E0,1.421311E1,-8.100771E0
9.092417E0,1.485914E1,-8.717681E0
9.096588E0,1.219278E1,-1.044371E1
9.100758E0,1.159474E1,-1.155036E1
9.104929E0,1.017342E1,-1.341125E1
9.109100E0,9.694851E0,-1.424746E1
9.113271E0,1.037807E1,-1.457751E1
9.117442E0,1.056517E1,-1.451781E1
9.121612E0,1.046560E1,-1.449568E1
9.125783E0,9.881938E0,-1.422663E1
9.129954E0,1.079976E1,-1.333846E1
9.134125E0,1.123782E1,-1.209329E1
9.138296E0,1.115627E1,-1.142902E1
9.142467E0,1.351036E1,-9.547512E0
9.146638E0,1.465584E1,-8.616127E0
9.150808E0,1.463968E1,-8.214863E0
9.154979E0,1.574746E1,-7.621494E0
9.159150E0,1.421296E1,-8.072652E0
9.163321E0,1.445995E1,-8.531958E0
9.167492E0,1.267824E1,-1.021652E1
9.171663E0,1.338525E1,-1.048359E1
9.175833E0,1.192327E1,-1.242351E1
9.180004E0,1.110484E1,-1.352139E1
9.184175E0,1.029430E1,-1.411432E1
9.188346E0,1.042113E1,-1.436575E1
9.192517E0,1.044310E1,-1.432069E1
9.196687E0,1.037746E1,-1.413819E1
9.200858E0,1.111400E1,-1.352027E1
9.205029E0,1.141892E1,-1.228497E1
9.209200E0,1.190257E1,-1.132888E1
9.213371E0,1.239707E1,-1.018705E1
9.217542E0,1.399278E1,-9.644584E0
9.221712E0,1.369087E1,-9.159412E0
9.225883E0,1.366062E1,-9.423841E0
9.230054E0,1.355129E1,-9.436430E0
9.234225E0,1.355867E1,-9.526690E0
9.238396E0,1.222216E1,-1.028732E1
9.242567E0,1.266060E1,-1.137347E1
9.246738E0,1.176826E1,-1.263926E1
9.250908E0,1.126278E1,-1.331938E1
9.255079E0,1.149564E1,-1.361021E1
9.259250E0,1.016968E1,-1.434418E1
9.263421E0,9.998553E0,-1.425473E1
9.267592E0,1.130701E1,-1.329730E1
9.271763E0,1.228715E1,-1.241512E1
9.275933E0,1.274520E1,-1.142757E1
9.280104E0,1.346413E1,-1.048966E1
9.284275E0,1.444212E1,-9.550332E0
9.288446E0,1.410067E1,-9.647175E0
9.292617E0,1.394520E1,-9.503984E0
9.296788E0,1.384887E1,-9.647735E0
9.300958E0,1.214155E1,-1.042523E1
9.305129E0,1.278539E1,-1.069373E1
9.309300E0,1.224277E1,-1.136319E1
9.313471E0,1.118195E1,-1.266788E1
9.317642E0,1.084350E1,-1.333125E1
9.321813E0,1.124716E1,-1.341293E1
9.325983E0,1.133834E1,-1.346346E1
9.330154E0,1.115181E1,-1.343657E1
9.334325E0,1.045899E1,-1.312809E1
9.338496E0,1.102529E1,-1.226431E1
9.342667E0,1.224465E1,-1.108881E1
9.346837E0,1.284485E1,-1.046554E1
9.351008E0,1.258169E1,-1.016282E1
9.355179E0,1.273382E1,-1.020527E1
9.359350E0,1.250116E1,-1.020019E1
9.363521E0,1.274848E1,-1.046461E1
9.367692E0,1.166450E1,-1.130734E1
9.371862E0,1.219960E1,-1.183340E1
9.376033E0,1.149256E1,-1.243581E1
9.380204E0,1.040682E1,-1.308141E1
9.384375E0,1.054357E1,-1.342554E1
9.388546E0,1.078542E1,-1.346866E1
9.392717E0,1.059629E1,-1.314431E1
9.396888E0,1.110419E1,-1.280245E1
9.401058E0,1.111129E1,-1.228091E1
9.405229E0,1.185185E1,-1.141245E1
9.409400E0,1.297008E1,-1.059570E1
9.413571E0,1.265847E1,-1.050323E1
9.417742E0,1.272490E1,-1.044959E1
9.421913E0,1.257335E1,-1.046501E1
9.426083E0,1.132831E1,-1.115289E1
9.430254E0,1.204360E1,-1.172618E1
9.434425E0,1.089108E1,-1.233735E1
9.438596E0,1.163697E1,-1.263323E1
9.442767E0,1.062769E1,-1.311454E1
9.446938E0,1.062193E1,-1.321718E1
9.451108E0,1.173335E1,-1.269123E1
9.455279E0,1.113921E1,-1.255177E1
9.459450E0,1.065870E1,-1.218867E1
9.463621E0,1.169933E1,-1.141488E1
9.467792E0,1.258229E1,-1.060813E1
9.471963E0,1.254750E1,-1.051419E1
9.476133E0,1.266596E1,-1.057566E1
9.480304E0,1.291240E1,-1.071317E1
9.484475E0,1.192829E1,-1.136674E1
9.488646E0,1.228602E1,-1.137935E1
9.492817E0,1.080110E1,-1.230776E1
9.496987E0,1.095561E1,-1.252227E1
9.501158E0,1.157855E1,-1.236228E1
9.505329E0,1.187843E1,-1.233370E1
9.509500E0,1.146502E1,-1.223183E1
9.513671E0,1.115913E1,-1.226716E1
9.517842E0,1.204933E1,-1.164630E1
9.522013E0,1.146304E1,-1.121329E1
9.526183E0,1.138419E1,-1.117528E1
9.530354E0,1.109627E1,-1.133346E1
9.534525E0,1.174013E1,-1.126317E1
9.538696E0,1.223387E1,-1.124681E1
9.542867E0,1.234094E1,-1.147867E1
9.547038E0,1.272651E1,-1.165419E1
9.551208E0,1.085316E1,-1.237537E1
9.555379E0,1.110703E1,-1.263542E1
9.559550E0,1.077632E1,-1.229830E1
9.563721E0,1.063808E1,-1.224192E1
9.567892E0,1.067796E1,-1.213920E1
9.572062E0,1.239878E1,-1.141151E1
9.576233E0,1.214654E1,-1.162635E1
9.580404E0,1.195208E1,-1.157711E1
9.584575E0,1.148623E1,-1.130910E1
9.588746E0,1.183162E1,-1.135167E1
9.592917E0,1.196890E1,-1.177730E1
9.597087E0,1.211610E1,-1.180194E1
9.601258E0,1.228788E1,-1.146096E1
9.605429E0,1.248795E1,-1.152009E1
9.609600E0,1.234320E1,-1.153019E1
9.613771E0,1.233723E1,-1.135280E1
9.617942E0,1.250881E1,-1.134197E1
9.622113E0,1.261323E1,-1.134686E1
9.626283E0,1.206190E1,-1.143920E1
9.630454E0,1.226470E1,-1.103944E1
9.634625E0,1.172857E1,-1.130727E1
9.638796E0,1.251085E1,-1.130266E1
9.642967E0,1.247579E1,-1.127036E1
9.647138E0,1.249890E1,-1.145346E1
9.651308E0,1.256353E1,-1.139713E1
9.655479E0,1.261688E1,-1.158658E1
9.659650E0,1.278141E1,-1.149058E1
9.663821E0,1.266883E1,-1.146954E1
9.667992E0,1.279749E1,-1.155239E1
9.672163E0,1.242063E1,-1.127423E1
9.676333E0,1.250950E1,-1.127662E1
9.680504E0,1.253954E1,-1.120595E1
9.684675E0,1.246695E1,-1.111762E1
9.688846E0,1.265447E1,-1.135516E1
9.693017E0,1.286844E1,-1.146167E1
9.697188E0,1.276717E1,-1.149170E1
9.701358E0,1.263378E1,-1.140797E1
9.705529E0,1.265078E1,-1.143033E1
9.709700E0,1.271063E1,-1.162280E1
9.713871E0,1.280459E1,-1.156780E1
9.718042E0,1.257210E1,-1.144219E1
9.722212E0,1.242323E1,-1.124436E1
9.726383E0,1.253914E1,-1.134451E1
9.730554E0,1.231284E1,-1.142074E1
9.734725E0,1.238843E1,-1.134092E1
9.738896E0,1.255157E1,-1.140862E1
9.743067E0,1.290138E1,-1.158000E1
9.747237E0,1.240601E1,-1.142692E1
9.751408E0,1.250656E1,-1.145201E1
9.755579E0,1.245323E1,-1.144692E1
9.759750E0,1.250148E1,-1.136694E1
9.763921E0,1.252660E1,-1.150981E1
9.768092E0,1.246554E1,-1.130029E1
9.772263E0,1.225474E1,-1.131267E1
9.776433E0,1.263392E1,-1.124194E1
9.780604E0,1.243596E1,-1.126263E1
9.784775E0,1.279710E1,-1.142985E1
9.788946E0,1.248012E1,-1.143961E1
9.793117E0,1.264811E1,-1.154530E1
9.797287E0,1.282395E1,-1.152609E1
9.801458E0,1.289211E1,-1.163768E1
9.805629E0,1.307409E1,-1.165169E1
9.809800E0,1.279405E1,-1.144768E1
9.813971E0,1.285170E1,-1.157780E1
9.818142E0,1.262715E1,-1.150892E1
9.822313E0,1.255325E1,-1.136779E1
9.826483E0,1.250592E1,-1.137990E1
9.830654E0,1.243979E1,-1.134785E1
9.834825E0,1.248049E1,-1.151535E1
9.838996E0,1.276477E1,-1.148774E1
9.843167E0,1.268856E1,-1.153824E1
9.847338E0,1.256527E1,-1.139178E1
9.851508E0,1.262160E1,-1.145942E1
9.855679E0,1.247949E1,-1.140692E1
9.859850E0,1.252509E1,-1.127815E1
9.864021E0,1.298253E1,-1.138161E1
9.868192E0,1.278575E1,-1.149599E1
9.872362E0,1.276085E1,-1.150739E1
9.876533E0,1.239653E1,-1.126168E1
9.880704E0,1.301745E1,-1.159716E1
9.884875E0,1.292746E1,-1.149760E1
9.889046E0,1.275430E1,-1.143805E1
9.893217E0,1.277516E1,-1.140785E1
9.897388E0,1.276327E1,-1.146340E1
9.901558E0,1.255315E1,-1.125755E1
9.905729E0,1.268743E1,-1.139124E1
9.909900E0,1.263953E1,-1.156999E1
9.914071E0,1.249008E1,-1.141660E1
9.918242E0,1.250386E1,-1.135498E1
9.922413E0,1.292519E1,-1.163104E1
9.926583E0,1.267223E1,-1.137955E1
9.930754E0,1.268364E1,-1.143610E1
9.934925E0,1.266119E1,-1.148027E1
9.939096E0,1.230477E1,-1.117734E1
9.943267E0,1.248993E1,-1.137703E1
9.947437E0,1.260298E1,-1.142456E1
9.951608E0,1.235080E1,-1.139527E1
9.955779E0,1.271204E1,-1.151490E1
9.959950E0,1.260634E1,-1.142456E1
9.964121E0,1.262927E1,-1.154631E1
9.968292E0,1.233701E1,-1.130110E1
9.972462E0,1.257311E1,-1.148869E1
9.976633E0,1.277280E1,-1.153813E1
9.980804E0,1.261774E1,-1.147517E1
9.984975E0,1.241742E1,-1.128802E1
9.989146E0,1.248028E1,-1.153575E1
9.993317E0,1.239200E1,-1.116951E1
9.997488E0,1.242684E1,-1.128884E1
1.000166E1,1.283960E1,-1.157819E1
1.000583E1,1.288380E1,-1.152498E1
1.001000E1,1.285391E1,-1.157075E1
1.001417E1,1.258020E1,-1.135055E1
1.001834E1,1.262305E1,-1.136082E1
1.002251E1,1.280875E1,-1.150028E1
1.002668E1,1.270505E1,-1.147765E1
1.003085E1,1.269426E1,-1.151992E1
1.003502E1,1.298127E1,-1.148327E1
1.003920E1,1.264136E1,-1.128772E1
1.004337E1,1.251328E1,-1.133931E1
1.004754E1,1.256566E1,-1.139426E1
1.005171E1,1.242548E1,-1.132464E1
1.005588E1,1.252865E1,-1.139887E1
1.006005E1,1.266935E1,-1.140080E1
1.006422E1,1.281412E1,-1.154171E1
1.006839E1,1.263177E1,-1.140477E1
1.007256E1,1.259574E1,-1.148263E1
1.007673E1,1.270001E1,-1.145090E1
1.008090E1,1.273920E1,-1.147651E1
1.008508E1,1.283994E1,-1.143390E1
1.008925E1,1.261559E1,-1.136134E1
1.009342E1,1.269741E1,-1.138270E1
1.009759E1,1.266347E1,-1.146692E1
1.010176E1,1.261481E1,-1.143831E1
1.010593E1,1.261497E1,-1.141913E1
1.011010E1,1.245887E1,-1.124538E1
1.011427E1,1.247180E1,-1.150876E1
1.011844E1,1.247711E1,-1.140865E1
1.012261E1,1.249615E1,-1.127089E1
1.012678E1,1.240786E1,-1.142400E1
1.013095E1,1.271922E1,-1.146937E1
1.013513E1,1.244945E1,-1.147700E1
1.013930E1,1.283523E1,-1.152873E1
1.014347E1,1.274762E1,-1.134212E1
1.014764E1,1.277272E1,-1.142237E1
1.015181E1,1.269605E1,-1.151324E1
1.015598E1,1.281699E1,-1.150638E1
1.016015E1,1.256544E1,-1.140000E1
1.016432E1,1.254733E1,-1.124057E1
1.016849E1,1.261355E1,-1.146155E1
1.017266E1,1.282325E1,-1.153667E1
1.017683E1,1.271591E1,-1.140547E1
1.018100E1,1.268146E1,-1.145010E1
1.018517E1,1.265010E1,-1.136526E1
1.018935E1,1.261048E1,-1.148745E1
1.019352E1,1.249491E1,-1.146743E1
1.019769E1,1.264882E1,-1.144656E1
1.020186E1,1.251957E1,-1.145932E1
1.020603E1,1.258749E1,-1.142599E1
1.021020E1,1.263499E1,-1.135739E1
1.021437E1,1.249933E1,-1.141264E1
1.021854E1,1.271697E1,-1.147647E1
1.022271E1,1.243915E1,-1.152192E1
1.022688E1,1.232804E1,-1.138211E1
1.023105E1,1.248300E1,-1.146121E1
1.023522E1,1.277572E1,-1.151481E1
1.023940E1,1.292093E1,-1.137877E1
1.024357E1,1.252970E1,-1.135877E1
1.024774E1,1.271177E1,-1.146117E1
1.025191E1,1.242772E1,-1.122354E1
1.025608E1,1.253360E1,-1.148870E1
1.026025E1,1.249593E1,-1.139967E1
1.026442E1,1.223692E1,-1.127307E1
1.026859E1,1.259526E1,-1.138286E1
1.027276E1,1.258619E1,-1.144562E1
1.027693E1,1.284620E1,-1.141744E1
1.028110E1,1.248727E1,-1.140419E1
1.028528E1,1.353609E1,-1.118211E1
1.028945E1,1.330951E1,-1.121139E1
1.029362E1,1.264994E1,-1.152446E1
1.029779E1,1.302752E1,-1.173651E1
1.030196E1,1.276024E1,-1.145206E1
1.030613E1,1.294534E1,-1.157543E1
1.031030E1,1.257986E1,-1.146674E1
1.031447E1,1.239274E1,-1.133488E1
1.031864E1,1.277325E1,-1.152657E1
1.032281E1,1.258251E1,-1.135618E1
1.032698E1,1.250312E1,-1.147982E1
1.033115E1,1.255628E1,-1.134268E1
1.033533E1,1.251531E1,-1.143885E1
1.033950E1,1.301382E1,-1.155694E1
1.034367E1,1.285304E1,-1.156350E1
1.034784E1,1.241871E1,-1.128502E1
1.035201E1,1.257432E1,-1.144406E1
1.035618E1,1.278259E1,-1.144983E1
1.036035E1,1.264650E1,-1.153250E1
1.036452E1,1.267527E1,-1.137303E1
1.036869E1,1.267892E1,-1.140424E1
1.037286E1,1.273748E1,-1.138263E1
1.037703E1,1.284174E1,-1.152463E1
1.038120E1,1.236922E1,-1.140716E1
1.038537E1,1.283650E1,-1.152830E1
1.038955E1,1.268329E1,-1.152593E1
1.039372E1,1.254013E1,-1.135288E1
1.039789E1,1.251159E1,-1.130118E1
1.040206E1,1.272517E1,-1.137093E1
1.040623E1,1.258960E1,-1.138657E1
1.041040E1,1.259472E1,-1.146718E1
1.041457E1,1.269291E1,-1.153293E1
1.041874E1,1.256118E1,-1.133864E1
1.042291E1,1.269700E1,-1.140074E1
1.042708E1,1.271907E1,-1.147588E1
1.043125E1,1.261173E1,-1.138636E1
1.043542E1,1.254961E1,-1.127655E1
1.043960E1,1.255291E1,-1.136785E1
1.044377E1,1.299901E1,-1.156815E1
1.044794E1,1.250543E1,-1.128254E1
1.045211E1,1.267700E1,-1.151802E1
1.045628E1,1.251053E1,-1.138652E1
1.046045E1,1.280843E1,-1.152750E1
1.046462E1,1.285036E1,-1.152877E1
1.046879E1,1.235422E1,-1.126718E1
1.047296E1,1.257354E1,-1.147335E1
1.047713E1,1.286409E1,-1.155212E1
1.048130E1,1.258671E1,-1.145926E1
1.048548E1,1.245137E1,-1.127736E1
1.048965E1,1.251806E1,-1.144394E1
1.049382E1,1.276214E1,-1.132655E1
1.049799E1,1.291978E1,-1.158645E1
1.050216E1,1.278052E1,-1.155027E1
1.050633E1,1.281275E1,-1.145555E1
1.051050E1,1.253803E1,-1.137026E1
1.051467E1,1.242484E1,-1.135492E1
1.051884E1,1.272765E1,-1.126177E1
1.052301E1,1.274879E1,-1.144788E1
1.052718E1,1.259392E1,-1.145872E1
1.053135E1,1.281415E1,-1.149279E1
1.053552E1,1.270347E1,-1.143332E1
1.053970E1,1.288362E1,-1.143172E1
1.054387E1,1.285890E1,-1.153689E1
1.054804E1,1.242299E1,-1.130893E1
1.055221E1,1.260940E1,-1.129870E1
1.055638E1,1.298593E1,-1.157692E1
1.056055E1,1.265443E1,-1.145426E1
1.056472E1,1.247179E1,-1.142638E1
1.056889E1,1.245254E1,-1.130526E1
1.057306E1,1.243900E1,-1.129679E1
1.057723E1,1.259504E1,-1.143855E1
1.058140E1,1.267445E1,-1.141228E1
1.058558E1,1.258275E1,-1.132946E1
1.058975E1,1.280290E1,-1.147132E1
1.059392E1,1.275613E1,-1.155368E1
1.059809E1,1.259559E1,-1.143329E1
1.060226E1,1.285799E1,-1.149745E1
1.060643E1,1.256071E1,-1.144457E1
1.061060E1,1.264099E1,-1.146713E1
1.061477E1,1.248822E1,-1.135691E1
1.061894E1,1.266066E1,-1.137452E1
1.062311E1,1.288625E1,-1.153583E1
1.062728E1,1.263669E1,-1.146562E1
1.063145E1,1.264684E1,-1.136959E1
1.063562E1,1.301956E1,-1.157867E1
1.063980E1,1.264274E1,-1.134982E1
1.064397E1,1.256719E1,-1.124761E1
1.064814E1,1.257697E1,-1.142585E1
1.065231E1,1.264437E1,-1.146527E1
1.065648E1,1.274758E1,-1.148456E1
1.066065E1,1.269490E1,-1.140064E1
1.066482E1,1.282686E1,-1.156112E1
1.066899E1,1.252426E1,-1.131707E1
1.067316E1,1.248914E1,-1.137819E1
1.067733E1,1.274207E1,-1.145874E1
1.068150E1,1.265845E1,-1.147317E1
1.068567E1,1.272655E1,-1.149021E1
1.068985E1,1.272589E1,-1.157217E1
1.069402E1,1.262242E1,-1.135750E1
1.069819E1,1.251844E1,-1.131404E1
1.070236E1,1.237517E1,-1.124622E1
1.070653E1,1.264088E1,-1.142948E1
1.071070E1,1.262786E1,-1.133312E1
1.071487E1,1.283218E1,-1.154077E1
1.071904E1,1.276629E1,-1.140098E1
1.072321E1,1.281164E1,-1.150158E1
1.072738E1,1.251069E1,-1.136576E1
1.073155E1,1.304153E1,-1.159369E1
1.073573E1,1.266814E1,-1.138295E1
1.073990E1,1.297563E1,-1.150490E1
1.074407E1,1.215994E1,-1.166837E1
1.074824E1,1.279640E1,-1.160395E1
1.075241E1,1.248294E1,-1.143491E1
1.075658E1,1.292406E1,-1.150767E1
1.076075E1,1.222414E1,-1.130047E1
1.076492E1,1.266514E1,-1.139867E1
1.076909E1,1.255843E1,-1.140501E1
1.077326E1,1.239044E1,-1.124165E1
1.077743E1,1.261907E1,-1.134052E1
1.078160E1,1.278597E1,-1.148509E1
1.078577E1,1.290820E1,-1.149731E1
1.078995E1,1.239877E1,-1.139474E1
1.079412E1,1.255415E1,-1.127234E1
1.079829E1,1.244689E1,-1.128280E1
1.080246E1,1.272540E1,-1.152073E1
1.080663E1,1.262927E1,-1.149198E1
1.081080E1,1.224396E1,-1.133782E1
1.081497E1,1.264058E1,-1.143095E1
1.081914E1,1.271373E1,-1.144042E1
1.082331E1,1.270184E1,-1.142810E1
1.082748E1,1.286728E1,-1.147704E1
1.083165E1,1.235875E1,-1.123480E1
1.083583E1,1.271411E1,-1.143097E1
1.084000E1,1.253629E1,-1.140326E1
1.084417E1,1.270232E1,-1.138475E1
1.084834E1,1.271210E1,-1.140113E1
1.085251E1,1.302314E1,-1.150797E1
1.085668E1,1.259075E1,-1.123291E1
1.086085E1,1.257446E1,-1.141604E1
1.086502E1,1.259875E1,-1.140630E1
1.086919E1,1.277452E1,-1.136265E1
1.087336E1,1.231256E1,-1.115751E1
1.087753E1,1.258032E1,-1.133045E1
1.088170E1,1.253174E1,-1.126013E1
1.088588E1,1.255460E1,-1.117788E1
1.089005E1,1.254614E1,-1.126756E1
1.089422E1,1.239931E1,-1.117233E1
1.089839E1,1.228055E1,-1.118432E1
1.090256E1,1.248620E1,-1.114791E1
1.090673E1,1.247344E1,-1.124053E1
1.091090E1,1.229034E1,-1.115421E1
1.091507E1,1.361894E1,-1.054484E1
1.091924E1,1.269057E1,-1.130479E1
1.092341E1,1.254485E1,-1.133166E1
1.092758E1,1.242786E1,-1.116320E1
1.093175E1,1.419803E1,-1.065929E1
1.093592E1,1.348656E1,-1.053765E1
1.094010E1,1.336001E1,-1.036440E1
1.094427E1,1.351267E1,-1.032845E1
1.094844E1,1.333518E1,-1.025034E1
1.095261E1,1.360770E1,-1.036377E1
1.095678E1,1.323857E1,-1.011119E1
1.096095E1,1.373216E1,-1.056189E1
1.096512E1,1.345225E1,-1.026572E1
1.096929E1,1.328689E1,-1.020827E1
1.097346E1,1.327142E1,-1.010254E1
1.097763E1,1.304908E1,-1.032822E1
1.098180E1,1.288968E1,-1.038327E1
1.098597E1,1.255493E1,-1.025994E1
1.099015E1,1.294528E1,-1.038032E1
1.099432E1,1.270509E1,-1.023860E1
1.099849E1,1.234763E1,-1.009962E1
1.100266E1,1.256273E1,-1.027346E1
1.100683E1,1.236750E1,-1.007602E1
1.101100E1,1.324955E1,-9.305704E0
1.101517E1,1.342637E1,-9.385794E0
1.101934E1,1.171828E1,-1.028998E1
1.102351E1,1.151171E1,-1.030394E1
1.102768E1,1.348208E1,-9.321377E0
1.103185E1,1.333180E1,-9.227407E0
1.103603E1,1.307866E1,-9.655675E0
1.104020E1,1.276027E1,-9.401012E0
1.104437E1,1.263584E1,-9.352994E0
1.104854E1,1.292828E1,-9.452425E0
1.105271E1,1.243551E1,-9.321325E0
1.105688E1,1.212005E1,-9.553833E0
1.106105E1,1.229934E1,-9.263839E0
1.106522E1,1.208763E1,-9.394676E0
1.106939E1,1.227108E1,-9.068883E0
1.107356E1,1.217653E1,-9.554117E0
1.107773E1,1.160734E1,-9.279119E0
1.108190E1,1.128152E1,-9.177150E0
1.108608E1,1.148674E1,-9.326990E0
1.109025E1,1.169430E1,-9.336030E0
1.109442E1,1.122693E1,-9.168520E0
1.109859E1,1.151703E1,-9.250611E0
1.110276E1,1.158456E1,-9.192874E0
1.110693E1,1.268233E1,-8.529638E0
1.111110E1,1.296599E1,-8.671098E0
1.111527E1,1.240896E1,-8.338699E0
1.111944E1,1.243266E1,-8.340842E0
1.112361E1,1.224663E1,-8.105189E0
1.112778E1,1.239027E1,-8.178959E0
1.113195E1,1.251327E1,-8.283003E0
1.113612E1,1.216004E1,-8.593249E0
1.114030E1,1.191310E1,-8.604052E0
1.114447E1,1.166743E1,-8.392575E0
1.114864E1,1.159152E1,-8.343587E0
1.115281E1,1.156826E1,-8.248632E0
1.115698E1,1.141590E1,-8.258242E0
1.116115E1,1.131714E1,-8.142375E0
1.116532E1,1.126878E1,-8.140187E0
1.116949E1,1.136375E1,-8.255068E0
1.117366E1,1.143733E1,-8.370412E0
1.117783E1,1.210151E1,-7.789864E0
1.118200E1,1.074603E1,-8.337686E0
1.118617E1,1.050734E1,-8.222332E0
1.119035E1,1.190463E1,-7.644775E0
1.119452E1,1.206154E1,-7.682715E0
1.119869E1,1.211818E1,-7.689003E0
1.120286E1,1.146148E1,-7.396259E0
1.120703E1,1.134357E1,-7.240306E0
1.121120E1,1.114972E1,-7.401760E0
1.121537E1,1.087842E1,-7.254528E0
1.121954E1,1.077213E1,-7.326631E0
1.122371E1,1.061286E1,-7.295977E0
1.122788E1,1.034627E1,-7.057049E0
1.123205E1,1.031236E1,-7.292289E0
1.123623E1,1.068540E1,-7.468004E0
1.124040E1,9.709753E0,-7.258327E0
1.124457E1,1.023716E1,-7.093750E0
1.124874E1,9.749787E0,-7.167491E0
1.125291E1,9.692249E0,-7.157586E0
1.125708E1,9.532266E0,-7.199556E0
1.126125E1,9.522954E0,-7.237339E0
1.126542E1,9.655762E0,-7.168082E0
1.126959E1,9.373834E0,-7.008697E0
1.127376E1,9.468471E0,-7.020735E0
1.127793E1,9.331311E0,-7.044081E0
1.128210E1,9.362402E0,-7.003978E0
1.128627E1,9.160468E0,-7.376767E0
1.129045E1,8.939017E0,-7.307017E0
1.129462E1,9.675626E0,-6.651805E0
1.129879E1,9.644548E0,-6.585039E0
1.130296E1,9.567791E0,-6.462979E0
1.130713E1,9.338523E0,-6.308064E0
1.131130E1,9.441686E0,-6.257935E0
1.131547E1,9.449720E0,-6.343610E0
1.131964E1,9.227672E0,-6.008457E0
1.132381E1,8.847293E0,-6.333717E0
1.132798E1,8.408720E0,-6.148862E0
1.133215E1,8.619924E0,-6.074163E0
1.133633E1,8.288085E0,-5.985268E0
1.134050E1,8.484496E0,-6.031885E0
1.134467E1,9.550597E0,-5.561739E0
1.134884E1,8.600006E0,-5.306009E0
1.135301E1,9.127486E0,-4.717180E0
1.135718E1,7.706975E0,-4.223046E0
1.136135E1,7.663069E0,-4.214667E0
1.136552E1,8.492807E0,-3.548335E0
1.136969E1,7.457490E0,-4.002296E0
1.137386E1,7.402202E0,-4.040679E0
1.137803E1,7.930264E0,-4.301494E0
1.138220E1,7.912722E0,-4.109661E0
1.138637E1,7.961025E0,-4.572826E0
1.139055E1,7.747114E0,-4.543700E0
1.139472E1,7.905572E0,-4.595822E0
1.139889E1,7.446052E0,-4.376088E0
1.140306E1,7.477131E0,-4.341968E0
1.140723E1,7.424786E0,-4.195599E0
1.141140E1,7.473582E0,-4.230976E0
1.141557E1,7.481754E0,-4.279361E0
1.141974E1,7.418420E0,-4.304632E0
1.142391E1,7.439481E0,-4.110851E0
1.142808E1,7.390908E0,-4.063661E0
1.143225E1,7.370795E0,-4.079296E0
1.143642E1,7.348281E0,-4.039338E0
1.144060E1,7.219297E0,-3.932738E0
1.144477E1,7.342655E0,-4.111454E0
1.144894E1,7.304787E0,-3.975446E0
1.145311E1,7.342565E0,-4.060342E0
1.145728E1,7.232931E0,-3.991234E0
1.146145E1,7.207296E0,-4.011090E0
1.146562E1,7.331735E0,-4.035969E0
1.146979E1,7.415688E0,-4.184436E0
1.147396E1,7.379794E0,-4.003219E0
1.147813E1,7.695209E0,-3.838483E0
1.148230E1,7.609043E0,-3.617574E0
1.148648E1,7.766348E0,-3.789219E0
1.149065E1,7.582377E0,-3.391737E0
1.149482E1,7.548050E0,-3.241920E0
1.149899E1,7.615261E0,-3.328095E0
1.150316E1,7.618694E0,-3.292681E0
1.150733E1,7.531566E0,-3.372159E0
1.151150E1,7.560265E0,-3.342474E0
1.151567E1,7.448161E0,-3.109487E0
1.151984E1,7.421013E0,-3.199928E0
1.152401E1,7.658724E0,-3.104128E0
1.152818E1,7.407648E0,-3.138552E0
1.153235E1,7.651310E0,-3.218675E0
1.153652E1,7.517878E0,-3.082638E0
1.154070E1,7.630611E0,-3.162574E0
1.154487E1,7.482705E0,-3.163403E0
1.154904E1,7.321757E0,-3.006641E0
1.155321E1,7.652985E0,-2.801284E0
1.155738E1,7.612287E0,-2.699990E0
1.156155E1,7.522576E0,-2.459502E0
1.156572E1,7.562982E0,-2.435416E0
1.156989E1,7.731387E0,-2.371440E0
1.157406E1,7.556908E0,-2.209475E0
1.157823E1,7.595173E0,-2.229466E0
1.158240E1,7.527497E0,-2.099347E0
1.158657E1,7.528261E0,-2.316525E0
1.159075E1,7.442587E0,-2.220364E0
1.159492E1,7.776968E0,-2.270964E0
1.159909E1,7.254586E0,-2.034113E0
1.160326E1,7.384104E0,-2.076950E0
1.160743E1,7.423554E0,-2.075690E0
1.161160E1,7.617107E0,-2.080776E0
1.161577E1,7.586199E0,-2.097844E0
1.161994E1,7.319558E0,-2.204023E0
1.162411E1,7.616100E0,-2.075689E0
1.162828E1,7.468310E0,-2.054896E0
1.163245E1,7.278887E0,-2.021713E0
1.163663E1,7.402780E0,-1.970409E0
1.164080E1,7.382797E0,-2.102177E0
1.164497E1,7.524862E0,-2.103125E0
1.164914E1,7.695145E0,-2.269695E0
1.165331E1,7.452699E0,-2.098885E0
1.165748E1,7.421819E0,-2.165426E0
1.166165E1,7.472872E0,-1.929618E0
1.166582E1,7.295429E0,-2.027257E0
1.166999E1,7.757893E0,-1.850764E0
1.167416E1,7.661724E0,-1.787647E0
1.167833E1,7.648480E0,-1.417792E0
1.168250E1,7.533667E0,-1.427974E0
1.168667E1,7.444927E0,-1.156051E0
1.169085E1,7.742962E0,-1.154402E0
1.169502E1,7.647798E0,-1.123744E0
1.169919E1,7.397252E0,-9.163943E-1
1.170336E1,7.731996E0,-1.226826E0
1.170753E1,7.599049E0,-1.052220E0
1.171170E1,7.363285E0,-9.330251E-1
1.171587E1,7.798862E0,-7.719212E-1
1.172004E1,7.461926E0,-1.005125E0
1.172421E1,7.693161E0,-7.631902E-1
1.172838E1,7.551792E0,-4.116098E-1
1.173255E1,7.755234E0,-5.282947E-1
1.173672E1,7.579702E0,-3.840213E-1
1.174090E1,7.561634E0,-1.419749E-1
1.174507E1,7.898686E0,-3.283736E-1
1.174924E1,7.577493E0,-1.449599E-1
1.175341E1,7.576594E0,-8.391561E-2
1.175758E1,7.700688E0,-4.019645E-1
1.176175E1,7.764627E0,-1.093258E-1
1.176592E1,7.630467E0,-1.277561E-1
1.177009E1,7.531106E0,-2.571195E-1
1.177426E1,7.678850E0,-1.014004E-1
1.177843E1,7.501030E0,-1.952170E-1
