,mass A,,
t,x,y,
0.000000E0,1.032067E2,2.313253E1
4.170833E-3,9.012562E1,2.394030E1
8.341667E-3,7.600672E1,2.320148E1
1.251250E-2,6.035605E1,2.197167E1
1.668333E-2,4.398662E1,1.909014E1
2.085417E-2,2.551774E1,1.921864E1
2.502500E-2,6.037284E0,1.710226E1
2.919583E-2,-1.510494E1,1.596712E1
3.336667E-2,-3.430002E1,1.301360E1
3.753750E-2,-5.144110E1,8.792237E0
4.170833E-2,-6.673430E1,5.025594E0
4.587917E-2,-7.962520E1,1.169266E0
5.005000E-2,-9.293137E1,-4.011017E0
5.422083E-2,-1.035004E2,-8.290479E0
5.839167E-2,-1.134867E2,-1.217520E1
6.256250E-2,-1.217563E2,-1.513149E1
6.673333E-2,-1.286364E2,-1.927489E1
7.090417E-2,-1.344315E2,-2.207831E1
7.507500E-2,-1.389123E2,-2.551024E1
7.924583E-2,-1.421701E2,-2.830009E1
8.341667E-2,-1.442208E2,-3.094153E1
8.758750E-2,-1.451914E2,-3.332200E1
9.175833E-2,-1.448632E2,-3.527308E1
9.592917E-2,-1.436473E2,-3.689396E1
1.001000E-1,-1.414049E2,-3.760755E1
1.042708E-1,-1.379857E2,-3.995072E1
1.084417E-1,-1.335526E2,-3.998954E1
1.126125E-1,-1.279861E2,-4.095828E1
1.167833E-1,-1.207799E2,-4.038413E1
1.209542E-1,-1.132157E2,-4.062577E1
1.251250E-1,-1.040340E2,-3.936747E1
1.292958E-1,-9.394022E1,-3.820480E1
1.334667E-1,-8.255976E1,-3.640703E1
1.376375E-1,-6.966426E1,-3.427165E1
1.418083E-1,-5.688716E1,-3.226690E1
1.459792E-1,-4.237718E1,-2.835424E1
1.501500E-1,-2.721531E1,-2.370128E1
1.543208E-1,-1.071502E1,-1.927323E1
1.584917E-1,4.646018E0,-1.422536E1
1.626625E-1,2.114558E1,-6.947315E0
1.668333E-1,3.612566E1,-5.384334E-1
1.710042E-1,5.111452E1,7.320245E0
1.751750E-1,6.600065E1,1.624711E1
1.793458E-1,8.031922E1,2.400606E1
1.835167E-1,9.545055E1,3.288484E1
1.876875E-1,1.062767E2,3.979842E1
1.918583E-1,1.158297E2,4.630737E1
1.960292E-1,1.243648E2,5.198550E1
2.002000E-1,1.317662E2,5.798510E1
2.043708E-1,1.374473E2,6.322858E1
2.085417E-1,1.426662E2,6.744847E1
2.127125E-1,1.460836E2,7.153625E1
2.168833E-1,1.488297E2,7.500045E1
2.210542E-1,1.501608E2,7.841849E1
2.252250E-1,1.499691E2,8.035737E1
2.293958E-1,1.499608E2,8.201134E1
2.335667E-1,1.475903E2,8.396257E1
2.377375E-1,1.441189E2,8.489386E1
2.419083E-1,1.402096E2,8.503970E1
2.460792E-1,1.353780E2,8.451537E1
2.502500E-1,1.289278E2,8.289300E1
2.544208E-1,1.208825E2,8.161121E1
2.585917E-1,1.131863E2,7.870828E1
2.627625E-1,1.032570E2,7.558791E1
2.669333E-1,9.223946E1,7.157102E1
2.711042E-1,8.124391E1,6.673281E1
2.752750E-1,6.809105E1,6.101434E1
2.794458E-1,5.412613E1,5.434771E1
2.836167E-1,4.112426E1,4.691567E1
2.877875E-1,2.566574E1,3.799493E1
2.919583E-1,1.104081E1,2.887855E1
2.961292E-1,-4.757037E0,1.803044E1
3.003000E-1,-2.002775E1,7.399382E0
3.044708E-1,-3.340928E1,-4.998174E0
3.086417E-1,-4.508750E1,-1.511457E1
3.128125E-1,-5.692232E1,-2.627946E1
3.169833E-1,-6.696627E1,-3.608896E1
3.211542E-1,-7.611789E1,-4.568372E1
3.253250E-1,-8.442810E1,-5.382535E1
3.294958E-1,-9.116485E1,-6.211481E1
3.336667E-1,-9.707498E1,-6.862767E1
3.378375E-1,-1.019230E2,-7.488931E1
3.420083E-1,-1.058461E2,-8.107188E1
3.461792E-1,-1.088278E2,-8.528092E1
3.503500E-1,-1.103812E2,-8.937629E1
3.545208E-1,-1.116437E2,-9.296631E1
3.586917E-1,-1.118512E2,-9.589653E1
3.628625E-1,-1.109831E2,-9.779296E1
3.670333E-1,-1.093544E2,-9.847303E1
3.712042E-1,-1.071988E2,-9.929461E1
3.753750E-1,-1.035129E2,-9.851149E1
3.795458E-1,-1.000403E2,-9.726972E1
3.837167E-1,-9.483519E1,-9.491859E1
3.878875E-1,-8.929601E1,-9.136881E1
3.920583E-1,-8.334037E1,-8.743346E1
3.962292E-1,-7.654276E1,-8.275591E1
4.004000E-1,-6.848419E1,-7.699452E1
4.045708E-1,-5.948487E1,-7.018508E1
4.087417E-1,-5.030940E1,-6.286893E1
4.129125E-1,-3.990106E1,-5.395394E1
4.170833E-1,-2.932053E1,-4.436426E1
4.212542E-1,-1.864958E1,-3.409964E1
4.254250E-1,-7.468930E0,-2.356203E1
4.295958E-1,3.458850E0,-1.281767E1
4.337667E-1,1.522005E1,1.964114E0
4.379375E-1,2.529328E1,1.436153E1
4.421083E-1,3.491186E1,2.714923E1
4.462792E-1,4.417340E1,4.021120E1
4.504500E-1,5.353609E1,5.464909E1
4.546208E-1,6.143725E1,6.630063E1
4.587917E-1,6.812981E1,7.752217E1
4.629625E-1,7.391637E1,8.641954E1
4.671333E-1,7.847635E1,9.278568E1
4.713042E-1,8.335920E1,9.935363E1
4.754750E-1,8.764181E1,1.035868E2
4.796458E-1,9.042077E1,1.090083E2
4.838167E-1,9.238459E1,1.127616E2
4.879875E-1,9.348484E1,1.163023E2
4.921583E-1,9.397176E1,1.209901E2
4.963292E-1,9.384069E1,1.207320E2
5.005000E-1,9.301353E1,1.214212E2
5.046708E-1,9.088964E1,1.216295E2
5.088417E-1,8.789447E1,1.205010E2
5.130125E-1,8.423835E1,1.177066E2
5.171833E-1,7.988634E1,1.146365E2
5.213542E-1,7.513097E1,1.109000E2
5.255250E-1,6.991264E1,1.063761E2
5.296958E-1,6.342092E1,9.873292E1
5.338667E-1,5.545059E1,9.289120E1
5.380375E-1,4.804871E1,8.503973E1
5.422083E-1,3.950978E1,7.346465E1
5.463792E-1,3.003383E1,6.146446E1
5.505500E-1,2.111096E1,4.845346E1
5.547208E-1,1.206178E1,3.418755E1
5.588917E-1,2.522046E0,2.014985E1
5.630625E-1,-6.011793E0,5.276824E0
5.672333E-1,-1.446103E1,-7.313496E0
5.714042E-1,-2.245609E1,-2.141062E1
5.755750E-1,-2.936939E1,-3.568240E1
5.797458E-1,-3.543538E1,-4.821403E1
5.839167E-1,-4.085471E1,-6.184655E1
5.880875E-1,-4.618654E1,-7.289260E1
5.922583E-1,-5.106443E1,-8.415818E1
5.964292E-1,-5.447158E1,-9.352964E1
6.006000E-1,-5.782032E1,-1.027723E2
6.047708E-1,-6.074846E1,-1.092670E2
6.089417E-1,-6.323538E1,-1.152496E2
6.131125E-1,-6.449269E1,-1.206358E2
6.172833E-1,-6.613696E1,-1.243189E2
6.214542E-1,-6.696004E1,-1.273616E2
6.256250E-1,-6.667102E1,-1.287772E2
6.297958E-1,-6.645807E1,-1.296711E2
6.339667E-1,-6.614147E1,-1.297975E2
6.381375E-1,-6.467155E1,-1.284357E2
6.423083E-1,-6.367244E1,-1.261209E2
6.464792E-1,-6.112428E1,-1.229096E2
6.506500E-1,-5.910621E1,-1.181747E2
6.548208E-1,-5.616217E1,-1.126644E2
6.589917E-1,-5.308961E1,-1.061564E2
6.631625E-1,-4.957292E1,-9.777044E1
6.673333E-1,-4.531156E1,-8.842143E1
6.715042E-1,-4.126997E1,-7.895416E1
6.756750E-1,-3.561539E1,-6.842424E1
6.798458E-1,-3.013982E1,-5.646097E1
6.840167E-1,-2.387238E1,-4.260184E1
6.881875E-1,-1.784074E1,-3.066655E1
6.923583E-1,-1.060075E1,-1.646929E1
6.965292E-1,-3.802093E0,-1.576322E0
7.007000E-1,3.394741E0,1.251161E1
7.048708E-1,9.390797E0,2.783445E1
7.090417E-1,1.544158E1,4.207831E1
7.132125E-1,2.102323E1,5.986631E1
7.173833E-1,2.722059E1,7.405355E1
7.215542E-1,3.233476E1,8.520429E1
7.257250E-1,3.758736E1,9.590706E1
7.298958E-1,4.179427E1,1.032583E2
7.340667E-1,4.623969E1,1.106993E2
7.382375E-1,4.943510E1,1.176281E2
7.424083E-1,5.448283E1,1.213123E2
7.465792E-1,5.767295E1,1.254337E2
7.507500E-1,5.924311E1,1.291264E2
7.549208E-1,6.099679E1,1.310071E2
7.590917E-1,6.182222E1,1.326444E2
7.632625E-1,6.260432E1,1.325193E2
7.674333E-1,6.196420E1,1.313651E2
7.716042E-1,6.105922E1,1.290425E2
7.757750E-1,6.029311E1,1.254821E2
7.799458E-1,5.772304E1,1.207850E2
7.841167E-1,5.523790E1,1.155567E2
7.882875E-1,5.173713E1,1.091121E2
7.924583E-1,4.814938E1,1.010960E2
7.966292E-1,4.417227E1,9.154397E1
8.008000E-1,3.903190E1,8.134730E1
8.049708E-1,3.353018E1,7.149975E1
8.091417E-1,2.785539E1,5.484715E1
8.133125E-1,2.189181E1,4.120130E1
8.174833E-1,1.597356E1,2.540249E1
8.216542E-1,9.410217E0,1.038286E1
8.258250E-1,2.687253E0,-5.543841E0
8.299958E-1,-3.884945E0,-2.108707E1
8.341667E-1,-1.010294E1,-3.584380E1
8.383375E-1,-1.438092E1,-4.888885E1
8.425083E-1,-2.106525E1,-6.100526E1
8.466792E-1,-2.539378E1,-7.220476E1
8.508500E-1,-3.017843E1,-8.161189E1
8.550208E-1,-3.601472E1,-9.245294E1
8.591917E-1,-3.921791E1,-1.002622E2
8.633625E-1,-4.378059E1,-1.077912E2
8.675333E-1,-4.621695E1,-1.136802E2
8.717042E-1,-4.927139E1,-1.192148E2
8.758750E-1,-5.096922E1,-1.235556E2
8.800458E-1,-5.244679E1,-1.263216E2
8.842167E-1,-5.392757E1,-1.286440E2
8.883875E-1,-5.507231E1,-1.293494E2
8.925583E-1,-5.521811E1,-1.292825E2
8.967292E-1,-5.489334E1,-1.281184E2
9.009000E-1,-5.449247E1,-1.257415E2
9.050708E-1,-5.364013E1,-1.227961E2
9.092417E-1,-5.190014E1,-1.185245E2
9.134125E-1,-4.971833E1,-1.133311E2
9.175833E-1,-4.740985E1,-1.071901E2
9.217542E-1,-4.468109E1,-1.006846E2
9.259250E-1,-4.002022E1,-9.183949E1
9.300958E-1,-3.672214E1,-8.344724E1
9.342667E-1,-3.251348E1,-7.316716E1
9.384375E-1,-2.714498E1,-6.183326E1
9.426083E-1,-1.928484E1,-4.877225E1
9.467792E-1,-1.483123E1,-3.739736E1
9.509500E-1,-6.749250E0,-2.367127E1
9.551208E-1,8.848404E-1,-9.879519E0
9.592917E-1,1.302106E1,9.215536E0
9.634625E-1,2.120394E1,2.239067E1
9.676333E-1,2.929799E1,3.533538E1
9.718042E-1,3.810510E1,4.898730E1
9.759750E-1,4.504717E1,5.951769E1
9.801458E-1,5.221963E1,7.073032E1
9.843167E-1,5.832401E1,7.970600E1
9.884875E-1,6.423637E1,8.817394E1
9.926583E-1,6.928198E1,9.508366E1
9.968292E-1,7.353218E1,1.010218E2
1.001000E0,7.747303E1,1.066578E2
1.005171E0,8.046013E1,1.101215E2
1.009342E0,8.293977E1,1.132328E2
1.013513E0,8.505899E1,1.152758E2
1.017683E0,8.611847E1,1.159373E2
1.021854E0,8.694056E1,1.161729E2
1.026025E0,8.691660E1,1.147165E2
1.030196E0,8.623347E1,1.127911E2
1.034367E0,8.487356E1,1.096486E2
1.038538E0,8.289161E1,1.057268E2
1.042708E0,8.014901E1,1.006173E2
1.046879E0,7.646069E1,9.425082E1
1.051050E0,7.211716E1,8.655263E1
1.055221E0,6.712937E1,7.849925E1
1.059392E0,6.103100E1,6.847219E1
1.063563E0,5.504419E1,5.833591E1
1.067733E0,4.797949E1,4.756323E1
1.071904E0,4.004305E1,3.535224E1
1.076075E0,3.209617E1,2.287912E1
1.080246E0,2.296234E1,9.337011E0
1.084417E0,1.323368E1,-5.148928E0
1.088588E0,2.931334E0,-1.871870E1
1.092758E0,-6.724806E0,-3.018579E1
1.096929E0,-1.679213E1,-4.254440E1
1.101100E0,-2.581770E1,-5.385916E1
1.105271E0,-3.371860E1,-6.370998E1
1.109442E0,-4.059122E1,-7.337558E1
1.113613E0,-4.690688E1,-8.130627E1
1.117783E0,-5.240077E1,-8.803155E1
1.121954E0,-5.827207E1,-9.429328E1
1.126125E0,-6.263942E1,-9.967293E1
1.130296E0,-6.566504E1,-1.040879E2
1.134467E0,-6.858472E1,-1.072374E2
1.138638E0,-7.083517E1,-1.099888E2
1.142808E0,-7.241723E1,-1.108409E2
1.146979E0,-7.296464E1,-1.115930E2
1.151150E0,-7.349718E1,-1.107342E2
1.155321E0,-7.303374E1,-1.099957E2
1.159492E0,-7.241653E1,-1.069563E2
1.163663E0,-7.070030E1,-1.038812E2
1.167833E0,-6.834414E1,-9.954671E1
1.172004E0,-6.519421E1,-9.505317E1
1.176175E0,-6.125039E1,-8.875083E1
1.180346E0,-5.680991E1,-8.220589E1
1.184517E0,-5.127304E1,-7.391836E1
1.188688E0,-4.649807E1,-6.605424E1
1.192858E0,-3.877558E1,-5.590661E1
1.197029E0,-3.167745E1,-4.565373E1
1.201200E0,-2.317445E1,-3.452295E1
1.205371E0,-1.325896E1,-2.260186E1
1.209542E0,-3.050790E0,-1.066405E1
1.213713E0,1.009193E1,3.170215E0
1.217883E0,2.252865E1,1.599520E1
1.222054E0,3.356652E1,2.684052E1
1.226225E0,4.320320E1,3.754664E1
1.230396E0,5.301961E1,4.806918E1
1.234567E0,6.219600E1,5.698972E1
1.238738E0,6.983054E1,6.438264E1
1.242908E0,7.766528E1,7.078241E1
1.247079E0,8.418233E1,7.786527E1
1.251250E0,9.004371E1,8.287729E1
1.255421E0,9.490186E1,8.698613E1
1.259592E0,9.907241E1,9.002497E1
1.263763E0,1.022634E2,9.228890E1
1.267933E0,1.047672E2,9.420677E1
1.272104E0,1.060528E2,9.434388E1
1.276275E0,1.069583E2,9.402666E1
1.280446E0,1.068169E2,9.352683E1
1.284617E0,1.060670E2,9.125987E1
1.288788E0,1.040030E2,8.860580E1
1.292958E0,1.011859E2,8.512830E1
1.297129E0,9.800283E1,8.070990E1
1.301300E0,9.317214E1,7.535617E1
1.305471E0,8.791534E1,6.936436E1
1.309642E0,8.186255E1,6.270189E1
1.313813E0,7.478023E1,5.543825E1
1.317983E0,6.696812E1,4.714205E1
1.322154E0,5.803177E1,3.745751E1
1.326325E0,4.803375E1,2.756416E1
1.330496E0,3.754745E1,1.717739E1
1.334667E0,2.530403E1,5.058114E0
1.338838E0,1.312279E1,-6.510484E0
1.343008E0,-1.128201E0,-1.851167E1
1.347179E0,-1.291958E1,-2.909954E1
1.351350E0,-2.370579E1,-3.667920E1
1.355521E0,-3.455472E1,-4.581812E1
1.359692E0,-4.456443E1,-5.438233E1
1.363863E0,-5.306655E1,-6.035234E1
1.368033E0,-6.061805E1,-6.684592E1
1.372204E0,-6.723757E1,-7.219553E1
1.376375E0,-7.275509E1,-7.660868E1
1.380546E0,-7.896865E1,-8.090709E1
1.384717E0,-8.319931E1,-8.469225E1
1.388888E0,-8.593261E1,-8.686964E1
1.393058E0,-8.842063E1,-8.850514E1
1.397229E0,-9.038692E1,-8.898548E1
1.401400E0,-9.078060E1,-8.984225E1
1.405571E0,-9.070435E1,-8.904446E1
1.409742E0,-8.980005E1,-8.734092E1
1.413913E0,-8.775199E1,-8.516534E1
1.418083E0,-8.473468E1,-8.240045E1
1.422254E0,-8.095376E1,-7.942977E1
1.426425E0,-7.654405E1,-7.539459E1
1.430596E0,-7.122569E1,-7.047807E1
1.434767E0,-6.502451E1,-6.510858E1
1.438938E0,-5.700331E1,-5.859548E1
1.443108E0,-4.991193E1,-5.208646E1
1.447279E0,-4.056636E1,-4.399643E1
1.451450E0,-3.080245E1,-3.571341E1
1.455621E0,-1.877391E1,-2.670295E1
1.459792E0,-7.817595E0,-1.801383E1
1.463963E0,4.825374E0,-8.587761E0
1.468133E0,2.225701E1,4.113415E0
1.472304E0,3.536510E1,1.418579E1
1.476475E0,4.794147E1,2.517944E1
1.480646E0,5.819960E1,3.208175E1
1.484817E0,6.832189E1,3.979501E1
1.488988E0,7.689425E1,4.647019E1
1.493158E0,8.515329E1,5.229793E1
1.497329E0,9.209069E1,5.760424E1
1.501500E0,9.817813E1,6.149152E1
1.505671E0,1.033669E2,6.533130E1
1.509842E0,1.081304E2,6.880736E1
1.514013E0,1.113545E2,7.094142E1
1.518183E0,1.139410E2,7.330308E1
1.522354E0,1.151663E2,7.353629E1
1.526525E0,1.159224E2,7.439209E1
1.530696E0,1.153329E2,7.339854E1
1.534867E0,1.141905E2,7.263726E1
1.539038E0,1.118522E2,7.139127E1
1.543208E0,1.090118E2,6.876835E1
1.547379E0,1.047351E2,6.657759E1
1.551550E0,9.946785E1,6.185935E1
1.555721E0,9.310260E1,5.744311E1
1.559892E0,8.584004E1,5.242850E1
1.564063E0,7.798492E1,4.607056E1
1.568233E0,6.891415E1,3.957090E1
1.572404E0,5.934901E1,3.198280E1
1.576575E0,4.801589E1,2.348560E1
1.580746E0,3.687016E1,1.559393E1
1.584917E0,2.424770E1,6.169887E0
1.589088E0,1.146369E1,-3.352284E0
1.593258E0,-2.753762E0,-1.300885E1
1.597429E0,-1.669252E1,-2.315393E1
1.601600E0,-2.809095E1,-2.965658E1
1.605771E0,-3.907340E1,-3.791187E1
1.609942E0,-4.864641E1,-4.436016E1
1.614113E0,-5.733251E1,-5.114362E1
1.618283E0,-6.557624E1,-5.697065E1
1.622454E0,-7.360707E1,-6.208519E1
1.626625E0,-7.926846E1,-6.629712E1
1.630796E0,-8.414939E1,-6.975809E1
1.634967E0,-8.784093E1,-7.305002E1
1.639138E0,-9.043193E1,-7.574746E1
1.643308E0,-9.265103E1,-7.735146E1
1.647479E0,-9.312205E1,-7.857319E1
1.651650E0,-9.320422E1,-7.930202E1
1.655821E0,-9.179441E1,-7.898478E1
1.659992E0,-9.005345E1,-7.814719E1
1.664163E0,-8.708114E1,-7.633770E1
1.668333E0,-8.287580E1,-7.359446E1
1.672504E0,-7.865903E1,-7.119964E1
1.676675E0,-7.292093E1,-6.762426E1
1.680846E0,-6.662291E1,-6.414783E1
1.685017E0,-5.896767E1,-5.924737E1
1.689188E0,-4.970609E1,-5.329193E1
1.693358E0,-4.047239E1,-4.702043E1
1.697529E0,-3.009270E1,-3.969370E1
1.701700E0,-1.863467E1,-3.231009E1
1.705871E0,-7.026023E0,-2.472329E1
1.710042E0,5.818012E0,-1.577301E1
1.714213E0,1.739220E1,-7.148045E0
1.718383E0,3.085134E1,4.583935E0
1.722554E0,4.167851E1,1.281321E1
1.726725E0,5.201066E1,2.252995E1
1.730896E0,6.130925E1,3.083506E1
1.735067E0,6.985518E1,3.941630E1
1.739238E0,7.735941E1,4.578921E1
1.743408E0,8.377348E1,5.250401E1
1.747579E0,8.984158E1,5.851294E1
1.751750E0,9.394378E1,6.257107E1
1.755921E0,9.839593E1,6.673967E1
1.760092E0,1.009287E2,7.034304E1
1.764263E0,1.032427E2,7.280831E1
1.768433E0,1.044965E2,7.470262E1
1.772604E0,1.044779E2,7.600112E1
1.776775E0,1.040225E2,7.674332E1
1.780946E0,1.024610E2,7.575665E1
1.785117E0,9.988753E1,7.525132E1
1.789288E0,9.618829E1,7.226717E1
1.793458E0,9.207956E1,6.949526E1
1.797629E0,8.716241E1,6.590723E1
1.801800E0,8.102883E1,6.151948E1
1.805971E0,7.424343E1,5.587764E1
1.810142E0,6.715540E1,5.067709E1
1.814313E0,5.820193E1,4.329592E1
1.818483E0,4.889261E1,3.551036E1
1.822654E0,3.942375E1,2.684685E1
1.826825E0,2.796110E1,1.740409E1
1.830996E0,1.616952E1,6.103220E0
1.835167E0,5.007138E0,-3.710125E0
1.839338E0,-6.059181E0,-1.467870E1
1.843508E0,-1.553510E1,-2.525670E1
1.847679E0,-2.525118E1,-3.449202E1
1.851850E0,-3.312603E1,-4.360093E1
1.856021E0,-4.122464E1,-5.284466E1
1.860192E0,-4.817157E1,-6.104708E1
1.864363E0,-5.394188E1,-6.771159E1
1.868533E0,-5.871300E1,-7.404875E1
1.872704E0,-6.266667E1,-7.942252E1
1.876875E0,-6.535709E1,-8.337592E1
1.881046E0,-6.815396E1,-8.795074E1
1.885217E0,-6.940702E1,-9.060978E1
1.889388E0,-7.026131E1,-9.314229E1
1.893558E0,-7.001399E1,-9.404925E1
1.897729E0,-6.958509E1,-9.398852E1
1.901900E0,-6.842489E1,-9.347548E1
1.906071E0,-6.661517E1,-9.194982E1
1.910242E0,-6.398358E1,-8.915699E1
1.914413E0,-6.064919E1,-8.589819E1
1.918583E0,-5.603645E1,-8.171713E1
1.922754E0,-5.176321E1,-7.725764E1
1.926925E0,-4.622031E1,-7.082315E1
1.931096E0,-3.994087E1,-6.394860E1
1.935267E0,-3.285412E1,-5.614256E1
1.939438E0,-2.527027E1,-4.757135E1
1.943608E0,-1.717545E1,-3.839115E1
1.947779E0,-9.009919E0,-2.952170E1
1.951950E0,-9.003119E-1,-1.952702E1
1.956121E0,8.747152E0,-7.492601E0
1.960292E0,2.018421E1,6.241672E0
1.964463E0,3.024960E1,1.892653E1
1.968633E0,3.793474E1,2.947176E1
1.972804E0,4.538870E1,3.970573E1
1.976975E0,5.147709E1,4.868033E1
1.981146E0,5.702447E1,5.757158E1
1.985317E0,6.213365E1,6.534352E1
1.989488E0,6.693417E1,7.237057E1
1.993658E0,7.109622E1,7.868802E1
1.997829E0,7.391275E1,8.335918E1
2.002000E0,7.638981E1,8.689092E1
2.006171E0,7.811302E1,8.950993E1
2.010342E0,7.921984E1,9.164134E1
2.014513E0,7.929256E1,9.201293E1
2.018683E0,7.904854E1,9.264431E1
2.022854E0,7.807264E1,9.125778E1
2.027025E0,7.620014E1,8.891512E1
2.031196E0,7.347356E1,8.522778E1
2.035367E0,7.010529E1,8.135766E1
2.039538E0,6.656907E1,7.663620E1
2.043708E0,6.210128E1,7.103175E1
2.047879E0,5.708444E1,6.439274E1
2.052050E0,5.139163E1,5.594251E1
2.056221E0,4.489083E1,4.757768E1
2.060392E0,3.784815E1,3.738748E1
2.064563E0,3.016189E1,2.595816E1
2.068733E0,2.207208E1,1.518312E1
2.072904E0,1.386054E1,3.363676E0
2.077075E0,4.577970E0,-1.118645E1
2.081246E0,-3.493318E0,-2.317354E1
2.085417E0,-1.014932E1,-3.272464E1
2.089588E0,-1.618143E1,-4.198251E1
2.093758E0,-2.294740E1,-5.281959E1
2.097929E0,-2.826294E1,-6.262324E1
2.102100E0,-3.288585E1,-7.101702E1
2.106271E0,-3.694573E1,-7.844173E1
2.110442E0,-4.012041E1,-8.427111E1
2.114613E0,-4.365919E1,-8.915143E1
2.118783E0,-4.495648E1,-9.389386E1
2.122954E0,-4.642767E1,-9.695872E1
2.127125E0,-4.805849E1,-9.925186E1
2.131296E0,-4.874056E1,-1.001140E2
2.135467E0,-4.888942E1,-1.003554E2
2.139638E0,-4.797756E1,-9.964301E1
2.143808E0,-4.730609E1,-9.781549E1
2.147979E0,-4.563942E1,-9.506778E1
2.152150E0,-4.375453E1,-9.171761E1
2.156321E0,-4.136965E1,-8.683805E1
2.160492E0,-3.813439E1,-8.166125E1
2.164663E0,-3.428770E1,-7.509924E1
2.168833E0,-2.965165E1,-6.778789E1
2.173004E0,-2.488130E1,-5.924745E1
2.177175E0,-2.018454E1,-5.037314E1
2.181346E0,-1.368972E1,-3.980808E1
2.185517E0,-6.101340E0,-2.788926E1
2.189688E0,2.122691E0,-1.420250E1
2.193858E0,1.012078E1,-1.177281E0
2.198029E0,1.817728E1,1.181390E1
2.202200E0,2.517179E1,2.298735E1
2.206371E0,3.243326E1,3.466774E1
2.210542E0,3.895266E1,4.594738E1
2.214713E0,4.493371E1,5.528932E1
2.218883E0,5.039320E1,6.350212E1
2.223054E0,5.517655E1,7.059922E1
2.227225E0,5.975274E1,7.730887E1
2.231396E0,6.362081E1,8.265014E1
2.235567E0,6.657235E1,8.685776E1
2.239738E0,6.882358E1,9.069285E1
2.243908E0,7.094206E1,9.292165E1
2.248079E0,7.218928E1,9.414676E1
2.252250E0,7.288582E1,9.445340E1
2.256421E0,7.263592E1,9.399223E1
2.260592E0,7.191972E1,9.216511E1
2.264763E0,7.081371E1,8.945476E1
2.268933E0,6.888008E1,8.555051E1
2.273104E0,6.615928E1,8.120477E1
2.277275E0,6.291785E1,7.557485E1
2.281446E0,5.906557E1,6.898398E1
2.285617E0,5.439808E1,6.092136E1
2.289788E0,4.920884E1,5.254411E1
2.293958E0,4.315281E1,4.302977E1
2.298129E0,3.687945E1,3.307802E1
2.302300E0,2.966736E1,2.097783E1
2.306471E0,2.222789E1,1.072263E1
2.310642E0,1.325705E1,-2.744343E0
2.314813E0,4.940684E0,-1.492491E1
2.318983E0,-4.082234E0,-2.747204E1
2.323154E0,-1.150865E1,-3.730983E1
2.327325E0,-1.855489E1,-4.702751E1
2.331496E0,-2.551535E1,-5.641678E1
2.335667E0,-3.155085E1,-6.484511E1
2.339838E0,-3.581395E1,-7.079648E1
2.344008E0,-4.059836E1,-7.691896E1
2.348179E0,-4.452363E1,-8.164380E1
2.352350E0,-4.762221E1,-8.491593E1
2.356521E0,-5.064217E1,-8.841261E1
2.360692E0,-5.262456E1,-9.070897E1
2.364863E0,-5.407542E1,-9.208052E1
2.369033E0,-5.448816E1,-9.168231E1
2.373204E0,-5.467760E1,-9.108833E1
2.377375E0,-5.370444E1,-8.955145E1
2.381546E0,-5.298480E1,-8.699157E1
2.385717E0,-5.077214E1,-8.348134E1
2.389888E0,-4.892181E1,-7.904695E1
2.394058E0,-4.592449E1,-7.363134E1
2.398229E0,-4.242849E1,-6.799502E1
2.402400E0,-3.856196E1,-6.093166E1
2.406571E0,-3.296429E1,-5.270171E1
2.410742E0,-2.692806E1,-4.376161E1
2.414913E0,-2.075250E1,-3.459112E1
2.419083E0,-1.277501E1,-2.443787E1
2.423254E0,-4.336482E0,-1.326614E1
2.427425E0,6.185578E0,-3.159351E-1
2.431596E0,1.613438E1,1.237477E1
2.435767E0,2.515659E1,2.244256E1
2.439938E0,3.403717E1,3.414085E1
2.444108E0,4.205153E1,4.272769E1
2.448279E0,5.034645E1,5.021530E1
2.452450E0,5.740999E1,5.675960E1
2.456621E0,6.359695E1,6.324089E1
2.460792E0,6.898443E1,6.796923E1
2.464963E0,7.379105E1,7.214260E1
2.469133E0,7.801068E1,7.581565E1
2.473304E0,8.127140E1,7.842468E1
2.477475E0,8.379738E1,7.923006E1
2.481646E0,8.523699E1,8.007518E1
2.485817E0,8.607922E1,8.002599E1
2.489988E0,8.611976E1,7.928059E1
2.494158E0,8.536766E1,7.769943E1
2.498329E0,8.371395E1,7.481200E1
2.502500E0,8.142879E1,7.123020E1
2.506671E0,7.808817E1,6.676918E1
2.510842E0,7.394901E1,6.165291E1
2.515013E0,6.897969E1,5.590984E1
2.519183E0,6.303792E1,4.951393E1
2.523354E0,5.636733E1,4.173194E1
2.527525E0,4.874214E1,3.411526E1
2.531696E0,4.041234E1,2.494106E1
2.535867E0,3.125390E1,1.509488E1
2.540038E0,2.123213E1,4.365529E0
2.544208E0,1.047495E1,-6.656672E0
2.548379E0,-6.467478E-1,-1.677154E1
2.552550E0,-1.051293E1,-2.600630E1
2.556721E0,-2.079822E1,-3.438636E1
2.560892E0,-2.881528E1,-4.147331E1
2.565063E0,-3.683884E1,-4.824460E1
2.569233E0,-4.465826E1,-5.442455E1
2.573404E0,-5.052621E1,-5.942420E1
2.577575E0,-5.629731E1,-6.389752E1
2.581746E0,-6.061613E1,-6.725009E1
2.585917E0,-6.410909E1,-7.004202E1
2.590088E0,-6.706659E1,-7.189013E1
2.594258E0,-6.888900E1,-7.284353E1
2.598429E0,-7.075874E1,-7.324926E1
2.602600E0,-7.081329E1,-7.296954E1
2.606771E0,-7.054676E1,-7.167654E1
2.610942E0,-6.946376E1,-6.961632E1
2.615113E0,-6.806725E1,-6.720590E1
2.619283E0,-6.501015E1,-6.383635E1
2.623454E0,-6.120808E1,-5.978174E1
2.627625E0,-5.701364E1,-5.516181E1
2.631796E0,-5.237243E1,-5.063119E1
2.635967E0,-4.525324E1,-4.380239E1
2.640138E0,-3.811374E1,-3.751448E1
2.644308E0,-3.055033E1,-3.064416E1
2.648479E0,-2.071643E1,-2.217586E1
2.652650E0,-1.073398E1,-1.369164E1
2.656821E0,8.076650E-1,-4.516102E0
2.660992E0,1.321571E1,5.401275E0
2.665163E0,2.541383E1,1.269627E1
2.669333E0,3.609738E1,2.107675E1
2.673504E0,4.621529E1,2.759741E1
2.677675E0,5.597393E1,3.308705E1
2.681846E0,6.464511E1,3.830892E1
2.686017E0,7.248870E1,4.321142E1
2.690188E0,7.895494E1,4.631709E1
2.694358E0,8.497902E1,4.905195E1
2.698529E0,8.988729E1,5.120511E1
2.702700E0,9.388794E1,5.292454E1
2.706871E0,9.696013E1,5.425392E1
2.711042E0,9.889637E1,5.485339E1
2.715213E0,9.973165E1,5.478247E1
2.719383E0,1.002354E2,5.453446E1
2.723554E0,9.896928E1,5.364617E1
2.727725E0,9.698486E1,5.174945E1
2.731896E0,9.397400E1,4.999252E1
2.736067E0,8.996505E1,4.686030E1
2.740238E0,8.478187E1,4.362045E1
2.744408E0,7.896792E1,3.992606E1
2.748579E0,7.206614E1,3.598963E1
2.752750E0,6.379562E1,3.005248E1
2.756921E0,5.486824E1,2.466425E1
2.761092E0,4.522562E1,1.891811E1
2.765263E0,3.468609E1,1.188796E1
2.769433E0,2.254148E1,5.038667E0
2.773604E0,9.843681E0,-2.662834E0
2.777775E0,-3.592411E0,-1.094470E1
2.781946E0,-1.539558E1,-1.712936E1
2.786117E0,-2.697559E1,-2.291779E1
2.790288E0,-3.697750E1,-2.856595E1
2.794458E0,-4.555578E1,-3.374016E1
2.798629E0,-5.355865E1,-3.746080E1
2.802800E0,-6.007767E1,-4.076139E1
2.806971E0,-6.569965E1,-4.355668E1
2.811142E0,-7.085289E1,-4.638979E1
2.815313E0,-7.403683E1,-4.844287E1
2.819483E0,-7.676484E1,-4.963300E1
2.823654E0,-7.881167E1,-5.050678E1
2.827825E0,-7.961473E1,-5.073068E1
2.831996E0,-7.987000E1,-5.009939E1
2.836167E0,-7.876281E1,-4.905624E1
2.840338E0,-7.691916E1,-4.772207E1
2.844508E0,-7.395669E1,-4.564655E1
2.848679E0,-6.987118E1,-4.300968E1
2.852850E0,-6.514491E1,-4.001318E1
2.857021E0,-5.874513E1,-3.649465E1
2.861192E0,-5.232472E1,-3.300851E1
2.865363E0,-4.377410E1,-2.829122E1
2.869533E0,-3.578482E1,-2.357232E1
2.873704E0,-2.597752E1,-1.807729E1
2.877875E0,-1.388448E1,-1.138453E1
2.882046E0,-6.452354E-1,-4.973719E0
2.886217E0,1.209141E1,6.211739E-1
2.890388E0,2.573527E1,7.378263E0
2.894558E0,3.772992E1,1.235971E1
2.898729E0,4.831479E1,1.638396E1
2.902900E0,5.844486E1,2.048885E1
2.907071E0,6.759343E1,2.442506E1
2.911242E0,7.576545E1,2.812328E1
2.915413E0,8.258396E1,3.052252E1
2.919583E0,8.850943E1,3.305828E1
2.923754E0,9.327247E1,3.503852E1
2.927925E0,9.710500E1,3.664548E1
2.932096E0,9.997971E1,3.817251E1
2.936267E0,1.017646E2,3.866644E1
2.940438E0,1.028797E2,3.910543E1
2.944608E0,1.023165E2,3.879232E1
2.948779E0,1.008464E2,3.842073E1
2.952950E0,9.828166E1,3.719675E1
2.957121E0,9.495724E1,3.582843E1
2.961292E0,9.002007E1,3.383214E1
2.965463E0,8.443210E1,3.150522E1
2.969633E0,7.776838E1,2.921674E1
2.973804E0,6.990685E1,2.600949E1
2.977975E0,6.119175E1,2.254973E1
2.982146E0,5.124468E1,1.804361E1
2.986317E0,4.067608E1,1.365462E1
2.990488E0,2.909820E1,9.240780E0
2.994658E0,1.625807E1,3.272245E0
2.998829E0,2.184682E0,-3.101787E0
3.003000E0,-9.929224E0,-8.775003E0
3.007171E0,-2.181467E1,-1.437244E1
3.011342E0,-3.171170E1,-1.961001E1
3.015513E0,-4.147740E1,-2.491564E1
3.019683E0,-4.804815E1,-2.861826E1
3.023854E0,-5.557552E1,-3.284074E1
3.028025E0,-6.231659E1,-3.657967E1
3.032196E0,-6.755305E1,-3.943330E1
3.036367E0,-7.167036E1,-4.171939E1
3.040538E0,-7.414208E1,-4.347289E1
3.044708E0,-7.641097E1,-4.531393E1
3.048879E0,-7.749699E1,-4.584842E1
3.053050E0,-7.742593E1,-4.582915E1
3.057221E0,-7.680296E1,-4.564760E1
3.061392E0,-7.556818E1,-4.398048E1
3.065563E0,-7.214061E1,-4.302880E1
3.069733E0,-6.803618E1,-4.162138E1
3.073904E0,-6.322833E1,-3.867945E1
3.078075E0,-5.739004E1,-3.558631E1
3.082246E0,-5.174331E1,-3.300577E1
3.086417E0,-4.200381E1,-2.780537E1
3.090588E0,-3.444469E1,-2.402151E1
3.094758E0,-2.477380E1,-1.902092E1
3.098929E0,-1.208906E1,-1.229091E1
3.103100E0,-1.153204E0,-6.385021E0
3.107271E0,1.202459E1,-8.968410E-1
3.111442E0,2.481144E1,6.567598E0
3.115613E0,3.618560E1,1.190591E1
3.119783E0,4.622078E1,1.755477E1
3.123954E0,5.564475E1,2.178272E1
3.128125E0,6.430835E1,2.700439E1
3.132296E0,7.195115E1,3.064136E1
3.136467E0,7.818041E1,3.367800E1
3.140638E0,8.393188E1,3.652894E1
3.144808E0,8.832751E1,3.918735E1
3.148979E0,9.172160E1,4.102660E1
3.153150E0,9.418779E1,4.216165E1
3.157321E0,9.579153E1,4.288248E1
3.161492E0,9.618074E1,4.305816E1
3.165663E0,9.575129E1,4.295267E1
3.169833E0,9.409287E1,4.258767E1
3.174004E0,9.146209E1,4.130683E1
3.178175E0,8.759433E1,3.947561E1
3.182346E0,8.266031E1,3.722567E1
3.186517E0,7.690693E1,3.454006E1
3.190688E0,7.037844E1,3.117162E1
3.194858E0,6.223664E1,2.732306E1
3.199029E0,5.364619E1,2.290268E1
3.203200E0,4.413689E1,1.834636E1
3.207371E0,3.315636E1,1.231322E1
3.211542E0,2.154236E1,5.971601E0
3.215713E0,9.881528E0,5.922470E-1
3.219883E0,-2.591965E0,-7.157146E0
3.224054E0,-1.364826E1,-1.376831E1
3.228225E0,-2.435245E1,-2.023114E1
3.232396E0,-3.292969E1,-2.503592E1
3.236567E0,-4.100598E1,-2.976902E1
3.240738E0,-4.718808E1,-3.358211E1
3.244908E0,-5.323660E1,-3.782804E1
3.249079E0,-5.892498E1,-4.122657E1
3.253250E0,-6.308861E1,-4.417510E1
3.257421E0,-6.649714E1,-4.622444E1
3.261592E0,-6.863167E1,-4.733585E1
3.265763E0,-7.023095E1,-4.930656E1
3.269933E0,-7.001115E1,-4.993489E1
3.274104E0,-6.958858E1,-4.902828E1
3.278275E0,-6.821946E1,-4.912174E1
3.282446E0,-6.581860E1,-4.715910E1
3.286617E0,-6.213247E1,-4.569861E1
3.290788E0,-5.782062E1,-4.337379E1
3.294958E0,-5.281292E1,-4.015166E1
3.299129E0,-4.646314E1,-3.593786E1
3.303300E0,-3.917168E1,-3.168929E1
3.307471E0,-3.089193E1,-2.688454E1
3.311642E0,-2.284817E1,-2.161446E1
3.315813E0,-1.287585E1,-1.559692E1
3.319983E0,-1.523681E0,-9.288432E0
3.324154E0,1.077275E1,-1.403844E0
3.328325E0,2.228299E1,6.436731E0
3.332496E0,3.303195E1,1.296686E1
3.336667E0,4.216402E1,1.876179E1
3.340838E0,5.087162E1,2.479636E1
3.345008E0,5.898609E1,3.039968E1
3.349179E0,6.610866E1,3.463614E1
3.353350E0,7.215479E1,3.884736E1
3.357521E0,7.766292E1,4.245002E1
3.361692E0,8.152313E1,4.506271E1
3.365863E0,8.489277E1,4.638921E1
3.370033E0,8.721463E1,4.817817E1
3.374204E0,8.828159E1,4.866157E1
3.378375E0,8.874130E1,4.886105E1
3.382546E0,8.819068E1,4.907261E1
3.386717E0,8.684932E1,4.802877E1
3.390888E0,8.412228E1,4.682628E1
3.395058E0,8.078354E1,4.458505E1
3.399229E0,7.630693E1,4.200149E1
3.403400E0,7.081968E1,3.912912E1
3.407571E0,6.439597E1,3.515913E1
3.411742E0,5.716690E1,3.045471E1
3.415913E0,4.899024E1,2.534163E1
3.420083E0,3.950033E1,1.966069E1
3.424254E0,3.002933E1,1.324117E1
3.428425E0,1.955326E1,5.680130E0
3.432596E0,7.922355E0,-1.592267E0
3.436767E0,-2.706382E0,-9.017184E0
3.440938E0,-1.352386E1,-1.715523E1
3.445108E0,-2.298561E1,-2.312496E1
3.449279E0,-3.148751E1,-2.915654E1
3.453450E0,-3.849708E1,-3.395342E1
3.457621E0,-4.533831E1,-3.858907E1
3.461792E0,-5.086667E1,-4.241109E1
3.465963E0,-5.520381E1,-4.556831E1
3.470133E0,-5.856124E1,-4.838822E1
3.474304E0,-6.146774E1,-5.049390E1
3.478475E0,-6.383601E1,-5.195372E1
3.482646E0,-6.427619E1,-5.284659E1
3.486817E0,-6.416167E1,-5.273013E1
3.490988E0,-6.371932E1,-5.231212E1
3.495158E0,-6.200369E1,-5.079936E1
3.499329E0,-5.963009E1,-4.829631E1
3.503500E0,-5.604809E1,-4.648208E1
3.507671E0,-5.185817E1,-4.323902E1
3.511842E0,-4.644444E1,-3.980354E1
3.516013E0,-4.004658E1,-3.522154E1
3.520183E0,-3.384795E1,-3.036986E1
3.524354E0,-2.572940E1,-2.539594E1
3.528525E0,-1.685686E1,-1.866777E1
3.532696E0,-6.054924E0,-1.129363E1
3.536867E0,5.474367E0,-3.908438E0
3.541038E0,1.643703E1,4.311717E0
3.545208E0,2.662793E1,1.029079E1
3.549379E0,3.607236E1,1.693908E1
3.553550E0,4.473247E1,2.311487E1
3.557721E0,5.293306E1,2.868553E1
3.561892E0,5.997406E1,3.373293E1
3.566063E0,6.661544E1,3.786152E1
3.570233E0,7.196317E1,4.084753E1
3.574404E0,7.624363E1,4.398032E1
3.578575E0,7.945708E1,4.663377E1
3.582746E0,8.203280E1,4.770819E1
3.586917E0,8.402963E1,4.844384E1
3.591088E0,8.444990E1,4.922539E1
3.595258E0,8.422263E1,4.849683E1
3.599429E0,8.236286E1,4.818533E1
3.603600E0,8.027622E1,4.643242E1
3.607771E0,7.704818E1,4.408128E1
3.611942E0,7.313138E1,4.149770E1
3.616113E0,6.801717E1,3.847907E1
3.620283E0,6.195493E1,3.424947E1
3.624454E0,5.487627E1,2.961870E1
3.628625E0,4.699194E1,2.451714E1
3.632796E0,3.831880E1,1.847787E1
3.636967E0,2.888573E1,1.205734E1
3.641138E0,1.881290E1,5.847998E0
3.645308E0,7.482639E0,-2.728632E0
3.649479E0,-2.990076E0,-9.541841E0
3.653650E0,-1.380933E1,-1.741252E1
3.657821E0,-2.255795E1,-2.305883E1
3.661992E0,-3.077863E1,-2.865969E1
3.666163E0,-3.799645E1,-3.361048E1
3.670333E0,-4.388473E1,-3.760602E1
3.674504E0,-4.910099E1,-4.121173E1
3.678675E0,-5.305259E1,-4.439964E1
3.682846E0,-5.675653E1,-4.685650E1
3.687017E0,-5.906863E1,-4.882282E1
3.691188E0,-6.092163E1,-4.997420E1
3.695358E0,-6.131540E1,-5.052259E1
3.699529E0,-6.118199E1,-5.093594E1
3.703700E0,-6.053049E1,-4.979138E1
3.707871E0,-5.826256E1,-4.889843E1
3.712042E0,-5.590628E1,-4.657726E1
3.716213E0,-5.201204E1,-4.390622E1
3.720383E0,-4.664589E1,-4.101834E1
3.724554E0,-4.192452E1,-3.754294E1
3.728725E0,-3.553858E1,-3.345874E1
3.732896E0,-2.770000E1,-2.831202E1
3.737067E0,-2.092773E1,-2.353898E1
3.741238E0,-1.049765E1,-1.692031E1
3.745408E0,-4.997376E-1,-1.025290E1
3.749579E0,1.053269E1,-1.651741E0
3.753750E0,2.101736E1,5.846796E0
3.757921E0,3.070519E1,1.263680E1
3.762092E0,3.942985E1,1.923925E1
3.766263E0,4.735544E1,2.557095E1
3.770433E0,5.487097E1,2.990711E1
3.774604E0,6.128380E1,3.501429E1
3.778775E0,6.688349E1,3.853234E1
3.782946E0,7.148785E1,4.207913E1
3.787117E0,7.504239E1,4.427576E1
3.791288E0,7.768663E1,4.650136E1
3.795458E0,7.937500E1,4.746684E1
3.799629E0,8.025850E1,4.814232E1
3.803800E0,8.036147E1,4.789350E1
3.807971E0,7.911863E1,4.764885E1
3.812142E0,7.735909E1,4.636416E1
3.816313E0,7.427366E1,4.488758E1
3.820483E0,7.070883E1,4.177739E1
3.824654E0,6.597302E1,3.921194E1
3.828825E0,6.036786E1,3.541484E1
3.832996E0,5.369060E1,3.061332E1
3.837167E0,4.616424E1,2.571253E1
3.841338E0,3.813559E1,1.971885E1
3.845508E0,2.906912E1,1.353596E1
3.849679E0,1.918306E1,6.484938E0
3.853850E0,8.280518E0,-1.448688E0
3.858021E0,-1.476615E0,-9.309519E0
3.862192E0,-1.162182E1,-1.663439E1
3.866363E0,-2.079302E1,-2.259797E1
3.870533E0,-2.818363E1,-2.848341E1
3.874704E0,-3.422861E1,-3.306637E1
3.878875E0,-4.016885E1,-3.678940E1
3.883046E0,-4.518088E1,-4.095465E1
3.887217E0,-4.995753E1,-4.434204E1
3.891388E0,-5.291780E1,-4.644407E1
3.895558E0,-5.538802E1,-4.874143E1
3.899729E0,-5.692647E1,-5.002210E1
3.903900E0,-5.773483E1,-5.031486E1
3.908071E0,-5.682811E1,-5.071528E1
3.912242E0,-5.595118E1,-5.013930E1
3.916413E0,-5.459363E1,-4.789097E1
3.920583E0,-5.196560E1,-4.640441E1
3.924754E0,-4.815061E1,-4.399496E1
3.928925E0,-4.292591E1,-4.047055E1
3.933096E0,-3.750391E1,-3.678168E1
3.937267E0,-3.189053E1,-3.269254E1
3.941438E0,-2.450597E1,-2.763384E1
3.945608E0,-1.676693E1,-2.195054E1
3.949779E0,-7.628085E0,-1.493584E1
3.953950E0,2.239935E0,-7.077688E0
3.958121E0,1.230171E1,6.291587E-1
3.962292E0,2.229370E1,7.827594E0
3.966463E0,3.144958E1,1.594753E1
3.970633E0,3.985897E1,2.159863E1
3.974804E0,4.701770E1,2.774430E1
3.978975E0,5.380810E1,3.230389E1
3.983146E0,5.985592E1,3.661751E1
3.987317E0,6.475744E1,4.059503E1
3.991488E0,6.896130E1,4.358299E1
3.995658E0,7.205780E1,4.578691E1
3.999829E0,7.426372E1,4.773840E1
4.004000E0,7.576851E1,4.845533E1
4.008171E0,7.627105E1,4.904804E1
4.012342E0,7.579076E1,4.812176E1
4.016513E0,7.455009E1,4.753578E1
4.020683E0,7.224405E1,4.539867E1
4.024854E0,6.889670E1,4.333844E1
4.029025E0,6.500337E1,3.984917E1
4.033196E0,6.019816E1,3.641870E1
4.037367E0,5.432904E1,3.186853E1
4.041538E0,4.772034E1,2.667808E1
4.045708E0,4.051399E1,2.135331E1
4.049879E0,3.220979E1,1.520857E1
4.054050E0,2.327595E1,7.778618E0
4.058221E0,1.346944E1,-3.969385E-2
4.062392E0,2.903010E0,-6.989190E0
4.066563E0,-6.008364E0,-1.452026E1
4.070733E0,-1.469820E1,-2.134171E1
4.074904E0,-2.307673E1,-2.692698E1
4.079075E0,-2.981913E1,-3.236167E1
4.083246E0,-3.526239E1,-3.585714E1
4.087417E0,-4.003154E1,-3.962779E1
4.091588E0,-4.488973E1,-4.270185E1
4.095758E0,-4.812375E1,-4.560193E1
4.099929E0,-5.090124E1,-4.813690E1
4.104100E0,-5.184602E1,-4.945431E1
4.108271E0,-5.345678E1,-5.004324E1
4.112442E0,-5.295050E1,-5.020024E1
4.116613E0,-5.187735E1,-4.963184E1
4.120783E0,-4.994733E1,-4.796920E1
4.124954E0,-4.764412E1,-4.611435E1
4.129125E0,-4.419854E1,-4.379083E1
4.133296E0,-3.996662E1,-4.058048E1
4.137467E0,-3.472011E1,-3.658345E1
4.141638E0,-2.824264E1,-3.196627E1
4.145808E0,-2.178717E1,-2.747113E1
4.149979E0,-1.351075E1,-2.114558E1
4.154150E0,-5.029128E0,-1.411068E1
4.158321E0,4.660524E0,-7.317258E0
4.162492E0,1.421086E1,1.126698E0
4.166663E0,2.366122E1,9.053650E0
4.170833E0,3.183151E1,1.636306E1
4.175004E0,3.924412E1,2.290264E1
4.179175E0,4.611196E1,2.830839E1
4.183346E0,5.226068E1,3.401734E1
4.187517E0,5.811367E1,3.821017E1
4.191688E0,6.281844E1,4.103026E1
4.195858E0,6.624673E1,4.484282E1
4.200029E0,6.914702E1,4.693777E1
4.204200E0,7.115344E1,4.837194E1
4.208371E0,7.218435E1,4.975098E1
4.212542E0,7.248976E1,5.035073E1
4.216713E0,7.148124E1,5.020968E1
4.220883E0,7.014423E1,4.810585E1
4.225054E0,6.736285E1,4.669378E1
4.229225E0,6.427247E1,4.446944E1
4.233396E0,6.004784E1,4.081299E1
4.237567E0,5.504223E1,3.691369E1
4.241738E0,4.922746E1,3.218322E1
4.245908E0,4.290583E1,2.635593E1
4.250079E0,3.530139E1,2.064689E1
4.254250E0,2.761310E1,1.436947E1
4.258421E0,1.855797E1,6.226554E0
4.262592E0,8.979773E0,-1.200561E0
4.266763E0,-8.592583E-1,-9.387446E0
4.270933E0,-9.604254E0,-1.658729E1
4.275104E0,-1.771715E1,-2.303779E1
4.279275E0,-2.476690E1,-2.738105E1
4.283446E0,-3.088198E1,-3.379186E1
4.287617E0,-3.657706E1,-3.748688E1
4.291788E0,-4.084900E1,-4.104129E1
4.295958E0,-4.460936E1,-4.382161E1
4.300129E0,-4.707908E1,-4.632834E1
4.304300E0,-4.914916E1,-4.810746E1
4.308471E0,-5.049107E1,-4.884440E1
4.312642E0,-5.056897E1,-4.880502E1
4.316813E0,-4.993548E1,-4.873534E1
4.320983E0,-4.842121E1,-4.753903E1
4.325154E0,-4.680580E1,-4.578774E1
4.329325E0,-4.318017E1,-4.379368E1
4.333496E0,-3.909237E1,-4.088920E1
4.337667E0,-3.445198E1,-3.706947E1
4.341838E0,-2.866671E1,-3.250518E1
4.346008E0,-2.250120E1,-2.783090E1
4.350179E0,-1.479058E1,-2.148556E1
4.354350E0,-6.930137E0,-1.584111E1
4.358521E0,1.918507E0,-8.120720E0
4.362692E0,1.210449E1,1.117344E0
4.366863E0,2.123891E1,8.106995E0
4.371033E0,2.921210E1,1.486808E1
4.375204E0,3.705310E1,2.122370E1
4.379375E0,4.399862E1,2.729274E1
4.383546E0,5.008900E1,3.253621E1
4.387717E0,5.515371E1,3.670456E1
4.391888E0,5.981489E1,3.996148E1
4.396058E0,6.339609E1,4.395094E1
4.400229E0,6.619017E1,4.571558E1
4.404400E0,6.834956E1,4.792072E1
4.408571E0,6.927274E1,4.870820E1
4.412742E0,6.925896E1,4.963947E1
4.416913E0,6.894779E1,4.814916E1
4.421083E0,6.717349E1,4.763513E1
4.425254E0,6.517171E1,4.557342E1
4.429425E0,6.185773E1,4.264919E1
4.433596E0,5.795335E1,3.915177E1
4.437767E0,5.319277E1,3.532284E1
4.441938E0,4.724291E1,3.050267E1
4.446108E0,4.087828E1,2.506271E1
4.450279E0,3.384315E1,1.877031E1
4.454450E0,2.581530E1,1.174528E1
4.458621E0,1.731778E1,4.871000E0
4.462792E0,7.692638E0,-3.070926E0
4.466963E0,-1.484208E0,-1.069641E1
4.471133E0,-1.044092E1,-1.722856E1
4.475304E0,-1.777048E1,-2.308702E1
4.479475E0,-2.428610E1,-2.772443E1
4.483646E0,-3.079258E1,-3.249115E1
4.487817E0,-3.577405E1,-3.685780E1
4.491988E0,-4.011878E1,-4.005019E1
4.496158E0,-4.317916E1,-4.267500E1
4.500329E0,-4.587003E1,-4.448764E1
4.504500E0,-4.723313E1,-4.681948E1
4.508671E0,-4.781302E1,-4.686811E1
4.512842E0,-4.813160E1,-4.723343E1
4.517013E0,-4.740041E1,-4.564482E1
4.521183E0,-4.571896E1,-4.476734E1
4.525354E0,-4.283682E1,-4.297827E1
4.529525E0,-3.942439E1,-3.978950E1
4.533696E0,-3.530604E1,-3.664951E1
4.537867E0,-3.063636E1,-3.264735E1
4.542038E0,-2.447330E1,-2.891479E1
4.546208E0,-1.785817E1,-2.416829E1
4.550379E0,-9.384838E0,-1.731797E1
4.554550E0,-1.479604E0,-1.007058E1
4.558721E0,7.511608E0,-3.739679E0
4.562892E0,1.708532E1,4.686434E0
4.567063E0,2.599084E1,1.172277E1
4.571233E0,3.320833E1,1.871785E1
4.575404E0,4.026997E1,2.455934E1
4.579575E0,4.642914E1,2.957385E1
4.583746E0,5.200794E1,3.349382E1
4.587917E0,5.684663E1,3.734315E1
4.592088E0,6.032666E1,4.093563E1
4.596258E0,6.344698E1,4.444592E1
4.600429E0,6.532042E1,4.583137E1
4.604600E0,6.687710E1,4.629273E1
4.608771E0,6.718330E1,4.690938E1
4.612942E0,6.699817E1,4.628656E1
4.617113E0,6.547463E1,4.590405E1
4.621283E0,6.345780E1,4.446253E1
4.625454E0,6.033420E1,4.174643E1
4.629625E0,5.656015E1,3.929725E1
4.633796E0,5.189908E1,3.469347E1
4.637967E0,4.631174E1,3.032693E1
4.642138E0,4.011935E1,2.480295E1
4.646308E0,3.328252E1,1.874321E1
4.650479E0,2.586141E1,1.240089E1
4.654650E0,1.706985E1,5.171492E0
4.658821E0,7.666160E0,-2.171670E0
4.662992E0,-8.726556E-1,-8.937528E0
4.667163E0,-1.008212E1,-1.611269E1
4.671333E0,-1.706422E1,-2.270073E1
4.675504E0,-2.317123E1,-2.750859E1
4.679675E0,-2.895785E1,-3.193605E1
4.683846E0,-3.385392E1,-3.605925E1
4.688017E0,-3.800057E1,-3.965397E1
4.692188E0,-4.120701E1,-4.182239E1
4.696358E0,-4.321972E1,-4.405100E1
4.700529E0,-4.489248E1,-4.508376E1
4.704700E0,-4.559209E1,-4.550896E1
4.708871E0,-4.540325E1,-4.581871E1
4.713042E0,-4.450220E1,-4.482800E1
4.717213E0,-4.263091E1,-4.362025E1
4.721383E0,-4.035046E1,-4.073035E1
4.725554E0,-3.668119E1,-3.866206E1
4.729725E0,-3.192541E1,-3.548977E1
4.733896E0,-2.683068E1,-3.158645E1
4.738067E0,-2.096212E1,-2.734919E1
4.742238E0,-1.498874E1,-2.262994E1
4.746408E0,-6.649725E0,-1.600400E1
4.750579E0,1.113737E0,-9.419988E0
4.754750E0,1.102052E1,-9.619854E-1
4.758921E0,1.996752E1,6.875318E0
4.763092E0,2.790002E1,1.320548E1
4.767263E0,3.510562E1,2.004514E1
4.771433E0,4.137158E1,2.620796E1
4.775604E0,4.700513E1,3.025458E1
4.779775E0,5.189566E1,3.438383E1
4.783946E0,5.609355E1,3.793417E1
4.788117E0,5.936547E1,4.181046E1
4.792288E0,6.193341E1,4.308688E1
4.796458E0,6.390407E1,4.444064E1
4.800629E0,6.484139E1,4.511354E1
4.804800E0,6.487224E1,4.508323E1
4.808971E0,6.418925E1,4.446348E1
4.813142E0,6.245893E1,4.338527E1
4.817313E0,5.993059E1,4.065765E1
4.821483E0,5.674390E1,3.788384E1
4.825654E0,5.245943E1,3.582924E1
4.829825E0,4.775317E1,3.065184E1
4.833996E0,4.212742E1,2.667931E1
4.838167E0,3.578957E1,2.038579E1
4.842338E0,2.849385E1,1.416789E1
4.846508E0,2.051012E1,7.464719E0
4.850679E0,1.191483E1,2.718652E-3
4.854850E0,3.049654E0,-6.972936E0
4.859021E0,-5.102563E0,-1.408704E1
4.863192E0,-1.278394E1,-2.074175E1
4.867363E0,-1.984172E1,-2.640381E1
4.871533E0,-2.500119E1,-3.039584E1
4.875704E0,-3.002484E1,-3.456143E1
4.879875E0,-3.482025E1,-3.826554E1
4.884046E0,-3.859899E1,-4.077126E1
4.888217E0,-4.097109E1,-4.281676E1
4.892388E0,-4.201342E1,-4.396942E1
4.896558E0,-4.262634E1,-4.493314E1
4.900729E0,-4.267153E1,-4.507354E1
4.904900E0,-4.191785E1,-4.464169E1
4.909071E0,-4.041623E1,-4.285991E1
4.913242E0,-3.803801E1,-4.117049E1
4.917413E0,-3.449589E1,-3.843782E1
4.921583E0,-3.050416E1,-3.497269E1
4.925754E0,-2.482731E1,-3.110605E1
4.929925E0,-1.959720E1,-2.695612E1
4.934096E0,-1.385084E1,-2.251011E1
4.938267E0,-5.636475E0,-1.661484E1
4.942438E0,2.535744E0,-9.153170E0
4.946608E0,1.135887E1,-1.079721E0
4.950779E0,1.997288E1,7.161081E0
4.954950E0,2.760930E1,1.395914E1
4.959121E0,3.410203E1,1.996650E1
4.963292E0,4.049037E1,2.611063E1
4.967463E0,4.563597E1,3.120721E1
4.971633E0,5.042325E1,3.520166E1
4.975804E0,5.406061E1,3.913708E1
4.979975E0,5.736119E1,4.190982E1
4.984146E0,5.974636E1,4.285131E1
4.988317E0,6.106733E1,4.495370E1
4.992488E0,6.187276E1,4.537169E1
4.996658E0,6.134094E1,4.572653E1
5.000829E0,6.057604E1,4.517915E1
5.005000E0,5.875468E1,4.267613E1
5.009171E0,5.615084E1,4.093838E1
5.013342E0,5.311138E1,3.760540E1
5.017513E0,4.878074E1,3.363407E1
5.021683E0,4.393540E1,2.930223E1
5.025854E0,3.824432E1,2.430038E1
5.030025E0,3.177505E1,1.790862E1
5.034196E0,2.453646E1,1.208150E1
5.038367E0,1.653751E1,5.366419E0
5.042538E0,7.924017E0,-2.330209E0
5.046708E0,6.938984E-2,-8.951603E0
5.050879E0,-8.471294E0,-1.608225E1
5.055050E0,-1.549274E1,-2.154499E1
5.059221E0,-2.095045E1,-2.564710E1
5.063392E0,-2.645689E1,-2.982159E1
5.067563E0,-3.122199E1,-3.401183E1
5.071733E0,-3.479707E1,-3.720920E1
5.075904E0,-3.787215E1,-3.922332E1
5.080075E0,-3.984842E1,-4.035224E1
5.084246E0,-4.118949E1,-4.136566E1
5.088417E0,-4.099772E1,-4.180562E1
5.092588E0,-4.051906E1,-4.106742E1
5.096758E0,-3.900151E1,-4.077067E1
5.100929E0,-3.701964E1,-3.904949E1
5.105100E0,-3.350520E1,-3.649849E1
5.109271E0,-2.988416E1,-3.371539E1
5.113442E0,-2.524489E1,-3.059502E1
5.117613E0,-1.969713E1,-2.654344E1
5.121783E0,-1.323485E1,-2.095042E1
5.125954E0,-6.929205E0,-1.680667E1
5.130125E0,1.583926E0,-9.353662E0
5.134296E0,9.392392E0,-2.463056E0
5.138467E0,1.782109E1,5.166502E0
5.142638E0,2.554537E1,1.157488E1
5.146808E0,3.209520E1,1.864478E1
5.150979E0,3.844482E1,2.444085E1
5.155150E0,4.355289E1,2.992242E1
5.159321E0,4.813779E1,3.306482E1
5.163492E0,5.206816E1,3.697804E1
5.167663E0,5.506761E1,4.003004E1
5.171833E0,5.752331E1,4.253145E1
5.176004E0,5.908930E1,4.321438E1
5.180175E0,5.954526E1,4.446345E1
5.184346E0,5.944976E1,4.442165E1
5.188517E0,5.819271E1,4.330305E1
5.192688E0,5.634909E1,4.205835E1
5.196858E0,5.409674E1,3.973886E1
5.201029E0,5.060319E1,3.628003E1
5.205200E0,4.644664E1,3.278852E1
5.209371E0,4.162525E1,2.785554E1
5.213542E0,3.588267E1,2.288931E1
5.217713E0,2.948543E1,1.656132E1
5.221883E0,2.223328E1,1.007184E1
5.226054E0,1.457079E1,2.883466E0
5.230225E0,6.179353E0,-3.822029E0
5.234396E0,-2.394369E0,-1.063577E1
5.238567E0,-9.505593E0,-1.622715E1
5.242738E0,-1.653183E1,-2.207196E1
5.246908E0,-2.218882E1,-2.628625E1
5.251079E0,-2.611025E1,-2.992719E1
5.255250E0,-3.070231E1,-3.458679E1
5.259421E0,-3.370766E1,-3.653643E1
5.263592E0,-3.689522E1,-3.891184E1
5.267763E0,-3.796193E1,-4.079859E1
5.271933E0,-3.893215E1,-4.142708E1
5.276104E0,-3.882147E1,-4.146406E1
5.280275E0,-3.854603E1,-4.054940E1
5.284446E0,-3.668425E1,-3.949770E1
5.288617E0,-3.451610E1,-3.776786E1
5.292788E0,-3.097131E1,-3.565209E1
5.296958E0,-2.671236E1,-3.226255E1
5.301129E0,-2.221683E1,-2.783074E1
5.305300E0,-1.645194E1,-2.380202E1
5.309471E0,-9.589177E0,-1.826835E1
5.313642E0,-2.462697E0,-1.216276E1
5.317813E0,4.911447E0,-5.516646E0
5.321983E0,1.340095E1,1.670709E0
5.326154E0,2.122751E1,7.990470E0
5.330325E0,2.820818E1,1.465861E1
5.334496E0,3.467094E1,2.116434E1
5.338667E0,4.006986E1,2.584203E1
5.342838E0,4.497979E1,3.015907E1
5.347008E0,4.893938E1,3.369396E1
5.351179E0,5.237400E1,3.748321E1
5.355350E0,5.495425E1,3.899506E1
5.359521E0,5.685497E1,4.023253E1
5.363692E0,5.783136E1,4.083030E1
5.367863E0,5.799336E1,4.127208E1
5.372033E0,5.714865E1,4.104412E1
5.376204E0,5.582208E1,3.934996E1
5.380375E0,5.382483E1,3.684647E1
5.384546E0,5.077814E1,3.377483E1
5.388717E0,4.684368E1,3.049577E1
5.392888E0,4.206414E1,2.652479E1
5.397058E0,3.685913E1,2.173813E1
5.401229E0,3.102640E1,1.650684E1
5.405400E0,2.422996E1,1.036033E1
5.409571E0,1.660928E1,3.283873E0
5.413742E0,8.248268E0,-3.591308E0
5.417913E0,1.387529E-1,-1.037691E1
5.422083E0,-7.461684E0,-1.705676E1
5.426254E0,-1.420775E1,-2.148107E1
5.430425E0,-1.946276E1,-2.665831E1
5.434596E0,-2.483419E1,-3.053967E1
5.438767E0,-2.848973E1,-3.341384E1
5.442938E0,-3.172348E1,-3.593028E1
5.447108E0,-3.458432E1,-3.844965E1
5.451279E0,-3.657447E1,-3.973322E1
5.455450E0,-3.731851E1,-4.056305E1
5.459621E0,-3.741572E1,-4.096641E1
5.463792E0,-3.662447E1,-3.991734E1
5.467963E0,-3.512603E1,-3.905469E1
5.472133E0,-3.253566E1,-3.676918E1
5.476304E0,-2.895352E1,-3.425088E1
5.480475E0,-2.500077E1,-3.094250E1
5.484646E0,-2.057432E1,-2.745229E1
5.488817E0,-1.419956E1,-2.249775E1
5.492988E0,-8.048356E0,-1.753328E1
5.497158E0,-7.219594E-1,-1.158472E1
5.501329E0,7.460345E0,-3.883945E0
5.505500E0,1.565691E1,2.657221E0
5.509671E0,2.298175E1,9.686163E0
5.513842E0,2.987937E1,1.619998E1
5.518013E0,3.557977E1,2.140757E1
5.522183E0,4.087387E1,2.525884E1
5.526354E0,4.511140E1,2.996903E1
5.530525E0,4.909389E1,3.320584E1
5.534696E0,5.204213E1,3.568702E1
5.538867E0,5.410824E1,3.798365E1
5.543038E0,5.532232E1,3.990753E1
5.547208E0,5.578468E1,3.971690E1
5.551379E0,5.566472E1,4.041264E1
5.555550E0,5.488900E1,3.862163E1
5.559721E0,5.295140E1,3.722124E1
5.563892E0,5.019334E1,3.496423E1
5.568063E0,4.698537E1,3.153038E1
5.572233E0,4.310712E1,2.759195E1
5.576404E0,3.756867E1,2.352868E1
5.580575E0,3.205570E1,1.778884E1
5.584746E0,2.604999E1,1.229065E1
5.588917E0,1.874417E1,6.165997E0
5.593088E0,1.124936E1,-1.395612E-1
5.597258E0,3.338785E0,-7.871420E0
5.601429E0,-4.647451E0,-1.450943E1
5.605600E0,-1.109644E1,-1.912450E1
5.609771E0,-1.678257E1,-2.317724E1
5.613942E0,-2.176279E1,-2.754625E1
5.618113E0,-2.611496E1,-3.127567E1
5.622283E0,-2.937846E1,-3.332761E1
5.626454E0,-3.190614E1,-3.555151E1
5.630625E0,-3.383570E1,-3.739702E1
5.634796E0,-3.506387E1,-3.836537E1
5.638967E0,-3.500329E1,-3.842372E1
5.643138E0,-3.408218E1,-3.818611E1
5.647308E0,-3.246859E1,-3.681925E1
5.651479E0,-3.043818E1,-3.481291E1
5.655650E0,-2.707598E1,-3.275056E1
5.659821E0,-2.288078E1,-2.936795E1
5.663992E0,-1.846287E1,-2.600945E1
5.668163E0,-1.315523E1,-2.168020E1
5.672333E0,-7.186324E0,-1.673632E1
5.676504E0,7.659156E-1,-9.717733E0
5.680675E0,7.829240E0,-4.013026E0
5.684846E0,1.621856E1,3.408171E0
5.689017E0,2.335538E1,1.008327E1
5.693188E0,2.981140E1,1.509004E1
5.697358E0,3.554258E1,2.160430E1
5.701529E0,4.020354E1,2.582168E1
5.705700E0,4.442839E1,3.012952E1
5.709871E0,4.793958E1,3.247415E1
5.714042E0,5.090103E1,3.451577E1
5.718213E0,5.244114E1,3.797929E1
5.722383E0,5.342812E1,3.922710E1
5.726554E0,5.391122E1,3.868367E1
5.730725E0,5.387556E1,3.796631E1
5.734896E0,5.229128E1,3.764923E1
5.739067E0,5.051886E1,3.599272E1
5.743238E0,4.790968E1,3.294972E1
5.747408E0,4.425419E1,3.067244E1
5.751579E0,4.023257E1,2.629978E1
5.755750E0,3.522042E1,2.160214E1
5.759921E0,2.976241E1,1.638576E1
5.764092E0,2.321517E1,1.067402E1
5.768263E0,1.597793E1,4.127751E0
5.772433E0,8.146574E0,-3.046458E0
5.776604E0,5.222898E-1,-9.772574E0
5.780775E0,-6.490581E0,-1.578363E1
5.784946E0,-1.223453E1,-2.073823E1
5.789117E0,-1.784870E1,-2.479353E1
5.793288E0,-2.184765E1,-2.834324E1
5.797458E0,-2.558755E1,-3.049606E1
5.801629E0,-2.950727E1,-3.290062E1
5.805800E0,-3.160922E1,-3.472314E1
5.809971E0,-3.288430E1,-3.640960E1
5.814142E0,-3.316709E1,-3.728450E1
5.818313E0,-3.272079E1,-3.667318E1
5.822483E0,-3.165819E1,-3.582425E1
5.826654E0,-2.972056E1,-3.429949E1
5.830825E0,-2.713150E1,-3.212367E1
5.834996E0,-2.346145E1,-2.888438E1
5.839167E0,-1.890914E1,-2.560116E1
5.843338E0,-1.454616E1,-2.229789E1
5.847508E0,-8.286054E0,-1.751015E1
5.851679E0,-9.679148E-1,-1.161310E1
5.855850E0,6.180000E0,-5.262895E0
5.860021E0,1.382637E1,1.944487E0
5.864192E0,2.151944E1,8.719836E0
5.868363E0,2.753989E1,1.408970E1
5.872533E0,3.318211E1,1.982428E1
5.876704E0,3.802045E1,2.402797E1
5.880875E0,4.218022E1,2.836993E1
5.885046E0,4.585856E1,3.108638E1
5.889217E0,4.843419E1,3.503120E1
5.893388E0,5.023757E1,3.682650E1
5.897558E0,5.143146E1,3.790632E1
5.901729E0,5.202705E1,3.812525E1
5.905900E0,5.209957E1,3.742450E1
5.910071E0,5.051117E1,3.729824E1
5.914242E0,4.881472E1,3.428416E1
5.918413E0,4.621705E1,3.224301E1
5.922583E0,4.274670E1,2.870601E1
5.926754E0,3.873160E1,2.503327E1
5.930925E0,3.392377E1,2.068809E1
5.935096E0,2.847275E1,1.536472E1
5.939267E0,2.172644E1,9.579385E0
5.943438E0,1.460251E1,3.156658E0
5.947608E0,7.187697E0,-3.390996E0
5.951779E0,6.179114E-1,-8.709570E0
5.955950E0,-6.388757E0,-1.515222E1
5.960121E0,-1.244983E1,-2.051300E1
5.964292E0,-1.778062E1,-2.461512E1
5.968463E0,-2.190230E1,-2.835389E1
5.972633E0,-2.556715E1,-3.074908E1
5.976804E0,-2.805244E1,-3.306463E1
5.980975E0,-2.953958E1,-3.466547E1
5.985146E0,-3.156960E1,-3.496769E1
5.989317E0,-3.185235E1,-3.536098E1
5.993488E0,-3.108963E1,-3.511170E1
5.997658E0,-2.929705E1,-3.346844E1
6.001829E0,-2.760315E1,-3.235698E1
6.006000E0,-2.451044E1,-2.952195E1
6.010171E0,-2.088802E1,-2.677955E1
6.014342E0,-1.622868E1,-2.294936E1
6.018513E0,-1.123610E1,-1.910064E1
6.022683E0,-4.758488E0,-1.379397E1
6.026854E0,2.165930E0,-7.908209E0
6.031025E0,9.517010E0,-1.735684E0
6.035196E0,1.699635E1,4.885015E0
6.039367E0,2.387185E1,1.114209E1
6.043538E0,2.976555E1,1.623473E1
6.047708E0,3.481759E1,2.073729E1
6.051879E0,3.967709E1,2.547341E1
6.056050E0,4.308201E1,2.825401E1
6.060221E0,4.583403E1,3.096600E1
6.064392E0,4.828399E1,3.384714E1
6.068563E0,4.943347E1,3.607806E1
6.072733E0,5.022942E1,3.646755E1
6.076904E0,5.002569E1,3.583861E1
6.081075E0,4.934151E1,3.562945E1
6.085246E0,4.750067E1,3.400286E1
6.089417E0,4.512269E1,3.151369E1
6.093588E0,4.209551E1,2.868912E1
6.097758E0,3.801530E1,2.480909E1
6.101929E0,3.357368E1,2.088962E1
6.106100E0,2.812229E1,1.549108E1
6.110271E0,2.228150E1,1.045172E1
6.114442E0,1.550901E1,3.810671E0
6.118613E0,8.310701E0,-2.428774E0
6.122783E0,9.425680E-1,-8.463057E0
6.126954E0,-5.625853E0,-1.412652E1
6.131125E0,-1.144030E1,-1.854795E1
6.135296E0,-1.678061E1,-2.265698E1
6.139467E0,-2.107155E1,-2.648687E1
6.143638E0,-2.428740E1,-2.917673E1
6.147808E0,-2.666208E1,-3.172829E1
6.151979E0,-2.840154E1,-3.292381E1
6.156150E0,-2.943771E1,-3.389974E1
6.160321E0,-2.971165E1,-3.404378E1
6.164492E0,-2.889638E1,-3.359499E1
6.168663E0,-2.768007E1,-3.232398E1
6.172833E0,-2.545681E1,-3.046522E1
6.177004E0,-2.262648E1,-2.812661E1
6.181175E0,-1.924869E1,-2.536829E1
6.185346E0,-1.441045E1,-2.185498E1
6.189517E0,-8.710493E0,-1.744607E1
6.193688E0,-3.021307E0,-1.246251E1
6.197858E0,3.542252E0,-7.634958E0
6.202029E0,1.105639E1,-3.892622E-1
6.206200E0,1.834391E1,5.268603E0
6.210371E0,2.492347E1,1.162852E1
6.214542E0,3.049413E1,1.666777E1
6.218713E0,3.496506E1,2.071743E1
6.222883E0,3.919144E1,2.499236E1
6.227054E0,4.246033E1,2.877447E1
6.231225E0,4.508322E1,3.141570E1
6.235396E0,4.694929E1,3.236677E1
6.239567E0,4.809150E1,3.381385E1
6.243738E0,4.849596E1,3.461694E1
6.247908E0,4.793261E1,3.365931E1
6.252079E0,4.679654E1,3.273920E1
6.256250E0,4.485571E1,3.050880E1
6.260421E0,4.246559E1,2.826429E1
6.264592E0,3.888243E1,2.511568E1
6.268763E0,3.490267E1,2.136264E1
6.272933E0,2.963554E1,1.679443E1
6.277104E0,2.427533E1,1.146261E1
6.281275E0,1.784327E1,5.512225E0
6.285446E0,1.100722E1,-1.883684E-3
6.289617E0,4.000883E0,-5.585051E0
6.293788E0,-2.717363E0,-1.271914E1
6.297958E0,-8.435686E0,-1.689354E1
6.302129E0,-1.374711E1,-2.158052E1
6.306300E0,-1.797849E1,-2.471487E1
6.310471E0,-2.171096E1,-2.796093E1
6.314642E0,-2.422122E1,-2.990553E1
6.318813E0,-2.587673E1,-3.181866E1
6.322983E0,-2.697128E1,-3.277979E1
6.327154E0,-2.749835E1,-3.284142E1
6.331325E0,-2.708508E1,-3.283150E1
6.335496E0,-2.581102E1,-3.194191E1
6.339667E0,-2.342319E1,-2.992030E1
6.343838E0,-2.093152E1,-2.774687E1
6.348008E0,-1.710656E1,-2.475053E1
6.352179E0,-1.236403E1,-2.092491E1
6.356350E0,-7.800379E0,-1.669349E1
6.360521E0,-1.908969E0,-1.205952E1
6.364692E0,4.936578E0,-6.010650E0
6.368863E0,1.176904E1,4.010272E-1
6.373033E0,1.878387E1,6.297786E0
6.377204E0,2.510218E1,1.250114E1
6.381375E0,3.029053E1,1.703606E1
6.385546E0,3.484259E1,2.083496E1
6.389717E0,3.883178E1,2.456297E1
6.393888E0,4.186341E1,2.701653E1
6.398058E0,4.425667E1,2.940119E1
6.402229E0,4.608758E1,3.104686E1
6.406400E0,4.692984E1,3.141112E1
6.410571E0,4.708141E1,3.188730E1
6.414742E0,4.641138E1,3.187476E1
6.418913E0,4.516864E1,3.024242E1
6.423083E0,4.311742E1,2.811634E1
6.427254E0,4.015773E1,2.564180E1
6.431425E0,3.663026E1,2.325318E1
6.435596E0,3.241348E1,1.904210E1
6.439767E0,2.699182E1,1.433901E1
6.443938E0,2.159504E1,8.637740E0
6.448108E0,1.519624E1,2.963466E0
6.452279E0,8.419629E0,-2.790017E0
6.456450E0,1.459746E0,-9.367779E0
6.460621E0,-4.864799E0,-1.437560E1
6.464792E0,-9.794838E0,-1.880442E1
6.468963E0,-1.437890E1,-2.275413E1
6.473133E0,-1.835315E1,-2.614887E1
6.477304E0,-2.144280E1,-2.849381E1
6.481475E0,-2.334533E1,-3.032137E1
6.485646E0,-2.506312E1,-3.160332E1
6.489817E0,-2.582731E1,-3.233141E1
6.493988E0,-2.557502E1,-3.203539E1
6.498158E0,-2.494137E1,-3.090971E1
6.502329E0,-2.306099E1,-2.982590E1
6.506500E0,-2.044564E1,-2.742853E1
6.510671E0,-1.742309E1,-2.498338E1
6.514842E0,-1.349537E1,-2.144287E1
6.519013E0,-7.990364E0,-1.739085E1
6.523183E0,-2.818084E0,-1.320548E1
6.527354E0,3.163881E0,-7.502353E0
6.531525E0,1.039925E1,-1.118445E0
6.535696E0,1.685079E1,5.003513E0
6.539867E0,2.287882E1,1.021072E1
6.544038E0,2.835371E1,1.556905E1
6.548208E0,3.305920E1,1.923760E1
6.552379E0,3.701558E1,2.286859E1
6.556550E0,3.994979E1,2.614086E1
6.560721E0,4.218585E1,2.870845E1
6.564892E0,4.359281E1,3.023374E1
6.569063E0,4.457497E1,3.144125E1
6.573233E0,4.481274E1,3.122248E1
6.577404E0,4.406140E1,3.083208E1
6.581575E0,4.294199E1,2.920759E1
6.585746E0,4.103725E1,2.743366E1
6.589917E0,3.812712E1,2.496976E1
6.594088E0,3.479925E1,2.156102E1
6.598258E0,3.066081E1,1.723852E1
6.602429E0,2.577620E1,1.281779E1
6.606600E0,2.007303E1,7.412104E0
6.610771E0,1.379119E1,1.879438E0
6.614942E0,7.051123E0,-4.150702E0
6.619113E0,9.907533E-1,-9.161512E0
6.623283E0,-4.953257E0,-1.474270E1
6.627454E0,-9.946045E0,-1.880087E1
6.631625E0,-1.408315E1,-2.269251E1
6.635796E0,-1.732280E1,-2.533760E1
6.639967E0,-2.015003E1,-2.771763E1
6.644138E0,-2.197842E1,-2.966883E1
6.648308E0,-2.309163E1,-3.060999E1
6.652479E0,-2.334737E1,-3.077417E1
6.656650E0,-2.300809E1,-3.064033E1
6.660821E0,-2.177142E1,-2.971011E1
6.664992E0,-1.961340E1,-2.807090E1
6.669163E0,-1.721024E1,-2.591317E1
6.673333E0,-1.365384E1,-2.275747E1
6.677504E0,-9.578250E0,-1.908208E1
6.681675E0,-4.435127E0,-1.501957E1
6.685846E0,9.830528E-1,-9.370651E0
6.690017E0,7.957461E0,-3.748943E0
6.694188E0,1.435321E1,1.800149E0
6.698358E0,2.029001E1,7.927635E0
6.702529E0,2.587839E1,1.267677E1
6.706700E0,3.050467E1,1.801368E1
6.710871E0,3.416253E1,2.173383E1
6.715042E0,3.754598E1,2.540691E1
6.719213E0,3.997321E1,2.692375E1
6.723383E0,4.181700E1,2.868728E1
6.727554E0,4.293080E1,2.991358E1
6.731725E0,4.330702E1,3.080944E1
6.735896E0,4.288418E1,2.950111E1
6.740067E0,4.184842E1,2.873373E1
6.744238E0,3.995141E1,2.693555E1
6.748408E0,3.749796E1,2.507280E1
6.752579E0,3.445861E1,2.210277E1
6.756750E0,3.019505E1,1.802532E1
6.760921E0,2.582418E1,1.354377E1
6.765092E0,2.018782E1,8.583523E0
6.769263E0,1.423021E1,2.481674E0
6.773433E0,7.787422E0,-2.560180E0
6.777604E0,1.730201E0,-8.552145E0
6.781775E0,-3.777390E0,-1.340022E1
6.785946E0,-8.504770E0,-1.724701E1
6.790117E0,-1.238443E1,-2.101634E1
6.794288E0,-1.585423E1,-2.428384E1
6.798458E0,-1.841327E1,-2.624920E1
6.802629E0,-2.049797E1,-2.784480E1
6.806800E0,-2.141698E1,-2.834608E1
6.810971E0,-2.168260E1,-2.865306E1
6.815142E0,-2.117757E1,-2.849533E1
6.819313E0,-1.981548E1,-2.722282E1
6.823483E0,-1.769951E1,-2.552334E1
6.827654E0,-1.477056E1,-2.313353E1
6.831825E0,-1.126966E1,-2.000360E1
6.835996E0,-6.594919E0,-1.593135E1
6.840167E0,-1.965443E0,-1.182844E1
6.844338E0,3.601018E0,-6.616951E0
6.848508E0,9.935791E0,-1.171272E0
6.852679E0,1.623642E1,4.266725E0
6.856850E0,2.188022E1,9.869438E0
6.861021E0,2.699670E1,1.470597E1
6.865192E0,3.100890E1,1.938723E1
6.869363E0,3.429311E1,2.266537E1
6.873533E0,3.709732E1,2.517255E1
6.877704E0,3.930920E1,2.798912E1
6.881875E0,4.032052E1,2.964411E1
6.886046E0,4.091505E1,2.990163E1
6.890217E0,4.101077E1,3.003727E1
6.894388E0,4.011437E1,2.980786E1
6.898558E0,3.878792E1,2.785072E1
6.902729E0,3.683919E1,2.527840E1
6.906900E0,3.405494E1,2.260394E1
6.911071E0,3.039122E1,1.905957E1
6.915242E0,2.598309E1,1.484219E1
6.919413E0,2.105469E1,9.889036E0
6.923583E0,1.557441E1,4.761120E0
6.927754E0,9.143989E0,-5.634110E-1
6.931925E0,3.841404E0,-5.385914E0
6.936096E0,-1.826486E0,-1.180327E1
6.940267E0,-6.245437E0,-1.553269E1
6.944438E0,-1.046412E1,-1.991529E1
6.948608E0,-1.401395E1,-2.312409E1
6.952779E0,-1.654581E1,-2.523564E1
6.956950E0,-1.808449E1,-2.680946E1
6.961121E0,-1.903120E1,-2.799901E1
6.965292E0,-1.912612E1,-2.825295E1
6.969463E0,-1.875694E1,-2.747558E1
6.973633E0,-1.707722E1,-2.678893E1
6.977804E0,-1.526783E1,-2.513567E1
6.981975E0,-1.264468E1,-2.270921E1
6.986146E0,-8.974798E0,-1.959958E1
6.990317E0,-4.873760E0,-1.565767E1
6.994488E0,6.066358E-1,-1.196835E1
6.998658E0,5.651060E0,-5.986860E0
7.002829E0,1.126665E1,-1.273734E-1
7.007000E0,1.721018E1,5.529544E0
7.011171E0,2.230659E1,1.111442E1
7.015342E0,2.688676E1,1.536855E1
7.019513E0,3.095564E1,1.913406E1
7.023683E0,3.394768E1,2.229857E1
7.027854E0,3.625349E1,2.576665E1
7.032025E0,3.805884E1,2.716889E1
7.036196E0,3.886782E1,2.795857E1
7.040367E0,3.934853E1,2.929020E1
7.044538E0,3.919049E1,2.835929E1
7.048708E0,3.805314E1,2.714668E1
7.052879E0,3.625962E1,2.577755E1
7.057050E0,3.408498E1,2.333110E1
7.061221E0,3.095737E1,2.026847E1
7.065392E0,2.732524E1,1.715293E1
7.069563E0,2.295048E1,1.194698E1
7.073733E0,1.763768E1,7.061017E0
7.077904E0,1.209279E1,1.756153E0
7.082075E0,6.573908E0,-4.218910E0
7.086246E0,1.085794E0,-9.948742E0
7.090417E0,-2.943357E0,-1.410909E1
7.094588E0,-7.071418E0,-1.886174E1
7.098758E0,-1.047919E1,-2.202924E1
7.102929E0,-1.300158E1,-2.469121E1
7.107100E0,-1.479040E1,-2.635986E1
7.111271E0,-1.608329E1,-2.775481E1
7.115442E0,-1.620483E1,-2.826432E1
7.119613E0,-1.579844E1,-2.787711E1
7.123783E0,-1.467448E1,-2.670237E1
7.127954E0,-1.300463E1,-2.577641E1
7.132125E0,-1.041879E1,-2.267068E1
7.136296E0,-7.745033E0,-2.003776E1
7.140467E0,-3.817296E0,-1.614560E1
7.144638E0,8.336323E-1,-1.130348E1
7.148808E0,6.115310E0,-6.427513E0
7.152979E0,1.140040E1,-1.459083E0
7.157150E0,1.687324E1,4.442206E0
7.161321E0,2.162265E1,1.006097E1
7.165492E0,2.540242E1,1.485264E1
7.169663E0,2.886121E1,1.937646E1
7.173833E0,3.166424E1,2.331257E1
7.178004E0,3.358035E1,2.608730E1
7.182175E0,3.527952E1,2.761509E1
7.186346E0,3.586438E1,2.849045E1
7.190517E0,3.607768E1,2.906290E1
7.194688E0,3.549770E1,2.929534E1
7.198858E0,3.436836E1,2.798043E1
7.203029E0,3.277705E1,2.549258E1
7.207200E0,3.041046E1,2.367262E1
7.211371E0,2.734866E1,1.947022E1
7.215542E0,2.381747E1,1.547260E1
7.219713E0,1.954997E1,1.085107E1
7.223883E0,1.478497E1,4.689751E0
7.228054E0,1.000291E1,-6.574025E-1
7.232225E0,5.179818E0,-6.490547E0
7.236396E0,7.726592E-2,-1.193616E1
7.240567E0,-3.326760E0,-1.689341E1
7.244738E0,-6.637737E0,-2.044371E1
7.248908E0,-9.218247E0,-2.356512E1
7.253079E0,-1.133656E1,-2.630743E1
7.257250E0,-1.259555E1,-2.803916E1
7.261421E0,-1.286473E1,-2.884746E1
7.265592E0,-1.295190E1,-2.911085E1
7.269763E0,-1.183789E1,-2.844198E1
7.273933E0,-1.101280E1,-2.705105E1
7.278104E0,-8.627526E0,-2.467282E1
7.282275E0,-6.196048E0,-2.182838E1
7.286446E0,-2.885773E0,-1.859076E1
7.290617E0,1.162639E0,-1.357589E1
7.294788E0,5.843551E0,-8.127537E0
7.298958E0,1.097455E1,-2.344973E0
7.303129E0,1.532677E1,3.775523E0
7.307300E0,1.942026E1,9.505239E0
7.311471E0,2.318112E1,1.491784E1
7.315642E0,2.596763E1,1.929613E1
7.319813E0,2.827562E1,2.335618E1
7.323983E0,3.018919E1,2.609939E1
7.328154E0,3.124135E1,2.812934E1
7.332325E0,3.204106E1,2.858544E1
7.336496E0,3.227016E1,2.998661E1
7.340667E0,3.194675E1,2.831895E1
7.344838E0,3.093168E1,2.769865E1
7.349008E0,2.930368E1,2.614891E1
7.353179E0,2.733592E1,2.304776E1
7.357350E0,2.485452E1,1.911435E1
7.361521E0,2.142937E1,1.482847E1
7.365692E0,1.785218E1,9.086384E0
7.369863E0,1.367315E1,3.192103E0
7.374033E0,9.064082E0,-3.005971E0
7.378204E0,4.980097E0,-8.437114E0
7.382375E0,1.058989E0,-1.428332E1
7.386546E0,-1.955056E0,-1.860104E1
7.390717E0,-4.699351E0,-2.250701E1
7.394888E0,-6.582623E0,-2.574758E1
7.399058E0,-8.184204E0,-2.742879E1
7.403229E0,-9.222521E0,-2.891586E1
7.407400E0,-9.057068E0,-2.934186E1
7.411571E0,-8.676859E0,-2.872499E1
7.415742E0,-7.961560E0,-2.770666E1
7.419913E0,-6.129102E0,-2.588376E1
7.424083E0,-3.836490E0,-2.306011E1
7.428254E0,-1.431078E0,-1.960297E1
7.432425E0,1.849974E0,-1.548050E1
7.436596E0,5.731521E0,-1.045268E1
7.440767E0,9.875992E0,-5.229053E0
7.444938E0,1.409960E1,1.161725E0
7.449108E0,1.778851E1,8.313501E0
7.453279E0,2.099118E1,1.278165E1
7.457450E0,2.368081E1,1.797619E1
7.461621E0,2.582982E1,2.131343E1
7.465792E0,2.721455E1,2.508433E1
7.469963E0,2.861056E1,2.748481E1
7.474133E0,2.917886E1,2.828927E1
7.478304E0,2.932019E1,2.874093E1
7.482475E0,2.895307E1,2.820777E1
7.486646E0,2.826094E1,2.745261E1
7.490817E0,2.697990E1,2.474509E1
7.494988E0,2.524687E1,2.299292E1
7.499158E0,2.309065E1,1.863329E1
7.503329E0,2.030407E1,1.482084E1
7.507500E0,1.743308E1,9.240214E0
7.511671E0,1.388466E1,2.249011E0
7.515842E0,9.744939E0,-3.844003E0
7.520013E0,6.572573E0,-9.271947E0
7.524183E0,2.374992E0,-1.505361E1
7.528354E0,-2.590726E-1,-1.855280E1
7.532525E0,-2.664237E0,-2.250703E1
7.536696E0,-4.220676E0,-2.520583E1
7.540867E0,-5.636787E0,-2.695563E1
7.545038E0,-6.035323E0,-2.820811E1
7.549208E0,-6.381202E0,-2.791582E1
7.553379E0,-6.019883E0,-2.759867E1
7.557550E0,-4.808057E0,-2.607280E1
7.561721E0,-3.256173E0,-2.382010E1
7.565892E0,-9.172167E-1,-2.049911E1
7.570063E0,1.788295E0,-1.658934E1
7.574233E0,4.956074E0,-1.216234E1
7.578404E0,8.519471E0,-6.866109E0
7.582575E0,1.229779E1,-8.944514E-1
7.586746E0,1.554585E1,4.873995E0
7.590917E0,1.853606E1,1.108219E1
7.595088E0,2.143257E1,1.616158E1
7.599258E0,2.353788E1,2.050530E1
7.603429E0,2.491201E1,2.317070E1
7.607600E0,2.643074E1,2.592938E1
7.611771E0,2.707519E1,2.783288E1
7.615942E0,2.743242E1,2.836494E1
7.620113E0,2.727483E1,2.818102E1
7.624283E0,2.681807E1,2.681559E1
7.628454E0,2.590030E1,2.493950E1
7.632625E0,2.421072E1,2.211403E1
7.636796E0,2.229029E1,1.899890E1
7.640967E0,1.999239E1,1.412820E1
7.645138E0,1.707658E1,8.650822E0
7.649308E0,1.397046E1,3.389502E0
7.653479E0,1.034498E1,-3.265505E0
7.657650E0,6.745978E0,-8.562411E0
7.661821E0,3.314846E0,-1.328417E1
7.665992E0,7.005216E-1,-1.697774E1
7.670163E0,-1.978396E0,-2.126540E1
7.674333E0,-3.775113E0,-2.288946E1
7.678504E0,-4.800193E0,-2.503089E1
7.682675E0,-5.244495E0,-2.577232E1
7.686846E0,-5.153572E0,-2.578335E1
7.691017E0,-4.565636E0,-2.472364E1
7.695188E0,-3.624117E0,-2.339500E1
7.699358E0,-2.010264E0,-2.107978E1
7.703529E0,3.626708E-1,-1.787915E1
7.707700E0,3.126601E0,-1.395464E1
7.711871E0,6.128047E0,-9.645507E0
7.716042E0,9.803417E0,-4.455435E0
7.720213E0,1.340718E1,1.192627E0
7.724383E0,1.644913E1,7.858686E0
7.728554E0,1.921570E1,1.300106E1
7.732725E0,2.143707E1,1.765825E1
7.736896E0,2.329351E1,2.136037E1
7.741067E0,2.483869E1,2.380770E1
7.745238E0,2.543590E1,2.603895E1
7.749408E0,2.613974E1,2.686258E1
7.753579E0,2.614971E1,2.694479E1
7.757750E0,2.594858E1,2.619085E1
7.761921E0,2.521706E1,2.508771E1
7.766092E0,2.401924E1,2.237920E1
7.770263E0,2.221451E1,1.901745E1
7.774433E0,2.011674E1,1.506773E1
7.778604E0,1.737738E1,9.468894E0
7.782775E0,1.454064E1,4.449326E0
7.786946E0,1.114688E1,-1.577082E0
7.791117E0,7.423104E0,-7.690194E0
7.795288E0,4.385976E0,-1.211881E1
7.799458E0,1.038170E0,-1.669241E1
7.803629E0,-1.001108E0,-1.975410E1
7.807800E0,-2.533474E0,-2.247963E1
7.811971E0,-4.177269E0,-2.433617E1
7.816142E0,-4.399005E0,-2.478649E1
7.820313E0,-4.695955E0,-2.495349E1
7.824483E0,-4.149976E0,-2.428941E1
7.828654E0,-2.761173E0,-2.264124E1
7.832825E0,-1.176223E0,-2.074325E1
7.836996E0,1.239386E0,-1.761919E1
7.841167E0,3.984962E0,-1.372431E1
7.845338E0,6.986289E0,-9.205283E0
7.849508E0,1.019113E1,-3.992052E0
7.853679E0,1.347216E1,1.821853E0
7.857850E0,1.619556E1,6.742864E0
7.862021E0,1.887549E1,1.270224E1
7.866192E0,2.093354E1,1.703385E1
7.870363E0,2.251655E1,2.052466E1
7.874533E0,2.384877E1,2.308799E1
7.878704E0,2.478275E1,2.482303E1
7.882875E0,2.502997E1,2.578936E1
7.887046E0,2.511540E1,2.572455E1
7.891217E0,2.445962E1,2.510424E1
7.895388E0,2.363210E1,2.308951E1
7.899558E0,2.223355E1,2.033942E1
7.903729E0,2.043218E1,1.645860E1
7.907900E0,1.848126E1,1.270083E1
7.912071E0,1.580498E1,7.065583E0
7.916242E0,1.286613E1,1.165650E0
7.920413E0,9.592143E0,-4.786917E0
7.924583E0,6.107651E0,-8.798203E0
7.928754E0,3.094014E0,-1.355839E1
7.932925E0,8.116930E-1,-1.707224E1
7.937096E0,-8.424494E-1,-1.935241E1
7.941267E0,-2.347521E0,-2.145329E1
7.945438E0,-2.924198E0,-2.269720E1
7.949608E0,-3.009702E0,-2.300831E1
7.953779E0,-2.636237E0,-2.259628E1
7.957950E0,-1.998366E0,-2.134495E1
7.962121E0,-5.740244E-1,-1.922422E1
7.966292E0,1.517102E0,-1.609458E1
7.970463E0,4.071551E0,-1.254891E1
7.974633E0,6.967836E0,-8.712880E0
7.978804E0,9.947755E0,-3.759016E0
7.982975E0,1.330756E1,1.412211E0
7.987146E0,1.594071E1,7.552975E0
7.991317E0,1.852669E1,1.264317E1
7.995488E0,2.012744E1,1.643863E1
7.999658E0,2.189339E1,1.975285E1
8.003829E0,2.286028E1,2.195657E1
8.008000E0,2.401254E1,2.335714E1
8.012171E0,2.422407E1,2.422460E1
8.016342E0,2.408786E1,2.402352E1
8.020513E0,2.392248E1,2.236406E1
8.024683E0,2.256884E1,2.125973E1
8.028854E0,2.129692E1,1.830363E1
8.033025E0,1.942362E1,1.426539E1
8.037196E0,1.727516E1,1.017649E1
8.041367E0,1.491624E1,5.425185E0
8.045538E0,1.175237E1,-5.751599E-1
8.049708E0,8.668071E0,-5.875887E0
8.053879E0,5.589194E0,-1.037513E1
8.058050E0,2.847232E0,-1.431440E1
8.062221E0,9.300460E-1,-1.696074E1
8.066392E0,-5.605216E-1,-1.937958E1
8.070563E0,-1.748947E0,-2.107086E1
8.074733E0,-2.086551E0,-2.156743E1
8.078904E0,-2.075278E0,-2.182542E1
8.083075E0,-1.341275E0,-2.053184E1
8.087246E0,-1.366912E-1,-1.930757E1
8.091417E0,1.487738E0,-1.636297E1
8.095588E0,3.665586E0,-1.322725E1
8.099758E0,6.262984E0,-9.277103E0
8.103929E0,9.019347E0,-5.023036E0
8.108100E0,1.232249E1,1.119597E0
8.112271E0,1.511402E1,6.124786E0
8.116442E0,1.737216E1,1.039045E1
8.120613E0,1.922648E1,1.477418E1
8.124783E0,2.053491E1,1.871976E1
8.128954E0,2.195747E1,2.047950E1
8.133125E0,2.252115E1,2.232405E1
8.137296E0,2.263582E1,2.291851E1
8.141467E0,2.245211E1,2.264990E1
8.145638E0,2.223407E1,2.210319E1
8.149808E0,2.120525E1,2.002710E1
8.153979E0,2.040744E1,1.688873E1
8.158150E0,1.828662E1,1.350879E1
8.162321E0,1.656057E1,9.155449E0
8.166492E0,1.408097E1,4.775814E0
8.170663E0,1.140996E1,-5.312517E-1
8.174833E0,8.326691E0,-5.262786E0
8.179004E0,5.638657E0,-8.999723E0
8.183175E0,2.917752E0,-1.294267E1
8.187346E0,9.495874E-1,-1.589499E1
8.191517E0,-2.536783E-1,-1.805209E1
8.195688E0,-1.007040E0,-1.925766E1
8.199858E0,-1.275417E0,-1.983575E1
8.204029E0,-9.911239E-1,-1.956889E1
8.208200E0,-4.169822E-2,-1.853201E1
8.212371E0,1.243209E0,-1.677546E1
8.216542E0,2.957864E0,-1.406464E1
8.220713E0,5.402510E0,-1.089861E1
8.224883E0,7.621552E0,-6.737080E0
8.229054E0,1.076873E1,-1.756531E0
8.233225E0,1.344455E1,2.996153E0
8.237396E0,1.564920E1,8.356007E0
8.241567E0,1.768659E1,1.232970E1
8.245738E0,1.928184E1,1.600928E1
8.249908E0,2.035962E1,1.886111E1
8.254079E0,2.137514E1,2.041593E1
8.258250E0,2.160015E1,2.174930E1
8.262421E0,2.166201E1,2.200565E1
8.266592E0,2.132897E1,2.112282E1
8.270763E0,2.073298E1,1.925502E1
8.274933E0,1.991701E1,1.633917E1
8.279104E0,1.839683E1,1.378620E1
8.283275E0,1.655356E1,9.904799E0
8.287446E0,1.418324E1,5.089772E0
8.291617E0,1.165666E1,2.918949E-1
8.295788E0,8.934392E0,-4.422097E0
8.299958E0,6.077895E0,-8.495603E0
8.304129E0,3.696895E0,-1.191267E1
8.308300E0,1.563533E0,-1.485190E1
8.312471E0,6.071032E-1,-1.657354E1
8.316642E0,-5.609749E-1,-1.806432E1
8.320813E0,-9.728089E-1,-1.871218E1
8.324983E0,-9.656882E-1,-1.822616E1
8.329154E0,5.535815E-2,-1.691267E1
8.333325E0,1.341725E0,-1.487919E1
8.337496E0,3.095518E0,-1.274919E1
8.341667E0,5.488111E0,-9.124126E0
8.345838E0,8.268175E0,-5.433318E0
8.350008E0,1.082196E1,-9.868381E-1
8.354179E0,1.341263E1,4.083729E0
8.358350E0,1.549537E1,8.674646E0
8.362521E0,1.726150E1,1.248451E1
8.366692E0,1.872554E1,1.606547E1
8.370863E0,1.971136E1,1.776267E1
8.375033E0,2.054725E1,1.976363E1
8.379204E0,2.089364E1,2.009319E1
8.383375E0,2.059923E1,1.993147E1
8.387546E0,2.025740E1,1.919821E1
8.391717E0,1.938074E1,1.727040E1
8.395888E0,1.841559E1,1.445462E1
8.400058E0,1.664402E1,1.113011E1
8.404229E0,1.474849E1,6.924280E0
8.408400E0,1.245890E1,1.877588E0
8.412571E0,9.902564E0,-2.306361E0
8.416742E0,7.148652E0,-6.755229E0
8.420913E0,4.674386E0,-1.021742E1
8.425083E0,2.494463E0,-1.320483E1
8.429254E0,7.719506E-1,-1.536328E1
8.433425E0,1.865762E-1,-1.631879E1
8.437596E0,-1.503663E-1,-1.723809E1
8.441767E0,2.820193E-1,-1.649495E1
8.445938E0,6.725352E-1,-1.538634E1
8.450108E0,1.768945E0,-1.410312E1
8.454279E0,4.121079E0,-1.175699E1
8.458450E0,6.223663E0,-8.354271E0
8.462621E0,8.793561E0,-4.742527E0
8.466792E0,1.100548E1,-6.397345E-1
8.470963E0,1.363537E1,4.096644E0
8.475133E0,1.558071E1,8.690498E0
8.479304E0,1.722471E1,1.217937E1
8.483475E0,1.857863E1,1.502613E1
8.487646E0,1.938415E1,1.723467E1
8.491817E0,1.988893E1,1.799473E1
8.495988E0,2.018872E1,1.869918E1
8.500158E0,1.981970E1,1.827279E1
8.504329E0,1.969612E1,1.715709E1
8.508500E0,1.858883E1,1.579771E1
8.512671E0,1.749265E1,1.272208E1
8.516842E0,1.549004E1,9.024502E0
8.521013E0,1.362140E1,4.901541E0
8.525183E0,1.121041E1,7.612855E-1
8.529354E0,8.659222E0,-4.043783E0
8.533525E0,6.124123E0,-7.397893E0
8.537696E0,4.191345E0,-1.044771E1
8.541867E0,2.459987E0,-1.325829E1
8.546038E0,1.327109E0,-1.457234E1
8.550208E0,6.277980E-1,-1.553493E1
8.554379E0,4.721799E-1,-1.580736E1
8.558550E0,6.573640E-1,-1.509549E1
8.562721E0,1.727227E0,-1.388150E1
8.566892E0,3.217100E0,-1.194924E1
8.571063E0,5.328865E0,-9.064241E0
8.575233E0,7.594401E0,-5.465078E0
8.579404E0,9.775395E0,-1.378848E0
8.583575E0,1.247617E1,2.833329E0
8.587746E0,1.446999E1,7.192165E0
8.591917E0,1.607940E1,1.087121E1
8.596088E0,1.793330E1,1.335542E1
8.600258E0,1.872590E1,1.530953E1
8.604429E0,1.933530E1,1.703886E1
8.608600E0,1.948421E1,1.719594E1
8.612771E0,1.944106E1,1.681325E1
8.616942E0,1.861306E1,1.612753E1
8.621113E0,1.778846E1,1.381195E1
8.625283E0,1.655487E1,1.136875E1
8.629454E0,1.499903E1,7.507567E0
8.633625E0,1.309037E1,3.113720E0
8.637796E0,1.047698E1,-9.340031E-1
8.641967E0,8.100749E0,-4.932940E0
8.646138E0,6.230616E0,-8.295821E0
8.650308E0,4.164704E0,-1.085028E1
8.654479E0,2.718727E0,-1.310469E1
8.658650E0,1.722570E0,-1.407636E1
8.662821E0,1.562283E0,-1.421126E1
8.666992E0,1.581842E0,-1.372206E1
8.671163E0,2.093336E0,-1.327983E1
8.675333E0,3.330641E0,-1.175945E1
8.679504E0,5.094919E0,-9.537938E0
8.683675E0,7.117049E0,-6.645213E0
8.687846E0,9.281448E0,-2.945783E0
8.692017E0,1.158564E1,6.311169E-1
8.696188E0,1.356258E1,4.986027E0
8.700358E0,1.538309E1,8.381357E0
8.704529E0,1.700796E1,1.138165E1
8.708700E0,1.803974E1,1.366248E1
8.712871E0,1.889527E1,1.480737E1
8.717042E0,1.919551E1,1.602732E1
8.721213E0,1.900866E1,1.596748E1
8.725383E0,1.890489E1,1.441697E1
8.729554E0,1.785234E1,1.285072E1
8.733725E0,1.687514E1,1.064204E1
8.737896E0,1.526104E1,7.702448E0
8.742067E0,1.337117E1,3.747046E0
8.746238E0,1.119734E1,-3.746988E-2
8.750408E0,9.107790E0,-3.955786E0
8.754579E0,6.850166E0,-7.187457E0
8.758750E0,4.914603E0,-9.885972E0
8.762921E0,3.572878E0,-1.163530E1
8.767092E0,2.906017E0,-1.316362E1
8.771263E0,2.474051E0,-1.334901E1
8.775433E0,2.733314E0,-1.324829E1
8.779604E0,3.631512E0,-1.141400E1
8.783775E0,4.777432E0,-1.019257E1
8.787946E0,6.701643E0,-7.693672E0
8.792117E0,8.312333E0,-4.817045E0
8.796288E0,1.041278E1,-1.264945E0
8.800458E0,1.245384E1,3.200765E0
8.804629E0,1.462645E1,6.483225E0
8.808800E0,1.606905E1,9.474011E0
8.812971E0,1.766434E1,1.196824E1
8.817142E0,1.821469E1,1.344601E1
8.821313E0,1.889866E1,1.456274E1
8.825483E0,1.909312E1,1.461140E1
8.829654E0,1.886927E1,1.385851E1
8.833825E0,1.816423E1,1.274319E1
8.837996E0,1.729060E1,1.053649E1
8.842167E0,1.566082E1,8.010908E0
8.846338E0,1.348635E1,3.917102E0
8.850508E0,1.141540E1,7.882501E-1
8.854679E0,9.228717E0,-2.668880E0
8.858850E0,7.426491E0,-5.783080E0
8.863021E0,5.284600E0,-8.285041E0
8.867192E0,3.956772E0,-1.012930E1
8.871363E0,3.239086E0,-1.119465E1
8.875533E0,2.891537E0,-1.178737E1
8.879704E0,3.243216E0,-1.169111E1
8.883875E0,4.069141E0,-1.071304E1
8.888046E0,5.155226E0,-9.437326E0
8.892217E0,6.835448E0,-7.080145E0
8.896388E0,8.638476E0,-3.986034E0
8.900558E0,1.047793E1,-3.595343E-1
8.904729E0,1.273960E1,2.927434E0
8.908900E0,1.475991E1,6.181099E0
8.913071E0,1.631521E1,9.101043E0
8.917242E0,1.770053E1,1.149794E1
8.921413E0,1.838885E1,1.280289E1
8.925583E0,1.858542E1,1.337849E1
8.929754E0,1.864735E1,1.319569E1
8.933925E0,1.810056E1,1.249061E1
8.938096E0,1.735790E1,1.056002E1
8.942267E0,1.591585E1,8.314904E0
8.946438E0,1.430551E1,5.302834E0
8.950608E0,1.230806E1,2.047918E0
8.954779E0,1.008261E1,-1.624777E0
8.958950E0,7.977745E0,-4.728189E0
8.963121E0,6.316091E0,-7.153618E0
8.967292E0,5.095642E0,-9.310291E0
8.971463E0,4.014743E0,-1.016190E1
8.975633E0,4.062731E0,-1.073959E1
8.979804E0,3.997740E0,-1.090288E1
8.983975E0,4.501855E0,-9.556317E0
8.988146E0,5.293182E0,-8.177500E0
8.992317E0,6.916274E0,-6.423735E0
8.996488E0,8.545881E0,-3.142578E0
9.000658E0,1.051868E1,-9.082196E-2
9.004829E0,1.271672E1,3.311961E0
9.009000E0,1.463430E1,6.447950E0
9.013171E0,1.621058E1,8.669497E0
9.017342E0,1.714416E1,1.070331E1
9.021513E0,1.810794E1,1.207545E1
9.025683E0,1.853939E1,1.231311E1
9.029854E0,1.810481E1,1.206175E1
9.034025E0,1.760585E1,1.110479E1
9.038196E0,1.633694E1,9.488229E0
9.042367E0,1.480061E1,6.975313E0
9.046538E0,1.341862E1,4.510382E0
9.050708E0,1.125683E1,9.626797E-1
9.054879E0,9.238710E0,-1.977044E0
9.059050E0,7.446801E0,-4.668001E0
9.063221E0,6.003863E0,-6.948586E0
9.067392E0,5.080978E0,-8.410736E0
9.071563E0,4.692280E0,-9.408629E0
9.075733E0,4.508451E0,-9.529516E0
9.079904E0,4.319110E0,-9.205925E0
9.084075E0,5.189430E0,-7.927726E0
9.088246E0,6.526283E0,-6.154403E0
9.092417E0,7.947287E0,-3.940502E0
9.096588E0,1.001061E1,-1.127318E0
9.100758E0,1.217063E1,2.406884E0
9.104929E0,1.394848E1,4.808680E0
9.109100E0,1.546255E1,7.927709E0
9.113271E0,1.650839E1,9.667915E0
9.117442E0,1.709576E1,1.064009E1
9.121613E0,1.776507E1,1.120111E1
9.125783E0,1.756026E1,1.091071E1
9.129954E0,1.706377E1,9.700492E0
9.134125E0,1.572992E1,8.322823E0
9.138296E0,1.450162E1,6.805965E0
9.142467E0,1.262968E1,4.074965E0
9.146638E0,1.073944E1,9.004533E-1
9.150808E0,8.787399E0,-2.193565E0
9.154979E0,7.513799E0,-4.376137E0
9.159150E0,6.071302E0,-6.705807E0
9.163321E0,5.511048E0,-7.844778E0
9.167492E0,4.793646E0,-8.839404E0
9.171663E0,5.141013E0,-8.563745E0
9.175833E0,5.563901E0,-7.758772E0
9.180004E0,6.370711E0,-6.281505E0
9.184175E0,7.445479E0,-4.046835E0
9.188346E0,9.073512E0,-1.788615E0
9.192517E0,1.107693E1,1.002949E0
9.196688E0,1.321006E1,3.715284E0
9.200858E0,1.466968E1,6.234933E0
9.205029E0,1.604146E1,7.988431E0
9.209200E0,1.686914E1,9.295626E0
9.213371E0,1.728174E1,9.982857E0
9.217542E0,1.726679E1,1.004380E1
9.221713E0,1.646259E1,9.179783E0
9.225883E0,1.596344E1,7.608971E0
9.230054E0,1.462070E1,6.088240E0
9.234225E0,1.285717E1,3.542617E0
9.238396E0,1.118481E1,8.341072E-1
9.242567E0,9.209054E0,-1.958103E0
9.246738E0,7.535761E0,-4.120706E0
9.250908E0,6.478059E0,-5.866042E0
9.255079E0,5.579343E0,-7.109941E0
9.259250E0,5.327552E0,-7.434091E0
9.263421E0,5.402323E0,-7.384802E0
9.267592E0,5.878201E0,-7.068705E0
9.271763E0,6.972453E0,-5.482797E0
9.275933E0,8.344558E0,-3.069776E0
9.280104E0,9.794463E0,-7.218971E-1
9.284275E0,1.165675E1,2.077172E0
9.288446E0,1.341913E1,4.222718E0
9.292617E0,1.506121E1,6.121189E0
9.296788E0,1.600517E1,7.426313E0
9.300958E0,1.690612E1,8.029266E0
9.305129E0,1.709001E1,8.364724E0
9.309300E0,1.693176E1,8.035547E0
9.313471E0,1.609862E1,7.374767E0
9.317642E0,1.480340E1,5.929443E0
9.321813E0,1.343391E1,4.113143E0
9.325983E0,1.168108E1,1.775380E0
9.330154E0,9.828222E0,-8.557845E-1
9.334325E0,8.325877E0,-3.362215E0
9.338496E0,7.267221E0,-4.875401E0
9.342667E0,6.898989E0,-6.410357E0
9.346838E0,6.397458E0,-6.843353E0
9.351008E0,6.348736E0,-6.670284E0
9.355179E0,6.583810E0,-5.750034E0
9.359350E0,7.279372E0,-4.681388E0
9.363521E0,8.241870E0,-2.761964E0
9.367692E0,9.983463E0,-5.934822E-1
9.371863E0,1.195001E1,1.532530E0
9.376033E0,1.344225E1,4.006941E0
9.380204E0,1.483851E1,5.332561E0
9.384375E0,1.615714E1,6.818221E0
9.388546E0,1.626294E1,7.651799E0
9.392717E0,1.647128E1,7.540680E0
9.396888E0,1.610447E1,7.071518E0
9.401058E0,1.512039E1,6.059642E0
9.405229E0,1.393641E1,4.573646E0
9.409400E0,1.245651E1,2.611886E0
9.413571E0,1.092964E1,2.517742E-1
9.417742E0,9.584290E0,-1.695013E0
9.421913E0,8.034971E0,-4.128635E0
9.426083E0,7.306700E0,-5.247140E0
9.430254E0,6.815726E0,-6.085584E0
9.434425E0,6.899306E0,-6.200283E0
9.438596E0,7.235914E0,-5.719686E0
9.442767E0,7.638567E0,-4.436869E0
9.446938E0,8.874413E0,-2.889360E0
9.451108E0,9.869076E0,-9.800375E-1
9.455279E0,1.152491E1,1.611332E0
9.459450E0,1.301790E1,3.237106E0
9.463621E0,1.417512E1,4.851980E0
9.467792E0,1.563959E1,6.047433E0
9.471963E0,1.591071E1,6.771122E0
9.476133E0,1.593538E1,6.936024E0
9.480304E0,1.574940E1,6.190366E0
9.484475E0,1.518654E1,5.820737E0
9.488646E0,1.410526E1,4.277848E0
9.492817E0,1.258400E1,2.338831E0
9.496988E0,1.090745E1,3.621567E-1
9.501158E0,9.618084E0,-1.705115E0
9.505329E0,8.794459E0,-3.595284E0
9.509500E0,8.082994E0,-4.607686E0
9.513671E0,7.553423E0,-4.947984E0
9.517842E0,7.263596E0,-5.035590E0
9.522013E0,7.546182E0,-4.304223E0
9.526183E0,8.221275E0,-3.107229E0
9.530354E0,9.297201E0,-1.459181E0
9.534525E0,1.058379E1,5.169681E-1
9.538696E0,1.203088E1,1.890181E0
9.542867E0,1.326799E1,3.785949E0
9.547038E0,1.444060E1,4.864449E0
9.551208E0,1.534913E1,5.737998E0
9.555379E0,1.539755E1,6.357440E0
9.559550E0,1.525437E1,6.032436E0
9.563721E0,1.513353E1,5.461310E0
9.567892E0,1.358188E1,4.754540E0
9.572063E0,1.256281E1,3.211337E0
9.576233E0,1.131171E1,1.569705E0
9.580404E0,1.002677E1,-4.295177E-1
9.584575E0,8.936038E0,-2.249391E0
9.588746E0,8.404193E0,-3.233133E0
9.592917E0,7.579114E0,-3.973597E0
9.597088E0,7.513809E0,-3.790091E0
9.601258E0,7.616068E0,-3.536660E0
9.605429E0,8.348303E0,-2.496692E0
9.609600E0,9.078939E0,-1.090768E0
9.613771E0,1.026484E1,6.940334E-1
9.617942E0,1.157975E1,2.503669E0
9.622113E0,1.254678E1,3.875239E0
9.626283E0,1.352384E1,4.781919E0
9.630454E0,1.433877E1,5.363535E0
9.634625E0,1.443119E1,5.705290E0
9.638796E0,1.417458E1,5.673221E0
9.642967E0,1.361227E1,5.156532E0
9.647138E0,1.213303E1,4.044394E0
9.651308E0,1.157950E1,2.983251E0
9.655479E0,1.028786E1,1.208854E0
9.659650E0,9.047290E0,-3.160028E-1
9.663821E0,8.549043E0,-1.654604E0
9.667992E0,7.849373E0,-3.048523E0
9.672163E0,7.523167E0,-3.260177E0
9.676333E0,7.531902E0,-3.028187E0
9.680504E0,7.857281E0,-2.216753E0
9.684675E0,8.648664E0,-1.094978E0
9.688846E0,9.574075E0,4.391316E-1
9.693017E0,1.051835E1,1.868039E0
9.697188E0,1.195713E1,3.216336E0
9.701358E0,1.278010E1,3.897116E0
9.705529E0,1.351886E1,4.876847E0
9.709700E0,1.390555E1,4.886008E0
9.713871E0,1.377334E1,4.737027E0
9.718042E0,1.353607E1,4.851720E0
9.722213E0,1.276022E1,3.887362E0
9.726383E0,1.165080E1,3.050818E0
9.730554E0,1.070039E1,1.775712E0
9.734725E0,9.516573E0,7.339910E-2
9.738896E0,8.590596E0,-1.259751E0
9.743067E0,8.082005E0,-2.069736E0
9.747238E0,8.137257E0,-2.516146E0
9.751408E0,8.474111E0,-2.538746E0
9.755579E0,8.325221E0,-1.664953E0
9.759750E0,9.123951E0,-7.895907E-1
9.763921E0,1.004163E1,5.350352E-1
9.768092E0,1.088697E1,1.682676E0
9.772263E0,1.210431E1,2.784188E0
9.776433E0,1.297975E1,3.695529E0
9.780604E0,1.358934E1,4.285837E0
9.784775E0,1.378606E1,4.324104E0
9.788946E0,1.339424E1,4.280880E0
9.793117E0,1.288093E1,3.047578E0
9.797288E0,1.221481E1,2.704441E0
9.801458E0,1.139136E1,1.510651E0
9.805629E0,1.052343E1,2.614247E-1
9.809800E0,9.576458E0,-6.700227E-1
9.813971E0,9.200870E0,-1.776482E0
9.818142E0,8.930051E0,-2.555627E0
9.822313E0,9.028561E0,-2.774525E0
9.826483E0,9.025056E0,-2.250639E0
9.830654E0,9.526168E0,-9.722590E-1
9.834825E0,1.003864E1,2.327757E-1
9.838996E0,1.134984E1,1.272804E0
9.843167E0,1.198454E1,2.215441E0
9.847338E0,1.273730E1,2.701952E0
9.851508E0,1.321944E1,3.659578E0
9.855679E0,1.334027E1,3.827116E0
9.859850E0,1.318362E1,3.695128E0
9.864021E0,1.269071E1,3.287481E0
9.868192E0,1.207885E1,2.200995E0
9.872363E0,1.111339E1,1.187454E0
9.876533E0,1.032244E1,1.474437E-1
9.880704E0,9.825664E0,-8.807226E-1
9.884875E0,9.609130E0,-1.606090E0
9.889046E0,9.570600E0,-1.783667E0
9.893217E0,9.310891E0,-1.800928E0
9.897388E0,9.714235E0,-1.361619E0
9.901558E0,1.029555E1,-2.951536E-1
9.905729E0,1.116428E1,8.740557E-1
9.909900E0,1.182136E1,1.705898E0
9.914071E0,1.231015E1,2.901764E0
9.918242E0,1.264181E1,3.136915E0
9.922413E0,1.269888E1,3.372289E0
9.926583E0,1.251938E1,3.235590E0
9.930754E0,1.219905E1,2.799360E0
9.934925E0,1.191065E1,1.987677E0
9.939096E0,1.142215E1,1.416074E0
9.943267E0,1.044102E1,2.090717E-1
9.947438E0,9.742572E0,-1.108418E0
9.951608E0,9.512546E0,-1.184541E0
9.955779E0,9.372068E0,-1.335993E0
9.959950E0,9.674620E0,-9.023688E-1
9.964121E0,9.871202E0,-7.643948E-1
9.968292E0,1.063874E1,4.724900E-1
9.972463E0,1.109101E1,1.203230E0
9.976633E0,1.186729E1,1.776521E0
9.980804E0,1.227077E1,2.235651E0
9.984975E0,1.259503E1,2.782545E0
9.989146E0,1.221990E1,2.768914E0
9.993317E0,1.204578E1,2.645847E0
9.997488E0,1.177440E1,2.024871E0
1.000166E1,1.135771E1,1.400416E0
1.000583E1,1.056039E1,6.777600E-1
1.001000E1,9.922983E0,-1.454960E-1
1.001417E1,9.821889E0,-8.237634E-1
1.001834E1,9.979611E0,-6.842828E-1
1.002251E1,1.005330E1,-3.667450E-1
1.002668E1,1.047529E1,1.658721E-1
1.003085E1,1.058248E1,1.063234E0
1.003503E1,1.118292E1,1.777197E0
1.003920E1,1.183522E1,1.839285E0
1.004337E1,1.220055E1,2.479584E0
1.004754E1,1.232577E1,2.547439E0
1.005171E1,1.226837E1,2.338499E0
1.005588E1,1.195414E1,1.957914E0
1.006005E1,1.155697E1,1.634723E0
1.006422E1,1.118821E1,8.191354E-1
1.006839E1,1.062874E1,5.303719E-1
1.007256E1,1.031098E1,-4.129953E-2
1.007673E1,1.005862E1,-2.822870E-1
1.008090E1,1.037879E1,6.093256E-4
1.008508E1,1.060968E1,3.907026E-1
1.008925E1,1.055674E1,9.363402E-1
1.009342E1,1.112541E1,1.558374E0
1.009759E1,1.136053E1,1.890691E0
1.010176E1,1.168728E1,2.316525E0
1.010593E1,1.184708E1,2.245831E0
1.011010E1,1.175123E1,1.847725E0
1.011427E1,1.154678E1,1.831180E0
1.011844E1,1.159694E1,1.613926E0
1.012261E1,1.084060E1,3.928971E-1
1.012678E1,1.057792E1,2.231055E-1
1.013095E1,1.020200E1,-3.233997E-1
1.013513E1,1.018710E1,-1.900251E-1
1.013930E1,1.050626E1,3.851164E-1
1.014347E1,1.040050E1,7.967748E-1
1.014764E1,1.082078E1,1.047178E0
1.015181E1,1.137873E1,1.440576E0
1.015598E1,1.146139E1,1.789888E0
1.016015E1,1.153530E1,1.944370E0
1.016432E1,1.137921E1,1.919673E0
1.016849E1,1.116181E1,1.635306E0
1.017266E1,1.118561E1,1.354837E0
1.017683E1,1.086464E1,8.595811E-1
1.018100E1,1.053024E1,1.907929E-1
1.018518E1,1.038953E1,1.991364E-1
1.018935E1,1.028732E1,1.652247E-1
1.019352E1,1.044813E1,3.775350E-1
1.019769E1,1.038544E1,9.071449E-1
1.020186E1,1.067042E1,1.327000E0
1.020603E1,1.095661E1,1.540855E0
1.021020E1,1.123465E1,1.701669E0
1.021437E1,1.115873E1,1.719929E0
1.021854E1,1.116014E1,1.643037E0
1.022271E1,1.113810E1,1.650517E0
1.022688E1,1.095004E1,9.917818E-1
1.023105E1,1.096672E1,6.271364E-1
1.023523E1,1.074480E1,3.524894E-1
1.023940E1,1.090421E1,-8.928619E-2
1.024357E1,1.108469E1,1.995117E-1
1.024774E1,1.118773E1,6.689046E-1
1.025191E1,1.122719E1,9.594951E-1
1.025608E1,1.149073E1,1.391177E0
1.026025E1,1.152192E1,1.475273E0
1.026442E1,1.150402E1,1.242541E0
1.026859E1,1.134649E1,1.212562E0
1.027276E1,1.127034E1,1.012296E0
1.027693E1,1.113351E1,8.576781E-1
1.028110E1,1.111335E1,3.689096E-1
1.028528E1,1.084422E1,1.957358E-1
1.028945E1,1.102916E1,1.387226E-1
1.029362E1,1.116824E1,8.139725E-1
1.029779E1,1.110883E1,7.633359E-1
1.030196E1,1.131202E1,1.112040E0
1.030613E1,1.142607E1,1.127629E0
1.031030E1,1.162615E1,1.304140E0
1.031447E1,1.121937E1,8.950583E-1
1.031864E1,1.124061E1,9.579525E-1
1.032281E1,1.132318E1,1.217028E0
1.032698E1,1.103865E1,8.570841E-1
1.033115E1,1.092962E1,6.442792E-1
1.033533E1,1.102918E1,7.980040E-1
1.033950E1,1.116166E1,6.857867E-1
1.034367E1,1.121374E1,9.907674E-1
1.034784E1,1.136768E1,1.156667E0
1.035201E1,1.133174E1,1.185178E0
1.035618E1,1.131392E1,1.196165E0
1.036035E1,1.126040E1,1.051123E0
1.036452E1,1.112159E1,1.312029E0
1.036869E1,1.117474E1,9.706913E-1
1.037286E1,1.103404E1,6.460368E-1
1.037703E1,1.098019E1,7.804998E-1
1.038120E1,1.113599E1,8.018665E-1
1.038538E1,1.123693E1,1.018973E0
1.038955E1,1.127576E1,1.224427E0
1.039372E1,1.150181E1,1.199927E0
1.039789E1,1.106569E1,9.649348E-1
1.040206E1,1.155534E1,1.525930E0
1.040623E1,1.134999E1,1.377778E0
