,mass A,,
t,x,y,
0.000000E0,1.316775E2,-3.558851E1
4.170833E-3,1.319595E2,-3.557598E1
8.341667E-3,1.320407E2,-3.574761E1
1.251250E-2,1.321934E2,-3.556826E1
1.668333E-2,1.322903E2,-3.573285E1
2.085417E-2,1.325503E2,-3.574061E1
2.502500E-2,1.324668E2,-3.596563E1
2.919583E-2,1.324905E2,-3.591717E1
3.336667E-2,1.328956E2,-3.578675E1
3.753750E-2,1.326499E2,-3.579723E1
4.170833E-2,1.328011E2,-3.562314E1
4.587917E-2,1.327706E2,-3.548602E1
5.005000E-2,1.326143E2,-3.552193E1
5.422083E-2,1.324941E2,-3.537115E1
5.839167E-2,1.324504E2,-3.556118E1
6.256250E-2,1.323752E2,-3.546855E1
6.673333E-2,1.322759E2,-3.611002E1
7.090417E-2,1.318852E2,-3.655361E1
7.507500E-2,1.316633E2,-3.584695E1
7.924583E-2,1.314415E2,-3.610043E1
8.341667E-2,1.309552E2,-3.589608E1
8.758750E-2,1.305933E2,-3.593251E1
9.175833E-2,1.304834E2,-3.631570E1
9.592917E-2,1.303186E2,-3.642415E1
1.001000E-1,1.301705E2,-3.615738E1
1.042708E-1,1.295530E2,-3.708747E1
1.084417E-1,1.295007E2,-3.660651E1
1.126125E-1,1.293539E2,-3.701152E1
1.167833E-1,1.292980E2,-3.725387E1
1.209542E-1,1.289358E2,-3.706509E1
1.251250E-1,1.286242E2,-3.778871E1
1.292958E-1,1.283457E2,-3.750724E1
1.334667E-1,1.280857E2,-3.779248E1
1.376375E-1,1.276353E2,-3.764748E1
1.418083E-1,1.271209E2,-3.738490E1
1.459792E-1,1.269029E2,-3.755930E1
1.501500E-1,1.264332E2,-3.806638E1
1.543208E-1,1.258599E2,-3.774624E1
1.584917E-1,1.255159E2,-3.798819E1
1.626625E-1,1.254164E2,-3.804079E1
1.668333E-1,1.248851E2,-3.766159E1
1.710042E-1,1.243471E2,-3.758710E1
1.751750E-1,1.242928E2,-3.735698E1
1.793458E-1,1.239557E2,-3.695902E1
1.835167E-1,1.235025E2,-3.596182E1
1.876875E-1,1.230294E2,-3.507067E1
1.918583E-1,1.218053E2,-3.344113E1
1.960292E-1,1.206268E2,-3.202740E1
2.002000E-1,1.178954E2,-2.989990E1
2.043708E-1,1.144751E2,-2.667691E1
2.085417E-1,1.094859E2,-2.375041E1
2.127125E-1,1.035502E2,-1.985687E1
2.168833E-1,9.702972E1,-1.549348E1
2.210542E-1,8.867621E1,-1.168870E1
2.252250E-1,8.056815E1,-7.683976E0
2.293958E-1,6.925928E1,-1.765849E0
2.335667E-1,5.831103E1,3.233838E0
2.377375E-1,4.655242E1,8.478129E0
2.419083E-1,3.214286E1,1.468999E1
2.460792E-1,1.862216E1,1.848973E1
2.502500E-1,3.866269E0,2.242883E1
2.544208E-1,-1.064755E1,2.519535E1
2.585917E-1,-2.564545E1,2.816834E1
2.627625E-1,-3.655528E1,2.924758E1
2.669333E-1,-4.667564E1,2.908258E1
2.711042E-1,-5.610112E1,2.965489E1
2.752750E-1,-6.538923E1,2.961517E1
2.794458E-1,-7.394606E1,2.942901E1
2.836167E-1,-8.134453E1,2.894262E1
2.877875E-1,-8.668533E1,2.737911E1
2.919583E-1,-9.106656E1,2.530688E1
2.961292E-1,-9.473200E1,2.374428E1
3.003000E-1,-9.663140E1,2.101595E1
3.044708E-1,-9.807034E1,1.885070E1
3.086417E-1,-9.842491E1,1.571000E1
3.128125E-1,-9.747413E1,1.268759E1
3.169833E-1,-9.548207E1,9.177154E0
3.211542E-1,-9.224548E1,6.025638E0
3.253250E-1,-8.768703E1,2.583411E0
3.294958E-1,-8.211711E1,-4.925637E-1
3.336667E-1,-7.509198E1,-4.229123E0
3.378375E-1,-6.713446E1,-7.645812E0
3.420083E-1,-5.870156E1,-9.908863E0
3.461792E-1,-4.773125E1,-1.262881E1
3.503500E-1,-3.614878E1,-1.447031E1
3.545208E-1,-2.170289E1,-1.675762E1
3.586917E-1,-1.284061E1,-1.536570E1
3.628625E-1,5.605246E0,-1.769136E1
3.670333E-1,2.063341E1,-1.746161E1
3.712042E-1,3.303972E1,-1.534809E1
3.753750E-1,4.575153E1,-1.331015E1
3.795458E-1,5.565747E1,-9.746796E0
3.837167E-1,6.625580E1,-6.905528E0
3.878875E-1,7.568275E1,-3.476645E0
3.920583E-1,8.226460E1,1.718556E-1
3.962292E-1,8.963529E1,3.505576E0
4.004000E-1,9.610591E1,6.749767E0
4.045708E-1,9.969641E1,1.023520E1
4.087417E-1,1.033152E2,1.324436E1
4.129125E-1,1.059398E2,1.648081E1
4.170833E-1,1.069873E2,1.963058E1
4.212542E-1,1.070088E2,2.232198E1
4.254250E-1,1.063542E2,2.446992E1
4.295958E-1,1.037943E2,2.732026E1
4.337667E-1,1.007005E2,2.939200E1
4.379375E-1,9.651946E1,3.136956E1
4.421083E-1,9.063484E1,3.313254E1
4.462792E-1,8.456495E1,3.447817E1
4.504500E-1,7.617027E1,3.639749E1
4.546208E-1,6.744350E1,3.726618E1
4.587917E-1,5.792237E1,3.759105E1
4.629625E-1,4.524274E1,3.806397E1
4.671333E-1,3.345816E1,3.717893E1
4.713042E-1,2.217051E1,3.551638E1
4.754750E-1,7.846999E0,3.307046E1
4.796458E-1,-5.380965E0,2.942988E1
4.838167E-1,-1.703476E1,2.461746E1
4.879875E-1,-2.889732E1,1.905641E1
4.921583E-1,-3.976024E1,1.370900E1
4.963292E-1,-4.897682E1,7.637606E0
5.005000E-1,-5.726519E1,1.556712E0
5.046708E-1,-6.353424E1,-4.699780E0
5.088417E-1,-7.096282E1,-1.052229E1
5.130125E-1,-7.554516E1,-1.570830E1
5.171833E-1,-7.923898E1,-2.060544E1
5.213542E-1,-8.163265E1,-2.502893E1
5.255250E-1,-8.295727E1,-2.941930E1
5.296958E-1,-8.322692E1,-3.327293E1
5.338667E-1,-8.262327E1,-3.680217E1
5.380375E-1,-8.082011E1,-3.982486E1
5.422083E-1,-7.813102E1,-4.183171E1
5.463792E-1,-7.458426E1,-4.391187E1
5.505500E-1,-6.958713E1,-4.477483E1
5.547208E-1,-6.415503E1,-4.521811E1
5.588917E-1,-5.855336E1,-4.406932E1
5.630625E-1,-5.051822E1,-4.332425E1
5.672333E-1,-4.393051E1,-4.097994E1
5.714042E-1,-3.428894E1,-3.748785E1
5.755750E-1,-2.657988E1,-3.360056E1
5.797458E-1,-1.513143E1,-2.856759E1
5.839167E-1,-4.878192E0,-2.220717E1
5.880875E-1,7.199583E0,-1.538332E1
5.922583E-1,1.737020E1,-7.651696E0
5.964292E-1,2.714947E1,6.737150E-1
6.006000E-1,3.690948E1,8.794916E0
6.047708E-1,4.270194E1,1.806899E1
6.089417E-1,4.967636E1,2.629481E1
6.131125E-1,5.508484E1,3.431442E1
6.172833E-1,6.030745E1,4.152331E1
6.214542E-1,6.468221E1,4.860216E1
6.256250E-1,6.675355E1,5.509262E1
6.297958E-1,6.969404E1,6.065041E1
6.339667E-1,6.989590E1,6.607788E1
6.381375E-1,7.037351E1,7.045531E1
6.423083E-1,7.043518E1,7.365795E1
6.464792E-1,6.888214E1,7.653634E1
6.506500E-1,6.641873E1,7.851829E1
6.548208E-1,6.332609E1,7.911200E1
6.589917E-1,5.994321E1,7.935233E1
6.631625E-1,5.586272E1,7.826190E1
6.673333E-1,5.062223E1,7.642202E1
6.715042E-1,4.533218E1,7.336709E1
6.756750E-1,3.965207E1,6.961994E1
6.798458E-1,3.302671E1,6.470636E1
6.840167E-1,2.553706E1,5.860188E1
6.881875E-1,1.778590E1,5.143063E1
6.923583E-1,1.027790E1,4.329186E1
6.965292E-1,2.254264E0,3.422090E1
7.007000E-1,-5.220187E0,2.413359E1
7.048708E-1,-1.313371E1,1.317887E1
7.090417E-1,-2.172614E1,1.652547E0
7.132125E-1,-2.720565E1,-1.019930E1
7.173833E-1,-3.152456E1,-2.099057E1
7.215542E-1,-3.422826E1,-3.079208E1
7.257250E-1,-3.685738E1,-3.980179E1
7.298958E-1,-3.837634E1,-4.799090E1
7.340667E-1,-3.940723E1,-5.548820E1
7.382375E-1,-4.011635E1,-6.153843E1
7.424083E-1,-4.063572E1,-6.651704E1
7.465792E-1,-4.018146E1,-7.062737E1
7.507500E-1,-3.985016E1,-7.378780E1
7.549208E-1,-3.866915E1,-7.559121E1
7.590917E-1,-3.768202E1,-7.655398E1
7.632625E-1,-3.488986E1,-7.658041E1
7.674333E-1,-3.298621E1,-7.525362E1
7.716042E-1,-3.003258E1,-7.315588E1
7.757750E-1,-2.746413E1,-7.003053E1
7.799458E-1,-2.422313E1,-6.559120E1
7.841167E-1,-2.109520E1,-5.961846E1
7.882875E-1,-1.719404E1,-5.348509E1
7.924583E-1,-1.355697E1,-4.544067E1
7.966292E-1,-9.058064E0,-3.644855E1
8.008000E-1,-5.462245E0,-2.643200E1
8.049708E-1,-1.151789E0,-1.530107E1
8.091417E-1,4.213297E0,-3.292170E0
8.133125E-1,8.482422E0,8.961040E0
8.174833E-1,1.112343E1,2.119523E1
8.216542E-1,1.437608E1,3.332738E1
8.258250E-1,1.546883E1,4.455060E1
8.299958E-1,1.662135E1,5.460706E1
8.341667E-1,1.853328E1,6.365242E1
8.383375E-1,1.931495E1,7.177794E1
8.425083E-1,1.999313E1,7.814952E1
8.466792E-1,2.036699E1,8.418415E1
8.508500E-1,2.009693E1,8.910361E1
8.550208E-1,1.926682E1,9.303384E1
8.591917E-1,1.890042E1,9.548669E1
8.633625E-1,1.882736E1,9.665420E1
8.675333E-1,1.705666E1,9.711532E1
8.717042E-1,1.618122E1,9.634561E1
8.758750E-1,1.488089E1,9.433718E1
8.800458E-1,1.335503E1,9.126162E1
8.842167E-1,1.171640E1,8.693748E1
8.883875E-1,9.785185E0,8.156734E1
8.925583E-1,8.390251E0,7.511733E1
8.967292E-1,6.329380E0,6.764810E1
9.009000E-1,4.623355E0,5.900034E1
9.050708E-1,2.576961E0,4.909730E1
9.092417E-1,8.879085E-1,3.814827E1
9.134125E-1,-1.227307E0,2.614126E1
9.175833E-1,-2.880620E0,1.319228E1
9.217542E-1,-4.336491E0,2.683895E-1
9.259250E-1,-7.445972E0,-1.333105E1
9.300958E-1,-7.479061E0,-2.454546E1
9.342667E-1,-7.483017E0,-3.478326E1
9.384375E-1,-7.956360E0,-4.442850E1
9.426083E-1,-8.508485E0,-5.285723E1
9.467792E-1,-8.495703E0,-6.012799E1
9.509500E-1,-8.488477E0,-6.594686E1
9.551208E-1,-8.592817E0,-7.110999E1
9.592917E-1,-8.676009E0,-7.489548E1
9.634625E-1,-8.299577E0,-7.748694E1
9.676333E-1,-8.201852E0,-7.868806E1
9.718042E-1,-8.149807E0,-7.902758E1
9.759750E-1,-7.894113E0,-7.817428E1
9.801458E-1,-7.755740E0,-7.633367E1
9.843167E-1,-7.017724E0,-7.290126E1
9.884875E-1,-6.356480E0,-6.901094E1
9.926583E-1,-6.211148E0,-6.379970E1
9.968292E-1,-5.659715E0,-5.700883E1
1.001000E0,-5.625904E0,-4.942302E1
1.005171E0,-4.997362E0,-4.062503E1
1.009342E0,-5.097245E0,-3.124564E1
1.013513E0,-3.831746E0,-2.003075E1
1.017683E0,-2.981569E0,-8.027341E0
1.021854E0,-2.984438E0,4.197197E0
1.026025E0,-3.813767E0,1.682150E1
1.030196E0,-3.279696E0,2.861924E1
1.034367E0,-2.736654E0,4.039334E1
1.038537E0,-3.157160E0,5.029328E1
1.042708E0,-2.206863E0,6.016875E1
1.046879E0,-1.873859E0,6.827067E1
1.051050E0,-2.169784E0,7.548486E1
1.055221E0,-1.649823E0,8.140079E1
1.059392E0,-1.570011E0,8.628224E1
1.063562E0,-9.750467E-1,9.009909E1
1.067733E0,-1.336554E0,9.255413E1
1.071904E0,-7.734670E-1,9.413009E1
1.076075E0,-4.015195E-1,9.428206E1
1.080246E0,-7.218330E-1,9.362350E1
1.084417E0,-4.376675E-1,9.145189E1
1.088588E0,-4.049520E-1,8.844392E1
1.092758E0,3.473726E-2,8.392882E1
1.096929E0,-1.890839E-1,7.862676E1
1.101100E0,-2.046367E-3,7.191292E1
1.105271E0,-4.712559E-1,6.444218E1
1.109442E0,2.177190E-1,5.562937E1
1.113612E0,5.330194E-1,4.611429E1
1.117783E0,-1.969020E-1,3.461808E1
1.121954E0,6.115962E-1,2.311899E1
1.126125E0,-1.063659E-1,1.007991E1
1.130296E0,-5.644109E-1,-1.833920E0
1.134467E0,-2.368637E0,-1.436990E1
1.138637E0,-3.637760E0,-2.533600E1
1.142808E0,-4.580105E0,-3.537904E1
1.146979E0,-5.466268E0,-4.444447E1
1.151150E0,-6.336045E0,-5.188666E1
1.155321E0,-7.587721E0,-5.863302E1
1.159492E0,-8.033122E0,-6.399104E1
1.163662E0,-9.141100E0,-6.803050E1
1.167833E0,-1.016207E1,-7.128085E1
1.172004E0,-1.046001E1,-7.315805E1
1.176175E0,-1.151876E1,-7.409778E1
1.180346E0,-1.167655E1,-7.396398E1
1.184517E0,-1.197018E1,-7.251287E1
1.188687E0,-1.256674E1,-7.010189E1
1.192858E0,-1.270006E1,-6.634740E1
1.197029E0,-1.253332E1,-6.173668E1
1.201200E0,-1.249915E1,-5.612396E1
1.205371E0,-1.219998E1,-4.897478E1
1.209542E0,-1.193570E1,-4.163471E1
1.213713E0,-1.067101E1,-3.158896E1
1.217883E0,-1.019453E1,-2.152457E1
1.222054E0,-8.755865E0,-9.544985E0
1.226225E0,-7.184063E0,2.114781E0
1.230396E0,-6.876344E0,1.321186E1
1.234567E0,-4.945611E0,2.530458E1
1.238738E0,-2.054197E0,3.719456E1
1.242908E0,-5.285270E-1,4.744208E1
1.247079E0,7.181639E-1,5.644088E1
1.251250E0,2.348011E0,6.472656E1
1.255421E0,4.218855E0,7.160343E1
1.259592E0,6.279051E0,7.725381E1
1.263763E0,7.014286E0,8.148470E1
1.267933E0,8.430122E0,8.546105E1
1.272104E0,1.045625E1,8.807505E1
1.276275E0,1.080200E1,8.922324E1
1.280446E0,1.178637E1,8.960015E1
1.284617E0,1.222517E1,8.868719E1
1.288787E0,1.256469E1,8.643966E1
1.292958E0,1.314636E1,8.341290E1
1.297129E0,1.295713E1,7.906846E1
1.301300E0,1.276944E1,7.391481E1
1.305471E0,1.235928E1,6.766352E1
1.309642E0,1.217211E1,6.012984E1
1.313813E0,1.075279E1,5.139049E1
1.317983E0,8.929827E0,4.154235E1
1.322154E0,8.093782E0,3.106136E1
1.326325E0,4.897601E0,1.958195E1
1.330496E0,2.297713E0,7.595773E0
1.334667E0,-1.459766E0,-4.479659E0
1.338838E0,-4.544441E0,-1.480291E1
1.343008E0,-7.960887E0,-2.455815E1
1.347179E0,-1.251350E1,-3.449870E1
1.351350E0,-1.511967E1,-4.206741E1
1.355521E0,-1.868110E1,-4.825618E1
1.359692E0,-2.090418E1,-5.400356E1
1.363862E0,-2.304904E1,-5.785862E1
1.368033E0,-2.585244E1,-6.143258E1
1.372204E0,-2.796254E1,-6.378797E1
1.376375E0,-2.914890E1,-6.456065E1
1.380546E0,-3.058190E1,-6.481222E1
1.384717E0,-3.133747E1,-6.363839E1
1.388888E0,-3.174743E1,-6.150980E1
1.393058E0,-3.165419E1,-5.869425E1
1.397229E0,-3.153090E1,-5.462078E1
1.401400E0,-3.049326E1,-4.953525E1
1.405571E0,-2.933892E1,-4.288239E1
1.409742E0,-2.808680E1,-3.621298E1
1.413912E0,-2.663643E1,-2.820643E1
1.418083E0,-2.409768E1,-1.968479E1
1.422254E0,-2.053798E1,-9.174565E0
1.426425E0,-1.584097E1,1.115302E0
1.430596E0,-1.148479E1,1.256430E1
1.434767E0,-6.414910E0,2.262831E1
1.438937E0,-6.165447E-1,3.244963E1
1.443108E0,5.031386E0,4.116059E1
1.447279E0,1.004028E1,4.916002E1
1.451450E0,1.379762E1,5.549408E1
1.455621E0,1.814777E1,6.121047E1
1.459792E0,2.304918E1,6.611116E1
1.463963E0,2.682027E1,7.017495E1
1.468133E0,2.919206E1,7.275413E1
1.472304E0,3.207454E1,7.424690E1
1.476475E0,3.431420E1,7.543755E1
1.480646E0,3.649704E1,7.535875E1
1.484817E0,3.712534E1,7.422235E1
1.488987E0,3.767826E1,7.231082E1
1.493158E0,3.733232E1,6.928657E1
1.497329E0,3.610158E1,6.524299E1
1.501500E0,3.419292E1,6.084558E1
1.505671E0,3.246600E1,5.519360E1
1.509842E0,2.901299E1,4.839013E1
1.514012E0,2.527772E1,4.161816E1
1.518183E0,2.113964E1,3.307799E1
1.522354E0,1.641294E1,2.520508E1
1.526525E0,9.546560E0,1.562538E1
1.530696E0,3.200058E0,6.516725E0
1.534867E0,-4.618735E0,-2.290631E0
1.539037E0,-1.245339E1,-1.036708E1
1.543208E0,-1.984496E1,-1.787751E1
1.547379E0,-2.674584E1,-2.350233E1
1.551550E0,-3.234506E1,-2.865706E1
1.555721E0,-3.857016E1,-3.315147E1
1.559892E0,-4.291449E1,-3.646042E1
1.564062E0,-4.735549E1,-3.924839E1
1.568233E0,-5.109488E1,-4.144048E1
1.572404E0,-5.328077E1,-4.205161E1
1.576575E0,-5.542343E1,-4.259356E1
1.580746E0,-5.666898E1,-4.174504E1
1.584917E0,-5.699210E1,-4.048903E1
1.589087E0,-5.622996E1,-3.841663E1
1.593258E0,-5.500531E1,-3.562552E1
1.597429E0,-5.307881E1,-3.216917E1
1.601600E0,-5.000518E1,-2.844418E1
1.605771E0,-4.629285E1,-2.383020E1
1.609942E0,-4.120023E1,-1.789295E1
1.614113E0,-3.579756E1,-1.144202E1
1.618283E0,-2.946167E1,-5.686317E0
1.622454E0,-2.249334E1,5.568334E-1
1.626625E0,-1.392457E1,7.118978E0
1.630796E0,-6.293100E0,1.345889E1
1.634967E0,3.113644E0,2.014159E1
1.639138E0,1.143425E1,2.639842E1
1.643308E0,2.173104E1,3.223194E1
1.647479E0,2.814696E1,3.607722E1
1.651650E0,3.487517E1,4.025585E1
1.655821E0,4.060561E1,4.341276E1
1.659992E0,4.507623E1,4.517872E1
1.664163E0,4.844971E1,4.666777E1
1.668333E0,5.261863E1,4.826308E1
1.672504E0,5.497563E1,4.896051E1
1.676675E0,5.572252E1,4.845492E1
1.680846E0,5.637285E1,4.814314E1
1.685017E0,5.523225E1,4.678422E1
1.689188E0,5.540202E1,4.528143E1
1.693358E0,5.319081E1,4.322905E1
1.697529E0,4.982495E1,4.033207E1
1.701700E0,4.585895E1,3.718303E1
1.705871E0,3.982319E1,3.330215E1
1.710042E0,3.371181E1,2.937574E1
1.714213E0,2.604476E1,2.443114E1
1.718383E0,1.945085E1,2.032324E1
1.722554E0,9.302641E0,1.468263E1
1.726725E0,1.673785E0,1.024832E1
1.730896E0,-8.187301E0,6.056104E0
1.735067E0,-1.855643E1,2.445118E0
1.739237E0,-2.839626E1,-1.317870E0
1.743408E0,-3.593282E1,-3.875816E0
1.747579E0,-4.237102E1,-5.506055E0
1.751750E0,-4.924125E1,-7.687809E0
1.755921E0,-5.469232E1,-9.500605E0
1.760092E0,-5.852965E1,-1.094217E1
1.764263E0,-6.171737E1,-1.158054E1
1.768433E0,-6.417781E1,-1.217009E1
1.772604E0,-6.507639E1,-1.234786E1
1.776775E0,-6.524686E1,-1.181185E1
1.780946E0,-6.410476E1,-1.118555E1
1.785117E0,-6.227562E1,-1.004757E1
1.789288E0,-5.917439E1,-8.640474E0
1.793458E0,-5.521270E1,-6.579899E0
1.797629E0,-5.012250E1,-4.781604E0
1.801800E0,-4.466664E1,-2.339681E0
1.805971E0,-3.723965E1,3.762992E-1
1.810142E0,-2.938736E1,3.493590E0
1.814312E0,-2.014978E1,6.251000E0
1.818483E0,-1.030327E1,9.495268E0
1.822654E0,7.257506E-1,1.314837E1
1.826825E0,1.003743E1,1.628608E1
1.830996E0,1.871419E1,1.960663E1
1.835167E0,2.623764E1,2.280901E1
1.839338E0,3.371691E1,2.559598E1
1.843508E0,4.090118E1,2.842476E1
1.847679E0,4.607755E1,3.061057E1
1.851850E0,5.044008E1,3.256478E1
1.856021E0,5.401724E1,3.413361E1
1.860192E0,5.591549E1,3.559884E1
1.864362E0,5.769983E1,3.667691E1
1.868533E0,5.857226E1,3.747299E1
1.872704E0,5.745548E1,3.785261E1
1.876875E0,5.602152E1,3.754029E1
1.881046E0,5.389985E1,3.692514E1
1.885217E0,5.008899E1,3.614719E1
1.889387E0,4.493502E1,3.458403E1
1.893558E0,4.007216E1,3.305139E1
1.897729E0,3.299418E1,3.051432E1
1.901900E0,2.665466E1,2.830553E1
1.906071E0,1.872810E1,2.521939E1
1.910242E0,8.807410E0,2.155866E1
1.914413E0,-3.130233E-1,1.752827E1
1.918583E0,-9.034689E0,1.340514E1
1.922754E0,-1.767616E1,9.359045E0
1.926925E0,-2.564213E1,5.301987E0
1.931096E0,-3.302547E1,1.341892E-1
1.935267E0,-3.989036E1,-4.032728E0
1.939437E0,-4.519388E1,-7.412180E0
1.943608E0,-4.948241E1,-1.072015E1
1.947779E0,-5.267062E1,-1.333971E1
1.951950E0,-5.531766E1,-1.585995E1
1.956121E0,-5.669301E1,-1.781937E1
1.960292E0,-5.682513E1,-1.907674E1
1.964463E0,-5.672930E1,-1.984236E1
1.968633E0,-5.515763E1,-1.990789E1
1.972804E0,-5.273288E1,-1.974613E1
1.976975E0,-4.953664E1,-1.927066E1
1.981146E0,-4.540805E1,-1.817501E1
1.985317E0,-4.030170E1,-1.617649E1
1.989487E0,-3.456488E1,-1.342468E1
1.993658E0,-2.796117E1,-1.035572E1
1.997829E0,-2.096045E1,-6.617928E0
2.002000E0,-1.326148E1,-2.422218E0
2.006171E0,-3.938189E0,3.398231E0
2.010342E0,4.367114E0,9.445600E0
2.014512E0,1.170753E1,1.554262E1
2.018683E0,1.848823E1,2.165862E1
2.022854E0,2.380126E1,2.753301E1
2.027025E0,2.976274E1,3.315321E1
2.031196E0,3.288120E1,3.755016E1
2.035367E0,3.795722E1,4.208355E1
2.039538E0,3.939561E1,4.567191E1
2.043708E0,4.113604E1,4.837260E1
2.047879E0,4.231308E1,5.061764E1
2.052050E0,4.328219E1,5.238563E1
2.056221E0,4.237484E1,5.277603E1
2.060392E0,4.119775E1,5.271566E1
2.064563E0,4.014735E1,5.200628E1
2.068733E0,3.681375E1,5.045609E1
2.072904E0,3.376817E1,4.824003E1
2.077075E0,3.009957E1,4.519073E1
2.081246E0,2.531027E1,4.146774E1
2.085417E0,1.910328E1,3.646350E1
2.089587E0,1.374114E1,3.133814E1
2.093758E0,7.576540E0,2.523805E1
2.097929E0,3.523548E-1,1.846562E1
2.102100E0,-6.162161E0,1.125939E1
2.106271E0,-1.374548E1,3.550647E0
2.110442E0,-2.030826E1,-3.616155E0
2.114613E0,-2.553157E1,-9.707400E0
2.118783E0,-3.048590E1,-1.561182E1
2.122954E0,-3.428146E1,-2.056000E1
2.127125E0,-3.731219E1,-2.482440E1
2.131296E0,-4.017825E1,-2.845978E1
2.135467E0,-4.218305E1,-3.134320E1
2.139637E0,-4.291412E1,-3.347501E1
2.143808E0,-4.300012E1,-3.433328E1
2.147979E0,-4.283950E1,-3.495490E1
2.152150E0,-4.139860E1,-3.461973E1
2.156321E0,-4.026098E1,-3.361892E1
2.160492E0,-3.753525E1,-3.150632E1
2.164662E0,-3.438577E1,-2.879272E1
2.168833E0,-3.013734E1,-2.505061E1
2.173004E0,-2.577227E1,-2.049482E1
2.177175E0,-2.028588E1,-1.525664E1
2.181346E0,-1.582127E1,-9.247398E0
2.185517E0,-9.342504E0,-2.495465E0
2.189687E0,-2.139612E0,5.290045E0
2.193858E0,3.554307E0,1.348335E1
2.198029E0,8.795204E0,2.148200E1
2.202200E0,1.440225E1,2.912317E1
2.206371E0,1.864294E1,3.618943E1
2.210542E0,2.203846E1,4.221609E1
2.214713E0,2.534029E1,4.813780E1
2.218883E0,2.747195E1,5.216764E1
2.223054E0,2.838428E1,5.569002E1
2.227225E0,3.054123E1,5.822933E1
2.231396E0,3.131551E1,6.036400E1
2.235567E0,3.093702E1,6.075816E1
2.239738E0,3.051677E1,6.070000E1
2.243908E0,2.937018E1,5.969500E1
2.248079E0,2.776054E1,5.767068E1
2.252250E0,2.622681E1,5.469288E1
2.256421E0,2.442224E1,5.113196E1
2.260592E0,2.118925E1,4.638209E1
2.264762E0,1.755863E1,4.048303E1
2.268933E0,1.397700E1,3.404270E1
2.273104E0,8.010595E0,2.649025E1
2.277275E0,3.850746E0,1.856969E1
2.281446E0,-1.095248E0,1.013613E1
2.285617E0,-7.369839E0,2.214840E0
2.289788E0,-1.318866E1,-5.524927E0
2.293958E0,-1.788322E1,-1.190911E1
2.298129E0,-2.302724E1,-1.858351E1
2.302300E0,-2.665338E1,-2.358929E1
2.306471E0,-2.968993E1,-2.821001E1
2.310642E0,-3.186786E1,-3.177615E1
2.314812E0,-3.394548E1,-3.454189E1
2.318983E0,-3.524888E1,-3.647757E1
2.323154E0,-3.603962E1,-3.705518E1
2.327325E0,-3.581606E1,-3.659365E1
2.331496E0,-3.491324E1,-3.598815E1
2.335667E0,-3.396208E1,-3.406047E1
2.339838E0,-3.168783E1,-3.156139E1
2.344008E0,-2.978498E1,-2.830546E1
2.348179E0,-2.619548E1,-2.387575E1
2.352350E0,-2.288338E1,-1.889110E1
2.356521E0,-1.862030E1,-1.259446E1
2.360692E0,-1.308647E1,-5.846122E0
2.364863E0,-8.002980E0,1.462243E0
2.369033E0,-2.482059E0,9.568615E0
2.373204E0,3.905810E0,1.814854E1
2.377375E0,7.217765E0,2.571971E1
2.381546E0,1.302930E1,3.304356E1
2.385717E0,1.593801E1,3.937108E1
2.389887E0,1.879303E1,4.451019E1
2.394058E0,2.197187E1,4.923007E1
2.398229E0,2.285711E1,5.268712E1
2.402400E0,2.497326E1,5.546077E1
2.406571E0,2.625894E1,5.761493E1
2.410742E0,2.708657E1,5.829535E1
2.414912E0,2.747639E1,5.857780E1
2.419083E0,2.708917E1,5.730939E1
2.423254E0,2.621595E1,5.582164E1
2.427425E0,2.510679E1,5.298059E1
2.431596E0,2.317877E1,4.953096E1
2.435767E0,2.158747E1,4.512254E1
2.439938E0,1.744153E1,3.968824E1
2.444108E0,1.463585E1,3.347259E1
2.448279E0,1.067078E1,2.662467E1
2.452450E0,4.786516E0,1.851683E1
2.456621E0,-4.107561E-1,1.057625E1
2.460792E0,-6.174894E0,2.490279E0
2.464962E0,-1.247107E1,-4.637234E0
2.469133E0,-1.748403E1,-1.068726E1
2.473304E0,-2.273967E1,-1.611584E1
2.477475E0,-2.592995E1,-2.089963E1
2.481646E0,-2.964152E1,-2.475146E1
2.485817E0,-3.336749E1,-2.841254E1
2.489988E0,-3.547065E1,-3.047745E1
2.494158E0,-3.719396E1,-3.230144E1
2.498329E0,-3.725272E1,-3.265723E1
2.502500E0,-3.746619E1,-3.264949E1
2.506671E0,-3.750076E1,-3.171014E1
2.510842E0,-3.656318E1,-3.016664E1
2.515012E0,-3.400239E1,-2.765413E1
2.519183E0,-3.182372E1,-2.465957E1
2.523354E0,-2.907022E1,-2.063956E1
2.527525E0,-2.525184E1,-1.554884E1
2.531696E0,-2.102955E1,-1.054463E1
2.535867E0,-1.581006E1,-4.427391E0
2.540037E0,-8.672783E0,3.285753E0
2.544208E0,-1.496306E0,1.111103E1
2.548379E0,3.760885E0,1.841209E1
2.552550E0,8.739614E0,2.542540E1
2.556721E0,1.265580E1,3.163190E1
2.560892E0,1.753963E1,3.737123E1
2.565062E0,2.165770E1,4.210785E1
2.569233E0,2.484588E1,4.611817E1
2.573404E0,2.722702E1,4.938041E1
2.577575E0,2.880451E1,5.149480E1
2.581746E0,3.073782E1,5.316346E1
2.585917E0,3.089303E1,5.365691E1
2.590088E0,3.113588E1,5.317856E1
2.594258E0,3.060981E1,5.229592E1
2.598429E0,2.952728E1,5.022364E1
2.602600E0,2.732909E1,4.755685E1
2.606771E0,2.501359E1,4.414973E1
2.610942E0,2.121453E1,3.963794E1
2.615113E0,1.792706E1,3.434558E1
2.619283E0,1.364414E1,2.855563E1
2.623454E0,9.656710E0,2.216796E1
2.627625E0,2.640641E0,1.472039E1
2.631796E0,-3.475303E0,7.534252E0
2.635967E0,-9.352804E0,1.264850E0
2.640137E0,-1.653045E1,-5.228241E0
2.644308E0,-2.158763E1,-1.051770E1
2.648479E0,-2.625598E1,-1.532137E1
2.652650E0,-2.989752E1,-1.890163E1
2.656821E0,-3.303149E1,-2.203298E1
2.660992E0,-3.580125E1,-2.448295E1
2.665163E0,-3.772617E1,-2.615948E1
2.669333E0,-3.875068E1,-2.712988E1
2.673504E0,-3.857647E1,-2.753002E1
2.677675E0,-3.775734E1,-2.699379E1
2.681846E0,-3.678680E1,-2.561695E1
2.686017E0,-3.453676E1,-2.346198E1
2.690187E0,-3.210535E1,-2.093424E1
2.694358E0,-2.880687E1,-1.720928E1
2.698529E0,-2.401010E1,-1.302862E1
2.702700E0,-2.011051E1,-8.510727E0
2.706871E0,-1.386978E1,-2.978238E0
2.711042E0,-8.495599E0,3.481834E0
2.715213E0,-6.384137E-1,1.065851E1
2.719383E0,5.037267E0,1.756312E1
2.723554E0,1.052594E1,2.425035E1
2.727725E0,1.543887E1,3.033229E1
2.731896E0,1.872207E1,3.543445E1
2.736067E0,2.323574E1,4.033644E1
2.740238E0,2.548477E1,4.382945E1
2.744408E0,2.878318E1,4.705613E1
2.748579E0,3.049297E1,4.929503E1
2.752750E0,3.134285E1,5.077560E1
2.756921E0,3.185194E1,5.115695E1
2.761092E0,3.159927E1,5.084023E1
2.765262E0,3.031773E1,4.967730E1
2.769433E0,2.930997E1,4.747887E1
2.773604E0,2.635556E1,4.490660E1
2.777775E0,2.478436E1,4.104058E1
2.781946E0,2.039273E1,3.679762E1
2.786117E0,1.648854E1,3.155038E1
2.790287E0,1.097639E1,2.555495E1
2.794458E0,6.859585E0,1.923523E1
2.798629E0,-4.943059E-1,1.163206E1
2.802800E0,-5.772840E0,5.427553E0
2.806971E0,-1.214435E1,-1.283349E0
2.811142E0,-1.743954E1,-6.650909E0
2.815313E0,-2.215033E1,-1.102693E1
2.819483E0,-2.692283E1,-1.572862E1
2.823654E0,-3.046688E1,-1.895152E1
2.827825E0,-3.303983E1,-2.167235E1
2.831996E0,-3.507435E1,-2.350650E1
2.836167E0,-3.628546E1,-2.499561E1
2.840337E0,-3.725096E1,-2.538957E1
2.844508E0,-3.697460E1,-2.522767E1
2.848679E0,-3.568335E1,-2.435693E1
2.852850E0,-3.411183E1,-2.302193E1
2.857021E0,-3.157141E1,-2.043475E1
2.861192E0,-2.853998E1,-1.752625E1
2.865363E0,-2.457327E1,-1.361761E1
2.869533E0,-2.013086E1,-9.005346E0
2.873704E0,-1.421777E1,-3.617814E0
2.877875E0,-8.729986E0,2.470199E0
2.882046E0,-2.706178E0,8.740473E0
2.886217E0,3.392728E0,1.564000E1
2.890387E0,9.657373E0,2.223051E1
2.894558E0,1.381402E1,2.843912E1
2.898729E0,1.687429E1,3.361301E1
2.902900E0,2.075361E1,3.832403E1
2.907071E0,2.358112E1,4.242023E1
2.911242E0,2.600545E1,4.530403E1
2.915412E0,2.697757E1,4.758253E1
2.919583E0,2.829206E1,4.907696E1
2.923754E0,2.878727E1,4.961339E1
2.927925E0,2.856443E1,4.939666E1
2.932096E0,2.771057E1,4.822173E1
2.936267E0,2.636109E1,4.653247E1
2.940437E0,2.433485E1,4.369436E1
2.944608E0,2.212460E1,4.003703E1
2.948779E0,1.823838E1,3.557517E1
2.952950E0,1.461133E1,3.047620E1
2.957121E0,9.160979E0,2.411701E1
2.961292E0,4.933555E0,1.817960E1
2.965463E0,-9.416216E-1,1.105025E1
2.969633E0,-7.366825E0,4.644311E0
2.973804E0,-1.336449E1,-1.377412E0
2.977975E0,-1.953118E1,-7.193637E0
2.982146E0,-2.275451E1,-1.136729E1
2.986317E0,-2.657299E1,-1.550896E1
2.990487E0,-2.974910E1,-1.871145E1
2.994658E0,-3.244541E1,-2.145275E1
2.998829E0,-3.382470E1,-2.299759E1
3.003000E0,-3.445368E1,-2.379507E1
3.007171E0,-3.460837E1,-2.402230E1
3.011342E0,-3.421880E1,-2.359054E1
3.015512E0,-3.333510E1,-2.252901E1
3.019683E0,-3.131546E1,-2.055789E1
3.023854E0,-2.842924E1,-1.783730E1
3.028025E0,-2.568124E1,-1.437968E1
3.032196E0,-2.159040E1,-1.028310E1
3.036367E0,-1.663729E1,-5.646675E0
3.040538E0,-1.065089E1,3.476364E-1
3.044708E0,-5.245547E0,6.170882E0
3.048879E0,1.107123E0,1.307876E1
3.053050E0,5.752158E0,1.961924E1
3.057221E0,9.736118E0,2.564501E1
3.061392E0,1.423216E1,3.127474E1
3.065562E0,1.809914E1,3.622021E1
3.069733E0,2.116931E1,4.023851E1
3.073904E0,2.340412E1,4.352835E1
3.078075E0,2.545894E1,4.613727E1
3.082246E0,2.623096E1,4.759302E1
3.086417E0,2.702779E1,4.849395E1
3.090588E0,2.724051E1,4.814338E1
3.094758E0,2.653797E1,4.724262E1
3.098929E0,2.532314E1,4.545774E1
3.103100E0,2.342255E1,4.278233E1
3.107271E0,2.112079E1,3.911022E1
3.111442E0,1.829655E1,3.533723E1
3.115613E0,1.443029E1,3.027717E1
3.119783E0,1.014455E1,2.421825E1
3.123954E0,5.852576E0,1.808532E1
3.128125E0,-1.714267E-1,1.154430E1
3.132296E0,-5.720435E0,5.326194E0
3.136467E0,-1.161610E1,-6.900418E-1
3.140637E0,-1.680258E1,-5.621568E0
3.144808E0,-2.219911E1,-1.072932E1
3.148979E0,-2.498677E1,-1.402598E1
3.153150E0,-2.786699E1,-1.704454E1
3.157321E0,-3.107426E1,-1.937746E1
3.161492E0,-3.235084E1,-2.107219E1
3.165662E0,-3.322640E1,-2.158088E1
3.169833E0,-3.348239E1,-2.155266E1
3.174004E0,-3.252933E1,-2.106019E1
3.178175E0,-3.136649E1,-1.966597E1
3.182346E0,-2.913824E1,-1.763580E1
3.186517E0,-2.644525E1,-1.440574E1
3.190688E0,-2.346331E1,-1.134341E1
3.194858E0,-1.963490E1,-7.208285E0
3.199029E0,-1.416514E1,-2.605150E0
3.203200E0,-8.234597E0,3.147859E0
3.207371E0,-2.655300E0,9.494976E0
3.211542E0,2.670947E0,1.577714E1
3.215712E0,8.638586E0,2.212420E1
3.219883E0,1.111077E1,2.750641E1
3.224054E0,1.440699E1,3.261137E1
3.228225E0,1.774687E1,3.666374E1
3.232396E0,2.116446E1,4.020444E1
3.236567E0,2.341335E1,4.314440E1
3.240738E0,2.515588E1,4.508493E1
3.244908E0,2.585870E1,4.621446E1
3.249079E0,2.573943E1,4.643627E1
3.253250E0,2.571773E1,4.602813E1
3.257421E0,2.468552E1,4.447459E1
3.261592E0,2.305032E1,4.220674E1
3.265763E0,2.060888E1,3.916382E1
3.269933E0,1.832482E1,3.549939E1
3.274104E0,1.426251E1,3.069506E1
3.278275E0,1.087585E1,2.526789E1
3.282446E0,6.165240E0,1.927166E1
3.286617E0,1.486709E0,1.307259E1
3.290787E0,-5.204247E0,6.680167E0
3.294958E0,-1.172459E1,7.853499E-1
3.299129E0,-1.596229E1,-3.996895E0
3.303300E0,-2.125523E1,-8.290453E0
3.307471E0,-2.540595E1,-1.227946E1
3.311642E0,-2.724997E1,-1.473638E1
3.315812E0,-2.992816E1,-1.740830E1
3.319983E0,-3.172744E1,-1.859723E1
3.324154E0,-3.239449E1,-1.970271E1
3.328325E0,-3.262627E1,-1.968397E1
3.332496E0,-3.224858E1,-1.912586E1
3.336667E0,-3.076594E1,-1.776628E1
3.340838E0,-2.866612E1,-1.586996E1
3.345008E0,-2.587216E1,-1.330938E1
3.349179E0,-2.245485E1,-9.780534E0
3.353350E0,-1.818681E1,-5.720257E0
3.357521E0,-1.385189E1,-1.394042E0
3.361692E0,-7.838773E0,4.346600E0
3.365862E0,-2.116268E0,1.039148E1
3.370033E0,3.109406E0,1.650258E1
3.374204E0,7.677353E0,2.237764E1
3.378375E0,1.301211E1,2.804484E1
3.382546E0,1.538968E1,3.260811E1
3.386717E0,1.865598E1,3.640209E1
3.390888E0,2.085679E1,3.938052E1
3.395058E0,2.311177E1,4.208971E1
3.399229E0,2.361286E1,4.363306E1
3.403400E0,2.456535E1,4.432679E1
3.407571E0,2.462054E1,4.437594E1
3.411742E0,2.390633E1,4.331282E1
3.415913E0,2.243247E1,4.166223E1
3.420083E0,2.046173E1,3.889087E1
3.424254E0,1.789144E1,3.544687E1
3.428425E0,1.514626E1,3.118529E1
3.432596E0,1.063788E1,2.656486E1
3.436767E0,6.914921E0,2.122235E1
3.440937E0,2.187728E0,1.541943E1
3.445108E0,-3.344612E0,9.331491E0
3.449279E0,-9.297308E0,3.591640E0
3.453450E0,-1.442663E1,-1.581949E0
3.457621E0,-1.904493E1,-5.898247E0
3.461792E0,-2.353853E1,-9.625601E0
3.465963E0,-2.654320E1,-1.265409E1
3.470133E0,-2.860628E1,-1.466970E1
3.474304E0,-3.052288E1,-1.643883E1
3.478475E0,-3.138202E1,-1.777226E1
3.482646E0,-3.129583E1,-1.795677E1
3.486817E0,-3.153292E1,-1.736647E1
3.490988E0,-2.971490E1,-1.604970E1
3.495158E0,-2.812573E1,-1.449680E1
3.499329E0,-2.510331E1,-1.196368E1
3.503500E0,-2.221438E1,-8.518966E0
3.507671E0,-1.855178E1,-5.155360E0
3.511842E0,-1.360224E1,-4.802167E-1
3.516013E0,-7.260043E0,4.796289E0
3.520183E0,-1.994758E0,1.032107E1
3.524354E0,3.229087E0,1.670292E1
3.528525E0,8.056473E0,2.211987E1
3.532696E0,1.222235E1,2.740630E1
3.536867E0,1.497164E1,3.142753E1
3.541037E0,1.787943E1,3.534722E1
3.545208E0,2.031881E1,3.838183E1
3.549379E0,2.184373E1,4.051972E1
3.553550E0,2.349098E1,4.206897E1
3.557721E0,2.336304E1,4.263600E1
3.561892E0,2.371414E1,4.234723E1
3.566063E0,2.281846E1,4.142644E1
3.570233E0,2.154552E1,3.951272E1
3.574404E0,1.935932E1,3.667133E1
3.578575E0,1.721512E1,3.330612E1
3.582746E0,1.385371E1,2.926290E1
3.586917E0,9.825823E0,2.433627E1
3.591087E0,5.948740E0,1.904603E1
3.595258E0,1.090148E0,1.311162E1
3.599429E0,-4.946642E0,7.376312E0
3.603600E0,-1.027287E1,2.389797E0
3.607771E0,-1.599373E1,-2.592012E0
3.611942E0,-2.069217E1,-6.408843E0
3.616113E0,-2.389313E1,-9.778299E0
3.620283E0,-2.659005E1,-1.210152E1
3.624454E0,-2.837099E1,-1.436315E1
3.628625E0,-3.000884E1,-1.583333E1
3.632796E0,-3.087523E1,-1.640529E1
3.636967E0,-3.075634E1,-1.632077E1
3.641138E0,-2.991794E1,-1.533369E1
3.645308E0,-2.796075E1,-1.400248E1
3.649479E0,-2.600890E1,-1.154271E1
3.653650E0,-2.310787E1,-9.024204E0
3.657821E0,-1.967416E1,-5.164618E0
3.661992E0,-1.433911E1,-9.681908E-1
3.666162E0,-9.578664E0,3.763321E0
3.670333E0,-3.491571E0,9.336685E0
3.674504E0,2.216040E0,1.534932E1
3.678675E0,6.119105E0,2.039418E1
3.682846E0,9.794588E0,2.539714E1
3.687017E0,1.280401E1,2.972242E1
3.691187E0,1.617941E1,3.381659E1
3.695358E0,1.827411E1,3.661502E1
3.699529E0,2.013082E1,3.848716E1
3.703700E0,2.071947E1,3.960712E1
3.707871E0,2.159300E1,4.047038E1
3.712042E0,2.167408E1,4.035909E1
3.716213E0,2.106373E1,3.923871E1
3.720383E0,1.939202E1,3.743832E1
3.724554E0,1.705660E1,3.454117E1
3.728725E0,1.482833E1,3.118204E1
3.732896E0,1.165087E1,2.728921E1
3.737067E0,7.113692E0,2.226600E1
3.741237E0,3.528821E0,1.737611E1
3.745408E0,-2.264287E0,1.150938E1
3.749579E0,-6.647071E0,6.336145E0
3.753750E0,-1.231223E1,1.420598E0
3.757921E0,-1.666277E1,-2.825839E0
3.762092E0,-2.088974E1,-6.603645E0
3.766263E0,-2.421019E1,-9.507163E0
3.770433E0,-2.713352E1,-1.232421E1
3.774604E0,-2.853488E1,-1.349237E1
3.778775E0,-2.951957E1,-1.451087E1
3.782946E0,-2.951482E1,-1.467840E1
3.787117E0,-2.919236E1,-1.426792E1
3.791287E0,-2.790270E1,-1.350306E1
3.795458E0,-2.594721E1,-1.145314E1
3.799629E0,-2.328960E1,-8.918655E0
3.803800E0,-2.003161E1,-5.913205E0
3.807971E0,-1.620080E1,-2.195685E0
3.812142E0,-1.109229E1,2.427857E0
3.816312E0,-5.802949E0,7.313506E0
3.820483E0,-9.296722E-1,1.244391E1
3.824654E0,4.557675E0,1.845616E1
3.828825E0,8.520358E0,2.349287E1
3.832996E0,1.075664E1,2.762776E1
3.837167E0,1.444456E1,3.149541E1
3.841338E0,1.647116E1,3.456059E1
3.845508E0,1.761612E1,3.670430E1
3.849679E0,1.850303E1,3.779203E1
3.853850E0,1.951836E1,3.861824E1
3.858021E0,2.016235E1,3.825171E1
3.862192E0,1.891521E1,3.746418E1
3.866363E0,1.818501E1,3.613172E1
3.870533E0,1.588377E1,3.359995E1
3.874704E0,1.370883E1,3.034856E1
3.878875E0,1.050493E1,2.644189E1
3.883046E0,6.482739E0,2.181351E1
3.887217E0,3.266420E0,1.729231E1
3.891388E0,-2.213802E0,1.146006E1
3.895558E0,-8.173080E0,5.610033E0
3.899729E0,-1.238161E1,1.348773E0
3.903900E0,-1.631143E1,-2.666739E0
3.908071E0,-2.029789E1,-5.895017E0
3.912242E0,-2.330680E1,-8.697023E0
3.916412E0,-2.576980E1,-1.044905E1
3.920583E0,-2.719464E1,-1.230277E1
3.924754E0,-2.893391E1,-1.350738E1
3.928925E0,-2.848586E1,-1.314898E1
3.933096E0,-2.785283E1,-1.291205E1
3.937267E0,-2.649214E1,-1.135921E1
3.941438E0,-2.479337E1,-9.553300E0
3.945608E0,-2.122173E1,-6.909655E0
3.949779E0,-1.769768E1,-3.618656E0
3.953950E0,-1.344255E1,3.445532E-1
3.958121E0,-9.169609E0,4.499917E0
3.962292E0,-3.497314E0,9.643801E0
3.966463E0,1.927321E0,1.514805E1
3.970633E0,5.863303E0,2.011358E1
3.974804E0,7.714511E0,2.462682E1
3.978975E0,1.165072E1,2.850584E1
3.983146E0,1.379060E1,3.158354E1
3.987317E0,1.608796E1,3.427851E1
3.991488E0,1.769837E1,3.628494E1
3.995658E0,1.878086E1,3.728692E1
3.999829E0,1.848808E1,3.731620E1
4.004000E0,1.764103E1,3.673371E1
4.008171E0,1.733153E1,3.541892E1
4.012342E0,1.567895E1,3.338823E1
4.016513E0,1.344317E1,3.044341E1
4.020683E0,1.026147E1,2.663908E1
4.024854E0,7.580394E0,2.254412E1
4.029025E0,3.638742E0,1.762514E1
4.033196E0,-1.368475E0,1.237733E1
4.037367E0,-5.631917E0,7.410237E0
4.041537E0,-1.037653E1,3.075973E0
4.045708E0,-1.490730E1,-1.011762E0
4.049879E0,-1.911535E1,-4.573969E0
4.054050E0,-2.180436E1,-6.808604E0
4.058221E0,-2.361199E1,-8.817717E0
4.062392E0,-2.563368E1,-1.037567E1
4.066562E0,-2.609054E1,-1.099784E1
4.070733E0,-2.582323E1,-1.095143E1
4.074904E0,-2.569594E1,-1.037282E1
4.079075E0,-2.419932E1,-9.468043E0
4.083246E0,-2.216814E1,-7.208756E0
4.087417E0,-1.936768E1,-4.822178E0
4.091588E0,-1.566738E1,-1.876597E0
4.095758E0,-1.144855E1,2.241686E0
4.099929E0,-6.539655E0,6.736581E0
4.104100E0,-1.778553E0,1.159723E1
4.108271E0,2.536180E0,1.675549E1
4.112442E0,6.519620E0,2.158820E1
4.116613E0,9.580323E0,2.559713E1
4.120783E0,1.315422E1,2.924149E1
4.124954E0,1.529588E1,3.218925E1
4.129125E0,1.653668E1,3.437769E1
4.133296E0,1.723304E1,3.570736E1
4.137467E0,1.864286E1,3.625115E1
4.141637E0,1.851023E1,3.615782E1
4.145808E0,1.776303E1,3.536842E1
4.149979E0,1.657263E1,3.362339E1
4.154150E0,1.446467E1,3.113070E1
4.158321E0,1.232629E1,2.824220E1
4.162492E0,8.713311E0,2.386539E1
4.166663E0,5.054238E0,1.963706E1
4.170833E0,9.995283E-1,1.440897E1
4.175004E0,-3.885453E0,9.519476E0
4.179175E0,-8.904199E0,4.496303E0
4.183346E0,-1.262078E1,1.115045E0
4.187517E0,-1.691558E1,-2.512143E0
4.191687E0,-2.014244E1,-5.538137E0
4.195858E0,-2.283241E1,-7.903684E0
4.200029E0,-2.438617E1,-9.171045E0
4.204200E0,-2.511615E1,-1.004976E1
4.208371E0,-2.548660E1,-1.010197E1
4.212542E0,-2.501729E1,-9.834343E0
4.216712E0,-2.307295E1,-8.454649E0
4.220883E0,-2.133443E1,-6.564406E0
4.225054E0,-1.827615E1,-4.032989E0
4.229225E0,-1.506770E1,-1.042383E0
4.233396E0,-1.153247E1,2.899867E0
4.237567E0,-6.660835E0,7.159679E0
4.241738E0,-1.289057E0,1.208365E1
4.245908E0,3.107319E0,1.695295E1
4.250079E0,6.288151E0,2.160696E1
4.254250E0,9.028714E0,2.546247E1
4.258421E0,1.092396E1,2.869056E1
4.262592E0,1.312978E1,3.146243E1
4.266762E0,1.465922E1,3.327485E1
4.270933E0,1.589581E1,3.445513E1
4.275104E0,1.620860E1,3.515380E1
4.279275E0,1.570206E1,3.460557E1
4.283446E0,1.490213E1,3.346627E1
4.287617E0,1.332813E1,3.151240E1
4.291788E0,1.128584E1,2.867632E1
4.295958E0,8.852706E0,2.559082E1
4.300129E0,5.813510E0,2.148128E1
4.304300E0,1.462934E0,1.675948E1
4.308471E0,-3.027270E0,1.151810E1
4.312642E0,-6.574703E0,7.303580E0
4.316813E0,-1.226005E1,2.625217E0
4.320983E0,-1.515598E1,-6.820967E-1
4.325154E0,-1.837956E1,-3.659933E0
4.329325E0,-2.140110E1,-6.202779E0
4.333496E0,-2.272377E1,-7.726333E0
4.337667E0,-2.407461E1,-9.353617E0
4.341837E0,-2.408157E1,-9.657079E0
4.346008E0,-2.404647E1,-9.212738E0
4.350179E0,-2.261231E1,-7.921863E0
4.354350E0,-2.083672E1,-6.719108E0
4.358521E0,-1.844546E1,-4.249793E0
4.362692E0,-1.543059E1,-1.446923E0
4.366862E0,-1.150943E1,2.494582E0
4.371033E0,-7.448603E0,6.555599E0
4.375204E0,-1.594732E0,1.131863E1
4.379375E0,2.103348E0,1.620952E1
4.383546E0,4.083091E0,2.041613E1
4.387717E0,7.562068E0,2.442648E1
4.391888E0,9.326338E0,2.780445E1
4.396058E0,1.216427E1,3.037337E1
4.400229E0,1.357755E1,3.238962E1
4.404400E0,1.401600E1,3.354143E1
4.408571E0,1.380599E1,3.365864E1
4.412742E0,1.383871E1,3.317691E1
4.416913E0,1.215807E1,3.153951E1
4.421083E0,1.052644E1,2.976420E1
4.425254E0,9.177759E0,2.735138E1
4.429425E0,6.039134E0,2.336210E1
4.433596E0,2.843260E0,1.951312E1
4.437767E0,-6.486179E-1,1.474567E1
4.441937E0,-5.305183E0,9.508121E0
4.446108E0,-8.887429E0,5.141141E0
4.450279E0,-1.266795E1,1.504227E0
4.454450E0,-1.654403E1,-2.164521E0
4.458621E0,-1.866647E1,-4.443177E0
4.462792E0,-2.038219E1,-6.660893E0
4.466962E0,-2.229905E1,-8.160112E0
4.471133E0,-2.249192E1,-8.733788E0
4.475304E0,-2.271126E1,-8.716617E0
4.479475E0,-2.145667E1,-8.030506E0
4.483646E0,-2.003062E1,-6.607443E0
4.487817E0,-1.799335E1,-4.651425E0
4.491988E0,-1.488923E1,-1.898128E0
4.496158E0,-1.224086E1,1.493146E0
4.500329E0,-7.910991E0,5.142963E0
4.504500E0,-3.387283E0,1.023721E1
4.508671E0,1.939544E-1,1.534199E1
4.512842E0,2.717729E0,1.967750E1
4.517012E0,5.667902E0,2.349513E1
4.521183E0,8.940557E0,2.715262E1
4.525354E0,1.030346E1,2.977610E1
4.529525E0,1.152062E1,3.155456E1
4.533696E0,1.177967E1,3.263475E1
4.537867E0,1.187395E1,3.272459E1
4.542038E0,1.170926E1,3.241678E1
4.546208E0,1.094372E1,3.111213E1
4.550379E0,9.462372E0,2.938355E1
4.554550E0,8.009895E0,2.620962E1
4.558721E0,4.836071E0,2.251325E1
4.562892E0,2.502711E0,1.842623E1
4.567062E0,-5.857100E-1,1.410494E1
4.571233E0,-5.019891E0,9.238457E0
4.575404E0,-8.213353E0,5.045724E0
4.579575E0,-1.286757E1,5.695825E-1
4.583746E0,-1.544768E1,-2.333385E0
4.587917E0,-1.729228E1,-4.685222E0
4.592087E0,-1.914389E1,-6.562283E0
4.596258E0,-2.010680E1,-7.522455E0
4.600429E0,-2.027834E1,-8.079631E0
4.604600E0,-1.991911E1,-7.705723E0
4.608771E0,-1.863496E1,-6.490330E0
4.612942E0,-1.717624E1,-5.120134E0
4.617113E0,-1.484964E1,-2.976867E0
4.621283E0,-1.179920E1,3.916654E-1
4.625454E0,-7.973871E0,4.061214E0
4.629625E0,-4.883174E0,8.257223E0
4.633796E0,-1.542908E0,1.337043E1
4.637967E0,2.136050E0,1.825695E1
4.642137E0,4.106560E0,2.238214E1
4.646308E0,6.891177E0,2.602238E1
4.650479E0,7.330125E0,2.885732E1
4.654650E0,8.821433E0,3.067648E1
4.658821E0,9.934503E0,3.207701E1
4.662992E0,9.690809E0,3.267930E1
4.667163E0,9.702007E0,3.228486E1
4.671333E0,9.290938E0,3.105583E1
4.675504E0,8.351855E0,2.901604E1
4.679675E0,6.381480E0,2.624436E1
4.683846E0,4.865663E0,2.308479E1
4.688017E0,1.885863E0,1.844810E1
4.692188E0,-7.501304E-1,1.416317E1
4.696358E0,-5.124179E0,8.519072E0
4.700529E0,-8.351053E0,4.381594E0
4.704700E0,-1.174078E1,7.023598E-1
4.708871E0,-1.403249E1,-2.255248E0
4.713042E0,-1.544322E1,-4.845095E0
4.717212E0,-1.729878E1,-6.434252E0
4.721383E0,-1.729226E1,-6.916159E0
4.725554E0,-1.788213E1,-7.445750E0
4.729725E0,-1.727088E1,-6.639684E0
4.733896E0,-1.595356E1,-5.693200E0
4.738067E0,-1.441265E1,-3.530721E0
4.742237E0,-1.222670E1,-1.230221E0
4.746408E0,-8.657432E0,2.290131E0
4.750579E0,-5.788483E0,6.460242E0
4.754750E0,-2.080461E0,1.120959E1
4.758921E0,1.164000E0,1.613529E1
4.763092E0,2.940019E0,2.045103E1
4.767263E0,4.446051E0,2.460673E1
4.771433E0,6.459516E0,2.724273E1
4.775604E0,7.287106E0,2.985346E1
4.779775E0,8.032833E0,3.112879E1
4.783946E0,7.726530E0,3.168768E1
4.788117E0,8.110475E0,3.139727E1
4.792288E0,7.492483E0,3.036316E1
4.796458E0,6.554928E0,2.863811E1
4.800629E0,5.470706E0,2.612802E1
4.804800E0,3.510725E0,2.254463E1
4.808971E0,1.635423E0,1.823296E1
4.813142E0,-1.005206E0,1.360489E1
4.817312E0,-4.539871E0,8.753382E0
4.821483E0,-7.431783E0,4.543394E0
4.825654E0,-1.042240E1,8.901585E-1
4.829825E0,-1.242802E1,-1.901110E0
4.833996E0,-1.425799E1,-3.900603E0
4.838167E0,-1.552736E1,-5.414687E0
4.842337E0,-1.612183E1,-6.254096E0
4.846508E0,-1.630781E1,-6.540775E0
4.850679E0,-1.536645E1,-5.686541E0
4.854850E0,-1.457660E1,-4.389681E0
4.859021E0,-1.259725E1,-2.241437E0
4.863192E0,-1.043170E1,4.687698E-1
4.867363E0,-7.695854E0,3.649574E0
4.871533E0,-4.512139E0,8.041171E0
4.875704E0,-1.613494E0,1.259867E1
4.879875E0,1.179411E0,1.723664E1
4.884046E0,3.241316E0,2.153125E1
4.888217E0,4.504365E0,2.476204E1
4.892387E0,6.325721E0,2.737736E1
4.896558E0,7.731132E0,2.913887E1
4.900729E0,8.403605E0,3.027080E1
4.904900E0,8.428113E0,3.047830E1
4.909071E0,8.324650E0,3.004278E1
4.913242E0,7.469904E0,2.851597E1
4.917413E0,6.787618E0,2.616686E1
4.921583E0,4.609213E0,2.288960E1
4.925754E0,3.046505E0,1.900661E1
4.929925E0,7.408919E-1,1.502393E1
4.934096E0,-2.537022E0,1.052772E1
4.938267E0,-5.553138E0,6.347388E0
4.942437E0,-8.478418E0,2.740086E0
4.946608E0,-1.120360E1,-2.947375E-1
4.950779E0,-1.280653E1,-2.552260E0
4.954950E0,-1.399759E1,-3.892734E0
4.959121E0,-1.511443E1,-4.564017E0
4.963292E0,-1.486634E1,-4.795965E0
4.967462E0,-1.458592E1,-4.083145E0
4.971633E0,-1.329675E1,-2.524102E0
4.975804E0,-1.170829E1,-5.365722E-1
4.979975E0,-9.168139E0,2.026753E0
4.984146E0,-6.693535E0,5.639910E0
4.988317E0,-3.000610E0,9.285044E0
4.992488E0,-1.128143E0,1.378132E1
4.996658E0,8.672270E-1,1.767159E1
5.000829E0,3.180725E0,2.145670E1
5.005000E0,5.163582E0,2.454543E1
5.009171E0,5.953294E0,2.669417E1
5.013342E0,7.070022E0,2.804690E1
5.017512E0,6.914808E0,2.877110E1
5.021683E0,6.815940E0,2.849027E1
5.025854E0,6.240704E0,2.775603E1
5.030025E0,6.171444E0,2.596212E1
5.034196E0,4.178998E0,2.361792E1
5.038367E0,2.789214E0,2.030701E1
5.042538E0,3.141917E-1,1.665609E1
5.046708E0,-2.161778E0,1.232053E1
5.050879E0,-4.748988E0,8.357846E0
5.055050E0,-8.066761E0,4.620106E0
5.059221E0,-1.046278E1,1.516947E0
5.063392E0,-1.229411E1,-4.846583E-1
5.067563E0,-1.386512E1,-2.368623E0
5.071733E0,-1.490278E1,-3.612271E0
5.075904E0,-1.532210E1,-3.626242E0
5.080075E0,-1.452660E1,-3.017793E0
5.084246E0,-1.364504E1,-1.947516E0
5.088417E0,-1.198011E1,-2.707463E-1
5.092587E0,-9.755692E0,2.257720E0
5.096758E0,-6.777822E0,5.695168E0
5.100929E0,-4.065549E0,9.031739E0
5.105100E0,-1.578491E0,1.337706E1
5.109271E0,7.009429E-1,1.748451E1
5.113442E0,2.870819E0,2.102857E1
5.117612E0,3.573116E0,2.371577E1
5.121783E0,5.124224E0,2.595595E1
5.125954E0,5.669704E0,2.721450E1
5.130125E0,5.810699E0,2.765609E1
5.134296E0,5.925078E0,2.727351E1
5.138467E0,5.434175E0,2.644630E1
5.142638E0,4.771613E0,2.502222E1
5.146808E0,3.875534E0,2.211134E1
5.150979E0,1.860773E0,1.893549E1
5.155150E0,-4.586270E-1,1.570847E1
5.159321E0,-2.979098E0,1.097439E1
5.163492E0,-5.971958E0,7.487523E0
5.167663E0,-8.471591E0,4.384356E0
5.171833E0,-1.096449E1,1.588075E0
5.176004E0,-1.276312E1,-1.566064E-1
5.180175E0,-1.354111E1,-1.725546E0
5.184346E0,-1.415528E1,-2.101204E0
5.188517E0,-1.397624E1,-2.303887E0
5.192687E0,-1.340917E1,-1.633837E0
5.196858E0,-1.191888E1,-2.371828E-3
5.201029E0,-1.048540E1,2.251185E0
5.205200E0,-7.708886E0,5.121447E0
5.209371E0,-5.254383E0,8.730172E0
5.213542E0,-2.651930E0,1.279176E1
5.217712E0,-2.502625E-1,1.626929E1
5.221883E0,1.650835E0,1.954499E1
5.226054E0,3.255622E0,2.244113E1
5.230225E0,4.583820E0,2.460501E1
5.234396E0,5.608148E0,2.577602E1
5.238567E0,5.731885E0,2.641105E1
5.242738E0,5.973221E0,2.628310E1
5.246908E0,4.967325E0,2.522805E1
5.251079E0,4.036599E0,2.353897E1
5.255250E0,2.812736E0,2.111394E1
5.259421E0,6.458710E-1,1.779601E1
5.263592E0,-1.474707E0,1.443251E1
5.267762E0,-3.657777E0,1.055584E1
5.271933E0,-6.365481E0,6.818542E0
5.276104E0,-8.633067E0,4.172970E0
5.280275E0,-1.103263E1,1.623424E0
5.284446E0,-1.221167E1,1.716640E-1
5.288617E0,-1.279169E1,-8.033985E-1
5.292788E0,-1.329343E1,-7.884720E-1
5.296958E0,-1.319438E1,-6.872541E-1
5.301129E0,-1.204560E1,3.821207E-1
5.305300E0,-1.046010E1,2.268574E0
5.309471E0,-8.753059E0,4.561470E0
5.313642E0,-6.036293E0,7.384844E0
5.317812E0,-3.657894E0,1.113160E1
5.321983E0,-1.480783E0,1.460142E1
5.326154E0,7.145052E-1,1.777382E1
5.330325E0,2.342335E0,2.079235E1
5.334496E0,4.209280E0,2.304887E1
5.338667E0,4.901851E0,2.431822E1
5.342837E0,5.589593E0,2.512454E1
5.347008E0,5.646287E0,2.522972E1
5.351179E0,4.868039E0,2.435505E1
5.355350E0,4.234118E0,2.302425E1
5.359521E0,3.259323E0,2.069317E1
5.363692E0,1.693000E0,1.825977E1
5.367863E0,-2.443184E-1,1.505773E1
5.372033E0,-2.859591E0,1.164901E1
5.376204E0,-5.519585E0,8.029935E0
5.380375E0,-7.709790E0,5.440436E0
5.384546E0,-9.270948E0,3.324010E0
5.388717E0,-1.085111E1,1.494782E0
5.392887E0,-1.200695E1,7.978339E-1
5.397058E0,-1.209765E1,3.776023E-1
5.401229E0,-1.180030E1,7.956581E-1
5.405400E0,-1.091948E1,2.007889E0
5.409571E0,-9.321732E0,3.652436E0
5.413742E0,-7.352639E0,5.961169E0
5.417913E0,-4.977310E0,9.029087E0
5.422083E0,-2.803903E0,1.244484E1
5.426254E0,-4.947459E-1,1.614981E1
5.430425E0,1.671543E0,1.902097E1
5.434596E0,3.151802E0,2.147680E1
5.438767E0,4.080936E0,2.302817E1
5.442938E0,4.847058E0,2.402506E1
5.447108E0,4.901228E0,2.438878E1
5.451279E0,4.662291E0,2.419076E1
5.455450E0,4.355337E0,2.316041E1
5.459621E0,3.491853E0,2.133453E1
5.463792E0,1.973307E0,1.906803E1
5.467962E0,-4.893795E-2,1.609985E1
5.472133E0,-2.680634E0,1.281928E1
5.476304E0,-5.486439E0,9.652343E0
5.480475E0,-7.427210E0,6.669471E0
5.484646E0,-8.843690E0,4.456646E0
5.488817E0,-1.021904E1,3.015244E0
5.492987E0,-1.102072E1,2.092332E0
5.497158E0,-1.116603E1,1.986738E0
5.501329E0,-1.114555E1,2.462389E0
5.505500E0,-1.019169E1,3.272318E0
5.509671E0,-8.755301E0,5.086673E0
5.513842E0,-6.923615E0,7.310836E0
5.518013E0,-4.841226E0,1.014153E1
5.522183E0,-2.786328E0,1.362866E1
5.526354E0,-4.973591E-1,1.638934E1
5.530525E0,1.155794E0,1.902988E1
5.534696E0,3.164689E0,2.101610E1
5.538867E0,3.887008E0,2.294863E1
5.543038E0,4.087994E0,2.353734E1
5.547208E0,4.084711E0,2.332973E1
5.551379E0,3.882128E0,2.309456E1
5.555550E0,2.734716E0,2.166840E1
5.559721E0,1.526326E0,1.967125E1
5.563892E0,-4.397940E-1,1.725756E1
5.568062E0,-2.338578E0,1.429156E1
5.572233E0,-4.547655E0,1.159937E1
5.576404E0,-6.299438E0,8.656881E0
5.580575E0,-8.234106E0,6.274286E0
5.584746E0,-9.695313E0,4.537760E0
5.588917E0,-1.062657E1,3.592903E0
5.593087E0,-1.081393E1,3.142257E0
5.597258E0,-1.056774E1,3.308990E0
5.601429E0,-9.611665E0,4.037912E0
5.605600E0,-8.354006E0,5.651423E0
5.609771E0,-6.511659E0,7.690951E0
5.613942E0,-5.014025E0,1.024702E1
5.618113E0,-2.519932E0,1.313372E1
5.622283E0,-2.887046E-1,1.608401E1
5.626454E0,8.466136E-1,1.846582E1
5.630625E0,2.283486E0,2.034445E1
5.634796E0,3.560366E0,2.165901E1
5.638967E0,3.981831E0,2.226684E1
5.643137E0,4.083059E0,2.213494E1
5.647308E0,3.083251E0,2.166566E1
5.651479E0,1.675081E0,2.029367E1
5.655650E0,7.903709E-1,1.832016E1
5.659821E0,-6.616981E-2,1.604899E1
5.663992E0,-2.918496E0,1.329967E1
5.668163E0,-5.139270E0,1.048335E1
5.672333E0,-6.749742E0,8.219347E0
5.676504E0,-8.166988E0,6.127936E0
5.680675E0,-9.434485E0,4.830521E0
5.684846E0,-9.933252E0,4.108840E0
5.689017E0,-1.010204E1,4.037465E0
5.693187E0,-9.657624E0,4.779185E0
5.697358E0,-8.564038E0,5.705600E0
5.701529E0,-7.162593E0,7.696456E0
5.705700E0,-5.284494E0,1.005001E1
5.709871E0,-3.599163E0,1.277219E1
5.714042E0,-9.801693E-1,1.516453E1
5.718212E0,2.354146E-1,1.757849E1
5.722383E0,1.844872E0,1.920139E1
5.726554E0,2.802162E0,2.048645E1
5.730725E0,3.171862E0,2.094765E1
5.734896E0,2.771407E0,2.089033E1
5.739067E0,2.314040E0,2.038856E1
5.743238E0,1.304641E0,1.927470E1
5.747408E0,3.046527E-1,1.754101E1
5.751579E0,-1.376669E0,1.528847E1
5.755750E0,-3.190487E0,1.265232E1
5.759921E0,-5.252687E0,1.014121E1
5.764092E0,-7.123262E0,7.786046E0
5.768262E0,-7.948692E0,5.969602E0
5.772433E0,-9.132270E0,4.998296E0
5.776604E0,-9.560451E0,4.783502E0
5.780775E0,-9.205422E0,5.006187E0
5.784946E0,-8.413794E0,6.023825E0
5.789117E0,-7.322906E0,7.181384E0
5.793287E0,-5.736105E0,9.567047E0
5.797458E0,-3.685599E0,1.201178E1
5.801629E0,-2.123168E0,1.411992E1
5.805800E0,-3.412897E-1,1.644954E1
5.809971E0,9.309563E-1,1.835513E1
5.814142E0,2.150423E0,1.930459E1
5.818313E0,2.300617E0,2.029026E1
5.822483E0,3.049080E0,2.028261E1
5.826654E0,2.459868E0,2.005045E1
5.830825E0,1.727752E0,1.901276E1
5.834996E0,2.779601E-2,1.767602E1
5.839167E0,-1.366228E0,1.560278E1
5.843337E0,-2.968732E0,1.310366E1
5.847508E0,-5.294977E0,1.075342E1
5.851679E0,-6.295595E0,8.546508E0
5.855850E0,-7.139824E0,6.967284E0
5.860021E0,-8.035842E0,6.047778E0
5.864192E0,-8.668416E0,5.873395E0
5.868362E0,-8.210793E0,6.035832E0
5.872533E0,-7.884088E0,6.923134E0
5.876704E0,-6.614217E0,8.673203E0
5.880875E0,-5.380687E0,1.053372E1
5.885046E0,-3.617644E0,1.247410E1
5.889217E0,-1.822055E0,1.481587E1
5.893388E0,-6.686109E-2,1.650855E1
5.897558E0,1.465292E0,1.801594E1
5.901729E0,1.920598E0,1.879670E1
5.905900E0,1.939167E0,1.928018E1
5.910071E0,2.025140E0,1.919819E1
5.914242E0,1.134828E0,1.855584E1
5.918413E0,5.308327E-1,1.741683E1
5.922583E0,-4.036953E-1,1.592215E1
5.926754E0,-2.146948E0,1.424684E1
5.930925E0,-3.821430E0,1.215855E1
5.935096E0,-5.962097E0,9.762208E0
5.939267E0,-6.930624E0,8.367061E0
5.943437E0,-7.507874E0,7.246204E0
5.947608E0,-7.998565E0,6.676757E0
5.951779E0,-8.299614E0,6.728487E0
5.955950E0,-7.238761E0,7.118456E0
5.960121E0,-6.471847E0,8.595345E0
5.964292E0,-4.998170E0,1.041104E1
5.968462E0,-3.641350E0,1.237883E1
5.972633E0,-1.903119E0,1.414288E1
5.976804E0,-3.517557E-1,1.609448E1
5.980975E0,4.767435E-1,1.759168E1
5.985146E0,1.220351E0,1.800944E1
5.989317E0,1.580019E0,1.877201E1
5.993488E0,1.405468E0,1.838521E1
5.997658E0,1.435043E0,1.792469E1
6.001829E0,-5.120700E-2,1.661719E1
6.006000E0,-1.520091E0,1.517773E1
6.010171E0,-3.289259E0,1.364323E1
6.014342E0,-4.439200E0,1.161178E1
6.018512E0,-5.316657E0,9.636618E0
6.022683E0,-6.517996E0,8.213614E0
6.026854E0,-7.067965E0,7.259816E0
6.031025E0,-7.174179E0,7.142616E0
6.035196E0,-7.200068E0,7.383963E0
6.039367E0,-6.342166E0,8.705512E0
6.043538E0,-5.429446E0,9.700310E0
6.047708E0,-4.240889E0,1.146783E1
6.051879E0,-2.692232E0,1.340123E1
6.056050E0,-1.344821E0,1.483096E1
6.060221E0,5.001057E-3,1.611659E1
6.064392E0,7.375798E-1,1.714349E1
6.068562E0,6.622421E-1,1.766385E1
6.072733E0,6.717636E-1,1.759302E1
6.076904E0,7.685043E-1,1.709309E1
6.081075E0,-1.714414E-1,1.614276E1
6.085246E0,-1.219716E0,1.508985E1
6.089417E0,-2.645191E0,1.353202E1
6.093587E0,-4.197779E0,1.171544E1
6.097758E0,-5.198997E0,1.018604E1
6.101929E0,-5.877364E0,8.706033E0
6.106100E0,-6.687171E0,7.803438E0
6.110271E0,-7.309076E0,7.790051E0
6.114442E0,-7.077318E0,7.790728E0
6.118613E0,-6.360660E0,8.661839E0
6.122783E0,-5.541267E0,9.822788E0
6.126954E0,-4.461407E0,1.162840E1
6.131125E0,-2.763180E0,1.307133E1
6.135296E0,-1.761133E0,1.460744E1
6.139467E0,-3.822774E-1,1.567353E1
6.143637E0,3.690816E-1,1.641122E1
6.147808E0,6.596463E-1,1.669504E1
6.151979E0,6.047439E-1,1.645024E1
6.156150E0,3.316847E-2,1.602921E1
6.160321E0,-7.785076E-1,1.522084E1
6.164492E0,-1.992374E0,1.406094E1
6.168662E0,-3.065983E0,1.251607E1
6.172833E0,-4.186042E0,1.099881E1
6.177004E0,-5.218151E0,9.706711E0
6.181175E0,-6.227395E0,8.566633E0
6.185346E0,-6.423485E0,8.306275E0
6.189517E0,-6.416916E0,8.349925E0
6.193688E0,-6.243749E0,8.881817E0
6.197858E0,-5.355188E0,9.993927E0
6.202029E0,-4.300145E0,1.134295E1
6.206200E0,-3.223342E0,1.252427E1
6.210371E0,-1.984674E0,1.393275E1
6.214542E0,-1.009419E0,1.511738E1
6.218712E0,-6.223032E-1,1.581282E1
6.222883E0,2.488241E-2,1.600401E1
6.227054E0,-7.529135E-2,1.606100E1
6.231225E0,-4.056306E-1,1.591927E1
6.235396E0,-1.208497E0,1.513597E1
6.239567E0,-1.950535E0,1.420547E1
6.243737E0,-3.457961E0,1.279166E1
6.247908E0,-4.437844E0,1.163182E1
6.252079E0,-5.152880E0,1.056792E1
6.256250E0,-5.767239E0,9.484940E0
6.260421E0,-6.055753E0,8.903690E0
6.264592E0,-5.722363E0,9.010956E0
6.268763E0,-5.520082E0,9.551590E0
6.272933E0,-4.979903E0,1.047390E1
6.277104E0,-3.782234E0,1.167502E1
6.281275E0,-2.730559E0,1.297253E1
6.285446E0,-1.762215E0,1.422506E1
6.289617E0,-1.369765E0,1.484190E1
6.293788E0,-5.955230E-1,1.549094E1
6.297958E0,-3.058364E-1,1.548269E1
6.302129E0,-4.778502E-1,1.561652E1
6.306300E0,-6.151474E-1,1.505824E1
6.310471E0,-1.456559E0,1.447573E1
6.314642E0,-2.377479E0,1.333750E1
6.318812E0,-3.346279E0,1.211330E1
6.322983E0,-4.125064E0,1.128070E1
6.327154E0,-4.687107E0,1.036532E1
6.331325E0,-5.083100E0,9.634221E0
6.335496E0,-5.316911E0,9.481052E0
6.339667E0,-4.955655E0,9.764010E0
6.343837E0,-4.853653E0,1.052287E1
6.348008E0,-4.284625E0,1.160508E1
6.352179E0,-3.325701E0,1.262850E1
6.356350E0,-2.437883E0,1.371417E1
6.360521E0,-1.371013E0,1.421599E1
6.364692E0,-1.311652E0,1.472136E1
6.368863E0,-1.286028E0,1.478053E1
6.373033E0,-1.118319E0,1.448032E1
6.377204E0,-1.651164E0,1.449452E1
6.381375E0,-2.117811E0,1.374940E1
6.385546E0,-2.959519E0,1.276130E1
6.389717E0,-3.459492E0,1.149990E1
6.393887E0,-4.963153E0,1.080110E1
6.398058E0,-5.118597E0,9.749290E0
6.402229E0,-5.282300E0,9.383108E0
6.406400E0,-5.292204E0,9.367643E0
6.410571E0,-4.968002E0,9.651251E0
6.414742E0,-4.907254E0,1.045886E1
6.418913E0,-3.812127E0,1.147265E1
6.423083E0,-2.986321E0,1.236031E1
6.427254E0,-2.204301E0,1.294889E1
6.431425E0,-2.212563E0,1.395745E1
6.435596E0,-1.962456E0,1.412453E1
6.439767E0,-2.117446E0,1.429916E1
6.443937E0,-2.350878E0,1.407250E1
6.448108E0,-2.589591E0,1.345651E1
6.452279E0,-3.414171E0,1.290774E1
6.456450E0,-3.813750E0,1.180671E1
6.460621E0,-4.263158E0,1.096992E1
6.464792E0,-4.871970E0,1.038085E1
6.468963E0,-5.189557E0,1.010601E1
6.473133E0,-5.191631E0,1.021689E1
6.477304E0,-4.783325E0,1.068491E1
6.481475E0,-4.706266E0,1.134589E1
6.485646E0,-3.279068E0,1.199425E1
6.489817E0,-3.146577E0,1.277931E1
6.493988E0,-2.589003E0,1.343496E1
6.498158E0,-2.452361E0,1.372557E1
6.502329E0,-2.320447E0,1.409709E1
6.506500E0,-2.154762E0,1.401259E1
6.510671E0,-2.614122E0,1.372441E1
6.514842E0,-3.097526E0,1.281592E1
6.519012E0,-3.176050E0,1.196023E1
6.523183E0,-4.022199E0,1.136663E1
6.527354E0,-4.632384E0,1.113377E1
6.531525E0,-4.806437E0,1.090826E1
6.535696E0,-4.631388E0,1.071391E1
6.539867E0,-4.508444E0,1.069507E1
6.544037E0,-4.450471E0,1.143465E1
6.548208E0,-3.411871E0,1.222615E1
6.552379E0,-2.962371E0,1.259620E1
6.556550E0,-2.696769E0,1.295350E1
6.560721E0,-2.366738E0,1.376579E1
6.564892E0,-2.290822E0,1.349216E1
6.569063E0,-2.364730E0,1.322223E1
6.573233E0,-2.862443E0,1.293864E1
6.577404E0,-3.108402E0,1.257768E1
6.581575E0,-3.727300E0,1.178709E1
6.585746E0,-4.129144E0,1.134510E1
6.589917E0,-3.867275E0,1.097071E1
6.594088E0,-4.290926E0,1.117689E1
6.598258E0,-4.138205E0,1.123337E1
6.602429E0,-4.058396E0,1.142308E1
6.606600E0,-3.668410E0,1.230607E1
6.610771E0,-2.999649E0,1.256432E1
6.614942E0,-2.962669E0,1.305441E1
6.619112E0,-2.986503E0,1.312191E1
6.623283E0,-2.926361E0,1.334538E1
6.627454E0,-3.074195E0,1.316701E1
6.631625E0,-3.333146E0,1.298084E1
6.635796E0,-3.671893E0,1.275002E1
6.639967E0,-3.826401E0,1.198664E1
6.644138E0,-4.545000E0,1.180618E1
6.648308E0,-4.568203E0,1.145729E1
6.652479E0,-4.325201E0,1.141091E1
6.656650E0,-4.239524E0,1.153587E1
6.660821E0,-4.136364E0,1.189114E1
6.664992E0,-3.510540E0,1.232899E1
6.669163E0,-3.392792E0,1.249770E1
6.673333E0,-3.287593E0,1.283472E1
6.677504E0,-3.126903E0,1.275641E1
6.681675E0,-3.427781E0,1.284359E1
6.685846E0,-3.241542E0,1.233188E1
6.690017E0,-3.466165E0,1.207328E1
6.694187E0,-3.465725E0,1.194967E1
6.698358E0,-4.166199E0,1.171743E1
6.702529E0,-4.312886E0,1.162262E1
6.706700E0,-4.200453E0,1.157821E1
6.710871E0,-4.202999E0,1.176866E1
6.715042E0,-3.878382E0,1.169395E1
6.719213E0,-3.557829E0,1.197746E1
6.723383E0,-3.308199E0,1.243280E1
6.727554E0,-3.548448E0,1.249489E1
6.731725E0,-3.409016E0,1.241355E1
6.735896E0,-3.374066E0,1.251485E1
6.740067E0,-3.310712E0,1.213162E1
6.744238E0,-3.542025E0,1.194468E1
6.748408E0,-3.662836E0,1.207079E1
6.752579E0,-4.158796E0,1.177234E1
6.756750E0,-4.044960E0,1.179021E1
6.760921E0,-4.246616E0,1.170994E1
6.765092E0,-3.664420E0,1.198442E1
6.769262E0,-3.250951E0,1.218965E1
6.773433E0,-3.251504E0,1.233002E1
6.777604E0,-3.187228E0,1.257088E1
6.781775E0,-3.177830E0,1.235932E1
6.785946E0,-3.323422E0,1.246202E1
6.790117E0,-3.664869E0,1.234525E1
6.794288E0,-3.442677E0,1.231187E1
6.798458E0,-3.384161E0,1.202599E1
6.802629E0,-3.568745E0,1.213013E1
6.806800E0,-3.475436E0,1.216866E1
6.810971E0,-3.288102E0,1.229740E1
6.815142E0,-3.226831E0,1.233228E1
6.819312E0,-3.103631E0,1.234644E1
6.823483E0,-3.046250E0,1.247572E1
6.827654E0,-3.096200E0,1.251976E1
6.831825E0,-3.330652E0,1.259444E1
6.835996E0,-3.449135E0,1.270277E1
6.840167E0,-3.129178E0,1.226189E1
6.844338E0,-3.359482E0,1.225014E1
6.848508E0,-3.365667E0,1.243477E1
6.852679E0,-3.635409E0,1.239680E1
6.856850E0,-3.481060E0,1.220533E1
6.861021E0,-3.438339E0,1.219981E1
6.865192E0,-3.206158E0,1.253538E1
6.869363E0,-3.229336E0,1.229149E1
6.873533E0,-3.077834E0,1.254063E1
6.877704E0,-3.399479E0,1.236710E1
6.881875E0,-3.245228E0,1.234426E1
6.886046E0,-3.164522E0,1.240612E1
6.890217E0,-3.301985E0,1.225408E1
6.894387E0,-3.129831E0,1.232434E1
6.898558E0,-3.401627E0,1.199344E1
6.902729E0,-3.336427E0,1.209154E1
6.906900E0,-3.300780E0,1.233266E1
6.911071E0,-3.274472E0,1.229547E1
6.915242E0,-2.991170E0,1.236917E1
6.919412E0,-3.040392E0,1.253061E1
6.923583E0,-3.231808E0,1.237272E1
6.927754E0,-3.049025E0,1.234517E1
6.931925E0,-3.373304E0,1.226242E1
6.936096E0,-3.463884E0,1.224258E1
6.940267E0,-3.252429E0,1.230386E1
6.944438E0,-3.112096E0,1.202389E1
6.948608E0,-3.303025E0,1.208632E1
6.952779E0,-3.287463E0,1.225204E1
6.956950E0,-3.076750E0,1.223019E1
6.961121E0,-2.942963E0,1.215860E1
6.965292E0,-3.030251E0,1.219630E1
6.969463E0,-2.983598E0,1.226858E1
6.973633E0,-3.130923E0,1.220534E1
6.977804E0,-3.013618E0,1.207445E1
6.981975E0,-3.135837E0,1.203968E1
6.986146E0,-3.071956E0,1.219968E1
6.990317E0,-3.053209E0,1.223771E1
6.994487E0,-3.184241E0,1.202007E1
6.998658E0,-3.098422E0,1.218904E1
7.002829E0,-3.028178E0,1.199623E1
7.007000E0,-3.126238E0,1.211824E1
7.011171E0,-3.003131E0,1.209164E1
7.015342E0,-2.946559E0,1.215250E1
7.019512E0,-3.095819E0,1.204493E1
7.023683E0,-2.889141E0,1.206227E1
7.027854E0,-3.023977E0,1.195781E1
7.032025E0,-3.048891E0,1.193485E1
7.036196E0,-3.127828E0,1.199049E1
7.040367E0,-3.097349E0,1.203056E1
7.044538E0,-3.177753E0,1.181283E1
7.048708E0,-3.188781E0,1.162260E1
7.052879E0,-2.886663E0,1.165485E1
7.057050E0,-2.853041E0,1.132663E1
7.061221E0,-2.890869E0,1.134667E1
7.065392E0,-3.042116E0,1.122475E1
7.069562E0,-2.973537E0,1.118626E1
7.073733E0,-3.148811E0,1.108842E1
7.077904E0,-3.217494E0,1.121344E1
7.082075E0,-3.100616E0,1.086518E1
7.086246E0,-3.015516E0,1.073280E1
7.090417E0,-2.825979E0,1.054578E1
7.094588E0,-3.002388E0,1.044521E1
7.098758E0,-3.056873E0,1.042590E1
7.102929E0,-2.922706E0,1.041645E1
7.107100E0,-3.097848E0,1.034201E1
7.111271E0,-3.069189E0,1.013848E1
7.115442E0,-2.954538E0,1.038127E1
7.119613E0,-3.265268E0,1.018714E1
7.123783E0,-3.081372E0,1.012478E1
7.127954E0,-3.189092E0,1.024374E1
7.132125E0,-3.028469E0,9.933881E0
7.136296E0,-2.910754E0,1.026637E1
7.140467E0,-2.772762E0,1.007774E1
7.144637E0,-2.495025E0,9.897462E0
7.148808E0,-2.294997E0,9.752608E0
7.152979E0,-2.526842E0,9.474176E0
7.157150E0,-2.306147E0,9.503926E0
7.161321E0,-2.609793E0,9.363771E0
7.165492E0,-2.250206E0,9.431538E0
7.169663E0,-2.230187E0,9.246377E0
7.173833E0,-2.186675E0,9.415060E0
7.178004E0,-2.393479E0,9.493830E0
7.182175E0,-2.169823E0,9.376298E0
7.186346E0,-2.060889E0,9.084955E0
7.190517E0,-2.250441E0,9.326206E0
7.194687E0,-2.262417E0,9.132667E0
7.198858E0,-2.239336E0,9.254166E0
7.203029E0,-2.201761E0,9.180081E0
7.207200E0,-2.190568E0,9.284674E0
7.211371E0,-2.111296E0,9.037150E0
7.215542E0,-2.179185E0,9.258103E0
7.219713E0,-2.164438E0,9.405553E0
7.223883E0,-2.143012E0,9.046869E0
7.228054E0,-2.213341E0,9.009743E0
7.232225E0,-2.224566E0,9.123040E0
7.236396E0,-2.300294E0,9.101464E0
7.240567E0,-1.843973E0,9.201890E0
7.244738E0,-1.980130E0,9.416000E0
7.248908E0,-2.048043E0,9.200286E0
7.253079E0,-1.887532E0,9.220463E0
7.257250E0,-2.386648E0,9.248164E0
7.261421E0,-2.356981E0,9.406898E0
7.265592E0,-2.190025E0,9.239313E0
7.269762E0,-2.173831E0,9.307953E0
7.273933E0,-2.195867E0,9.498089E0
7.278104E0,-2.047698E0,9.143043E0
7.282275E0,-2.014895E0,9.292986E0
7.286446E0,-2.129952E0,9.234652E0
7.290617E0,-2.190940E0,9.433743E0
7.294787E0,-2.172102E0,9.355985E0
7.298958E0,-2.182883E0,9.125399E0
7.303129E0,-1.995310E0,9.093588E0
7.307300E0,-2.285705E0,9.077620E0
7.311471E0,-1.994435E0,9.239745E0
7.315642E0,-2.256506E0,9.007390E0
7.319813E0,-2.050339E0,9.138220E0
7.323983E0,-2.282444E0,9.172313E0
7.328154E0,-2.542925E0,9.136331E0
7.332325E0,-2.397709E0,9.158370E0
7.336496E0,-2.163829E0,9.063871E0
7.340667E0,-2.345349E0,9.084246E0
7.344838E0,-2.598695E0,9.264157E0
7.349008E0,-2.111542E0,9.344578E0
7.353179E0,-2.551373E0,9.058623E0
7.357350E0,-1.994957E0,9.244488E0
7.361521E0,-2.285226E0,9.302184E0
7.365692E0,-2.241113E0,9.185841E0
7.369862E0,-2.422271E0,9.141756E0
7.374033E0,-2.078248E0,9.338366E0
7.378204E0,-2.189792E0,9.273664E0
7.382375E0,-2.271183E0,9.321878E0
7.386546E0,-2.392360E0,9.255186E0
7.390717E0,-2.019186E0,9.447056E0
7.394887E0,-2.304010E0,9.450639E0
7.399058E0,-2.135004E0,9.495070E0
7.403229E0,-2.159761E0,9.627284E0
7.407400E0,-2.242466E0,9.356496E0
7.411571E0,-2.102230E0,9.292231E0
7.415742E0,-2.093398E0,9.430668E0
7.419913E0,-2.317352E0,9.556713E0
7.424083E0,-2.320092E0,9.500769E0
7.428254E0,-1.921803E0,9.443983E0
7.432425E0,-2.107367E0,9.315749E0
7.436596E0,-2.338992E0,9.275404E0
7.440767E0,-2.340051E0,9.222809E0
7.444937E0,-2.346380E0,9.244865E0
7.449108E0,-2.113897E0,9.449805E0
7.453279E0,-2.070074E0,9.295923E0
7.457450E0,-2.295430E0,9.164160E0
7.461621E0,-2.253924E0,9.215800E0
7.465792E0,-2.251028E0,9.168694E0
7.469963E0,-2.292871E0,9.312996E0
7.474133E0,-2.340018E0,9.228961E0
7.478304E0,-2.280361E0,9.156498E0
7.482475E0,-2.201849E0,9.371603E0
7.486646E0,-2.303466E0,9.073722E0
7.490817E0,-2.409678E0,9.168354E0
7.494988E0,-2.299438E0,9.022958E0
7.499158E0,-2.200939E0,9.106667E0
7.503329E0,-2.609323E0,9.072419E0
7.507500E0,-2.328662E0,9.228309E0
7.511671E0,-2.219859E0,9.482380E0
7.515842E0,-2.168850E0,9.363341E0
7.520012E0,-2.284087E0,9.142931E0
7.524183E0,-2.040532E0,9.206028E0
7.528354E0,-2.179885E0,9.455065E0
7.532525E0,-2.323560E0,9.232859E0
7.536696E0,-2.354134E0,9.128401E0
7.540867E0,-2.270160E0,9.364077E0
7.545038E0,-2.330921E0,9.094718E0
7.549208E0,-2.064037E0,9.347980E0
7.553379E0,-2.471594E0,9.077073E0
7.557550E0,-2.327143E0,9.326418E0
7.561721E0,-2.176847E0,9.124730E0
7.565892E0,-2.428686E0,9.378127E0
7.570062E0,-2.202753E0,9.486116E0
7.574233E0,-2.262121E0,9.440941E0
7.578404E0,-2.129570E0,9.356529E0
7.582575E0,-2.164709E0,9.408729E0
7.586746E0,-2.154169E0,9.386756E0
7.590917E0,-2.126759E0,9.282378E0
7.595088E0,-2.278641E0,9.186706E0
7.599258E0,-2.037387E0,9.328000E0
7.603429E0,-2.267585E0,9.324736E0
7.607600E0,-2.185290E0,9.137475E0
7.611771E0,-2.191706E0,9.111715E0
7.615942E0,-1.912731E0,9.353238E0
7.620113E0,-2.369040E0,9.108955E0
7.624283E0,-2.039852E0,9.438721E0
7.628454E0,-2.153204E0,9.285441E0
7.632625E0,-2.406793E0,9.080637E0
7.636796E0,-2.177864E0,9.303722E0
7.640967E0,-2.381384E0,9.222378E0
