,mass A,,
t,x,y,
0.000000E0,1.583689E2,7.117702E0
4.170833E-3,1.421920E2,7.970643E0
8.341667E-3,1.227249E2,9.273183E0
1.251250E-2,1.000513E2,9.318587E0
1.668333E-2,7.561803E1,8.128979E0
2.085417E-2,4.944017E1,6.761022E0
2.502500E-2,2.113470E1,4.549748E0
2.919583E-2,-5.873772E0,3.288619E0
3.336667E-2,-3.158089E1,8.643504E-1
3.753750E-2,-5.748828E1,-1.015157E0
4.170833E-2,-7.600803E1,-5.346097E0
4.587917E-2,-9.375573E1,-8.181940E0
5.005000E-2,-1.114559E2,-1.177906E1
5.422083E-2,-1.261034E2,-1.259840E1
5.839167E-2,-1.399106E2,-1.444696E1
6.256250E-2,-1.515963E2,-1.661864E1
6.673333E-2,-1.609082E2,-1.640634E1
7.090417E-2,-1.696275E2,-1.830243E1
7.507500E-2,-1.768741E2,-1.945648E1
7.924583E-2,-1.827299E2,-2.157189E1
8.341667E-2,-1.865238E2,-2.192655E1
8.758750E-2,-1.898586E2,-2.355084E1
9.175833E-2,-1.915643E2,-2.457012E1
9.592917E-2,-1.916882E2,-2.521548E1
1.001000E-1,-1.902374E2,-2.576291E1
1.042708E-1,-1.877607E2,-2.608465E1
1.084417E-1,-1.840435E2,-2.607139E1
1.126125E-1,-1.787076E2,-2.615704E1
1.167833E-1,-1.720563E2,-2.573166E1
1.209542E-1,-1.640510E2,-2.508027E1
1.251250E-1,-1.539906E2,-2.469672E1
1.292958E-1,-1.436943E2,-2.454600E1
1.334667E-1,-1.318090E2,-2.544597E1
1.376375E-1,-1.167070E2,-2.313356E1
1.418083E-1,-1.001295E2,-2.050567E1
1.459792E-1,-8.053542E1,-1.828658E1
1.501500E-1,-5.952766E1,-1.464220E1
1.543208E-1,-3.493347E1,-9.876584E0
1.584917E-1,-1.071139E1,-7.452477E0
1.626625E-1,1.511179E1,-2.184069E0
1.668333E-1,3.856842E1,4.033481E0
1.710042E-1,6.164397E1,9.933283E0
1.751750E-1,8.144566E1,1.648181E1
1.793458E-1,1.029569E2,2.033008E1
1.835167E-1,1.199902E2,2.501778E1
1.876875E-1,1.344196E2,2.892967E1
1.918583E-1,1.448125E2,3.234662E1
1.960292E-1,1.559107E2,3.550048E1
2.002000E-1,1.661710E2,3.887798E1
2.043708E-1,1.732576E2,4.094019E1
2.085417E-1,1.805724E2,4.148678E1
2.127125E-1,1.852547E2,4.469022E1
2.168833E-1,1.887876E2,4.562777E1
2.210542E-1,1.905650E2,4.783792E1
2.252250E-1,1.906276E2,4.759015E1
2.293958E-1,1.887549E2,4.821936E1
2.335667E-1,1.859777E2,4.838957E1
2.377375E-1,1.814765E2,4.790267E1
2.419083E-1,1.757198E2,4.703997E1
2.460792E-1,1.681383E2,4.664394E1
2.502500E-1,1.601145E2,4.541442E1
2.544208E-1,1.480746E2,4.298698E1
2.585917E-1,1.351951E2,4.095981E1
2.627625E-1,1.198349E2,3.822075E1
2.669333E-1,1.024822E2,3.354441E1
2.711042E-1,8.189272E1,2.862371E1
2.752750E-1,6.072106E1,2.304543E1
2.794458E-1,3.870945E1,1.694249E1
2.836167E-1,1.376538E1,1.019218E1
2.877875E-1,-1.060771E1,2.797944E0
2.919583E-1,-3.299173E1,-6.482000E0
2.961292E-1,-5.234691E1,-1.503179E1
3.003000E-1,-6.948781E1,-2.279273E1
3.044708E-1,-8.564480E1,-2.878905E1
3.086417E-1,-9.844692E1,-3.391528E1
3.128125E-1,-1.114498E2,-3.938213E1
3.169833E-1,-1.224841E2,-4.336588E1
3.211542E-1,-1.322354E2,-4.783765E1
3.253250E-1,-1.404837E2,-5.178018E1
3.294958E-1,-1.468383E2,-5.473130E1
3.336667E-1,-1.517895E2,-5.766377E1
3.378375E-1,-1.557291E2,-5.988642E1
3.420083E-1,-1.580262E2,-6.146820E1
3.461792E-1,-1.590025E2,-6.317454E1
3.503500E-1,-1.587940E2,-6.378102E1
3.545208E-1,-1.570229E2,-6.415084E1
3.586917E-1,-1.541863E2,-6.359919E1
3.628625E-1,-1.500536E2,-6.266615E1
3.670333E-1,-1.447694E2,-6.120661E1
3.712042E-1,-1.377217E2,-5.894168E1
3.753750E-1,-1.291365E2,-5.617681E1
3.795458E-1,-1.196081E2,-5.297891E1
3.837167E-1,-1.087722E2,-4.941756E1
3.878875E-1,-9.670915E1,-4.500983E1
3.920583E-1,-8.251120E1,-3.998133E1
3.962292E-1,-6.643327E1,-3.280047E1
4.004000E-1,-4.838396E1,-2.433534E1
4.045708E-1,-3.194425E1,-1.470123E1
4.087417E-1,-1.361683E1,-8.824845E0
4.129125E-1,1.229662E1,6.185151E0
4.170833E-1,3.329633E1,1.730965E1
4.212542E-1,5.249386E1,2.707829E1
4.254250E-1,7.024910E1,3.685952E1
4.295958E-1,8.678067E1,4.497567E1
4.337667E-1,1.020503E2,5.134682E1
4.379375E-1,1.150233E2,5.715510E1
4.421083E-1,1.249574E2,6.202772E1
4.462792E-1,1.356172E2,6.609152E1
4.504500E-1,1.432167E2,6.985091E1
4.546208E-1,1.483495E2,7.222484E1
4.587917E-1,1.530386E2,7.380788E1
4.629625E-1,1.563892E2,7.586078E1
4.671333E-1,1.575762E2,7.626069E1
4.713042E-1,1.579800E2,7.613137E1
4.754750E-1,1.566081E2,7.554869E1
4.796458E-1,1.541097E2,7.443650E1
4.838167E-1,1.505495E2,7.281311E1
4.879875E-1,1.443005E2,6.984157E1
4.921583E-1,1.367125E2,6.600377E1
4.963292E-1,1.265355E2,6.391154E1
5.005000E-1,1.152332E2,5.799057E1
5.046708E-1,1.034257E2,5.332128E1
5.088417E-1,8.991012E1,4.574334E1
5.130125E-1,7.200884E1,3.773798E1
5.171833E-1,5.276830E1,2.698592E1
5.213542E-1,3.312277E1,1.717942E1
5.255250E-1,1.276592E1,6.088858E0
5.296958E-1,-8.953584E0,-3.896770E0
5.338667E-1,-2.789151E1,-1.226868E1
5.380375E-1,-4.566696E1,-2.188635E1
5.422083E-1,-6.097454E1,-3.017739E1
5.463792E-1,-7.457241E1,-3.710612E1
5.505500E-1,-8.652200E1,-4.271129E1
5.547208E-1,-9.912186E1,-4.788920E1
5.588917E-1,-1.078946E2,-5.217363E1
5.630625E-1,-1.158200E2,-5.543906E1
5.672333E-1,-1.225988E2,-5.869309E1
5.714042E-1,-1.279716E2,-6.072948E1
5.755750E-1,-1.325466E2,-6.252495E1
5.797458E-1,-1.355513E2,-6.380107E1
5.839167E-1,-1.367413E2,-6.387483E1
5.880875E-1,-1.369294E2,-6.338868E1
5.922583E-1,-1.356767E2,-6.271656E1
5.964292E-1,-1.332759E2,-6.172648E1
6.006000E-1,-1.293867E2,-5.950192E1
6.047708E-1,-1.239987E2,-5.622770E1
6.089417E-1,-1.174748E2,-5.359465E1
6.131125E-1,-1.096728E2,-4.977795E1
6.172833E-1,-9.982208E1,-4.458988E1
6.214542E-1,-8.866930E1,-3.972926E1
6.256250E-1,-7.701740E1,-3.442296E1
6.297958E-1,-6.204046E1,-2.681724E1
6.339667E-1,-4.608134E1,-1.965209E1
6.381375E-1,-2.965809E1,-7.284276E0
6.423083E-1,-9.475878E0,8.541237E-1
6.464792E-1,1.082662E1,9.151535E0
6.506500E-1,3.134309E1,1.729422E1
6.548208E-1,5.034871E1,2.593285E1
6.589917E-1,6.707572E1,3.198160E1
6.631625E-1,8.291600E1,3.725362E1
6.673333E-1,9.677014E1,4.179680E1
6.715042E-1,1.078215E2,4.564725E1
6.756750E-1,1.177878E2,4.856179E1
6.798458E-1,1.268562E2,4.941491E1
6.840167E-1,1.342297E2,5.099882E1
6.881875E-1,1.390437E2,5.288491E1
6.923583E-1,1.424103E2,5.415117E1
6.965292E-1,1.444302E2,5.432646E1
7.007000E-1,1.443820E2,5.392830E1
7.048708E-1,1.436534E2,5.391169E1
7.090417E-1,1.409854E2,5.250226E1
7.132125E-1,1.364113E2,5.085162E1
7.173833E-1,1.300173E2,4.882309E1
7.215542E-1,1.223008E2,4.647444E1
7.257250E-1,1.126752E2,4.466875E1
7.298958E-1,1.017418E2,4.095241E1
7.340667E-1,8.708516E1,3.590588E1
7.382375E-1,7.145200E1,2.991933E1
7.424083E-1,5.484106E1,2.367890E1
7.465792E-1,3.591614E1,1.585565E1
7.507500E-1,1.590223E1,8.473045E0
7.549208E-1,-4.380588E0,1.714690E0
7.590917E-1,-2.372555E1,-4.714657E0
7.632625E-1,-3.954825E1,-1.052068E1
7.674333E-1,-5.382764E1,-1.620468E1
7.716042E-1,-6.946298E1,-2.249059E1
7.757750E-1,-8.128465E1,-2.713558E1
7.799458E-1,-9.251140E1,-3.101505E1
7.841167E-1,-1.012355E2,-3.419188E1
7.882875E-1,-1.095214E2,-3.779788E1
7.924583E-1,-1.139094E2,-3.890613E1
7.966292E-1,-1.189810E2,-4.157850E1
8.008000E-1,-1.216432E2,-4.307422E1
8.049708E-1,-1.234913E2,-4.461295E1
8.091417E-1,-1.229758E2,-4.501493E1
8.133125E-1,-1.214169E2,-4.510121E1
8.174833E-1,-1.186586E2,-4.484852E1
8.216542E-1,-1.146015E2,-4.387130E1
8.258250E-1,-1.088854E2,-4.182459E1
8.299958E-1,-1.012937E2,-4.030629E1
8.341667E-1,-9.293774E1,-3.745126E1
8.383375E-1,-8.248208E1,-3.397188E1
8.425083E-1,-7.097898E1,-2.913616E1
8.466792E-1,-5.807215E1,-2.387321E1
8.508500E-1,-4.380918E1,-1.590444E1
8.550208E-1,-2.805430E1,-9.283184E0
8.591917E-1,-9.984254E0,-2.636081E0
8.633625E-1,8.495202E0,4.065104E0
8.675333E-1,2.680715E1,1.277325E1
8.717042E-1,4.426709E1,2.079449E1
8.758750E-1,5.991743E1,2.770639E1
8.800458E-1,7.288821E1,3.354450E1
8.842167E-1,8.662008E1,3.723502E1
8.883875E-1,9.637864E1,4.124353E1
8.925583E-1,1.027577E2,4.496692E1
8.967292E-1,1.102418E2,4.772255E1
9.009000E-1,1.144657E2,5.058258E1
9.050708E-1,1.185145E2,5.165034E1
9.092417E-1,1.205518E2,5.276937E1
9.134125E-1,1.207690E2,5.317949E1
9.175833E-1,1.196194E2,5.309885E1
9.217542E-1,1.166945E2,5.168417E1
9.259250E-1,1.126988E2,5.016527E1
9.300958E-1,1.073800E2,4.845966E1
9.342667E-1,9.917035E1,4.582848E1
9.384375E-1,9.141606E1,4.196654E1
9.426083E-1,8.078703E1,3.769696E1
9.467792E-1,6.777474E1,3.228364E1
9.509500E-1,5.353915E1,2.503657E1
9.551208E-1,3.685977E1,1.782801E1
9.592917E-1,1.861576E1,9.946335E0
9.634625E-1,-3.036232E-1,2.206100E0
9.676333E-1,-1.715405E1,-4.012984E0
9.718042E-1,-3.316544E1,-1.003160E1
9.759750E-1,-4.751461E1,-1.563056E1
9.801458E-1,-5.991142E1,-2.158900E1
9.843167E-1,-7.186694E1,-2.702953E1
9.884875E-1,-8.331693E1,-3.268100E1
9.926583E-1,-9.184687E1,-3.667124E1
9.968292E-1,-9.924776E1,-4.090613E1
1.001000E0,-1.039431E2,-4.303252E1
1.005171E0,-1.076363E2,-4.487710E1
1.009342E0,-1.095890E2,-4.646193E1
1.013513E0,-1.101250E2,-4.674588E1
1.017683E0,-1.089580E2,-4.663984E1
1.021854E0,-1.063399E2,-4.670386E1
1.026025E0,-1.020501E2,-4.507618E1
1.030196E0,-9.701415E1,-4.306164E1
1.034367E0,-8.972799E1,-4.062601E1
1.038537E0,-8.016273E1,-3.532502E1
1.042708E0,-6.994256E1,-3.085075E1
1.046879E0,-5.964995E1,-2.473996E1
1.051050E0,-4.690213E1,-1.897561E1
1.055221E0,-3.018642E1,-1.117681E1
1.059392E0,-1.162645E1,-2.637734E0
1.063562E0,5.864095E0,4.684173E0
1.067733E0,2.137634E1,1.220718E1
1.071904E0,3.809120E1,2.003888E1
1.076075E0,5.220326E1,2.621427E1
1.080246E0,6.388138E1,3.182687E1
1.084417E0,7.310840E1,3.642902E1
1.088588E0,8.234230E1,4.018507E1
1.092758E0,8.860046E1,4.266095E1
1.096929E0,9.360012E1,4.488574E1
1.101100E0,9.638305E1,4.633727E1
1.105271E0,9.914883E1,4.734037E1
1.109442E0,9.994177E1,4.732930E1
1.113612E0,9.916018E1,4.634909E1
1.117783E0,9.718330E1,4.489364E1
1.121954E0,9.335987E1,4.252602E1
1.126125E0,8.824041E1,4.030729E1
1.130296E0,8.073746E1,3.606461E1
1.134467E0,7.187948E1,3.243941E1
1.138637E0,6.215864E1,2.706412E1
1.142808E0,5.056658E1,2.147271E1
1.146979E0,3.614780E1,1.520301E1
1.151150E0,1.926299E1,8.635165E0
1.155321E0,3.565991E0,2.801830E0
1.159492E0,-1.210881E1,-2.269502E0
1.163662E0,-2.626580E1,-6.407949E0
1.167833E0,-3.999853E1,-1.099050E1
1.172004E0,-5.104272E1,-1.473823E1
1.176175E0,-6.002481E1,-1.731204E1
1.180346E0,-7.546919E1,-2.109453E1
1.184517E0,-8.348388E1,-2.363587E1
1.188687E0,-8.895520E1,-2.543265E1
1.192858E0,-9.245019E1,-2.724287E1
1.197029E0,-9.447162E1,-2.784438E1
1.201200E0,-9.476072E1,-2.829929E1
1.205371E0,-9.302975E1,-2.795019E1
1.209542E0,-9.033034E1,-2.818080E1
1.213713E0,-8.627982E1,-2.796886E1
1.217883E0,-8.032006E1,-2.718372E1
1.222054E0,-7.267677E1,-2.536294E1
1.226225E0,-6.327025E1,-2.307919E1
1.230396E0,-4.674270E1,-1.702251E1
1.234567E0,-3.547380E1,-1.390310E1
1.238738E0,-2.071969E1,-9.245516E0
1.242908E0,-6.226038E0,-4.108811E0
1.247079E0,8.390147E0,2.816700E0
1.251250E0,2.362446E1,1.006420E1
1.255421E0,3.694702E1,1.663543E1
1.259592E0,4.725178E1,2.298055E1
1.263763E0,5.682867E1,2.875788E1
1.267933E0,6.468443E1,3.381913E1
1.272104E0,7.042033E1,3.821265E1
1.276275E0,7.469046E1,4.113332E1
1.280446E0,7.732752E1,4.379180E1
1.284617E0,7.839971E1,4.526304E1
1.288787E0,7.844406E1,4.590258E1
1.292958E0,7.725619E1,4.603272E1
1.297129E0,7.416719E1,4.444126E1
1.301300E0,7.087113E1,4.222722E1
1.305471E0,6.610284E1,3.897148E1
1.309642E0,5.909570E1,3.442211E1
1.313813E0,5.089900E1,2.856107E1
1.317983E0,4.018643E1,2.142406E1
1.322154E0,2.952457E1,1.465531E1
1.326325E0,1.594125E1,7.136903E0
1.330496E0,2.251990E0,6.332021E-1
1.334667E0,-1.058301E1,-4.282458E0
1.338838E0,-2.208770E1,-8.153907E0
1.343008E0,-3.595445E1,-1.284652E1
1.347179E0,-4.368185E1,-1.496608E1
1.351350E0,-5.268843E1,-1.805117E1
1.355521E0,-5.875147E1,-1.983570E1
1.359692E0,-6.332678E1,-2.119484E1
1.363862E0,-6.636797E1,-2.219851E1
1.368033E0,-6.862176E1,-2.300903E1
1.372204E0,-6.848194E1,-2.317140E1
1.376375E0,-6.708765E1,-2.253848E1
1.380546E0,-6.375826E1,-2.188818E1
1.384717E0,-5.932983E1,-2.103500E1
1.388888E0,-5.251000E1,-1.885145E1
1.393058E0,-4.433588E1,-1.611238E1
1.397229E0,-3.325807E1,-1.220951E1
1.401400E0,-2.111163E1,-7.587983E0
1.405571E0,-8.827093E0,-2.666103E0
1.409742E0,4.598194E0,3.000232E0
1.413912E0,1.630585E1,9.125816E0
1.418083E0,2.819922E1,1.577181E1
1.422254E0,3.721412E1,2.089314E1
1.426425E0,4.376776E1,2.521912E1
1.430596E0,4.956852E1,2.899351E1
1.434767E0,5.357360E1,3.200915E1
1.438937E0,5.670125E1,3.405146E1
1.443108E0,5.809643E1,3.555831E1
1.447279E0,5.866393E1,3.499133E1
1.451450E0,5.706818E1,3.461290E1
1.455621E0,5.509545E1,3.327260E1
1.459792E0,5.145126E1,3.012822E1
1.463963E0,4.699492E1,2.730999E1
1.468133E0,4.104910E1,2.223587E1
1.472304E0,3.306592E1,1.643009E1
1.476475E0,2.413328E1,1.006066E1
1.480646E0,1.289925E1,3.163737E0
1.484817E0,1.625037E0,-1.913515E0
1.488987E0,-1.008379E1,-5.645942E0
1.493158E0,-1.976196E1,-9.212934E0
1.497329E0,-2.883444E1,-1.182781E1
1.501500E0,-3.565629E1,-1.392618E1
1.505671E0,-4.225209E1,-1.612317E1
1.509842E0,-4.660431E1,-1.693597E1
1.514012E0,-4.994771E1,-1.753276E1
1.518183E0,-5.100524E1,-1.740650E1
1.522354E0,-4.971506E1,-1.593996E1
1.526525E0,-4.818714E1,-1.530920E1
1.530696E0,-4.462069E1,-1.298281E1
1.534867E0,-3.897537E1,-9.572022E0
1.539037E0,-3.069678E1,-6.037881E0
1.543208E0,-2.122832E1,-2.182172E0
1.547379E0,-9.860592E0,1.725328E0
1.551550E0,1.237731E0,4.887571E0
1.555721E0,1.291708E1,8.357725E0
1.559892E0,2.366863E1,1.081376E1
1.564062E0,3.181013E1,1.297639E1
1.568233E0,3.851881E1,1.514260E1
1.572404E0,4.426707E1,1.662689E1
1.576575E0,4.775703E1,1.710305E1
1.580746E0,5.020251E1,1.779399E1
1.584917E0,5.045017E1,1.806543E1
1.589087E0,4.930177E1,1.804144E1
1.593258E0,4.674040E1,1.762094E1
1.597429E0,4.207422E1,1.682752E1
1.601600E0,3.588609E1,1.586906E1
1.605771E0,2.804201E1,1.464297E1
1.609942E0,1.846341E1,1.281484E1
1.614113E0,7.985013E0,9.702452E0
1.618283E0,-2.237222E0,6.189719E0
1.622454E0,-1.051099E1,2.897288E0
1.626625E0,-1.726059E1,-2.585367E-1
1.630796E0,-2.256412E1,-2.818307E0
1.634967E0,-2.625568E1,-4.967561E0
1.639138E0,-2.833937E1,-7.013352E0
1.643308E0,-2.892369E1,-8.116022E0
1.647479E0,-2.793751E1,-9.131974E0
1.651650E0,-2.567475E1,-9.796504E0
1.655821E0,-2.181025E1,-9.745394E0
1.659992E0,-1.668243E1,-9.064116E0
1.664163E0,-1.025730E1,-7.369115E0
1.668333E0,-2.767904E0,-5.129666E0
1.672504E0,4.945450E0,-1.562474E0
1.676675E0,1.338139E1,2.908937E0
1.680846E0,2.017337E1,7.972693E0
1.685017E0,2.532268E1,1.223207E1
1.689188E0,2.926258E1,1.616855E1
1.693358E0,3.191913E1,1.918347E1
1.697529E0,3.283317E1,2.096102E1
1.701700E0,3.204383E1,2.225214E1
1.705871E0,3.021797E1,2.250270E1
1.710042E0,2.729360E1,2.135044E1
1.714213E0,2.307720E1,1.945320E1
1.718383E0,1.771780E1,1.585859E1
1.722554E0,1.134728E1,1.129180E1
1.726725E0,5.126329E0,4.955996E0
1.730896E0,2.652014E-1,-1.027987E0
1.735067E0,-3.652800E0,-6.537091E0
1.739237E0,-6.183167E0,-1.115375E1
1.743408E0,-7.797433E0,-1.423752E1
1.747579E0,-8.232829E0,-1.663666E1
1.751750E0,-8.109005E0,-1.740871E1
1.755921E0,-6.768244E0,-1.712832E1
1.760092E0,-4.904216E0,-1.562141E1
1.764263E0,-2.516681E0,-1.291890E1
1.768433E0,4.182970E-1,-8.608220E0
1.772604E0,3.485925E0,-2.937616E0
1.776775E0,6.788117E0,3.945698E0
1.780946E0,9.561845E0,1.173227E1
1.785117E0,1.176862E1,1.830879E1
1.789288E0,1.324512E1,2.333576E1
1.793458E0,1.433473E1,2.700446E1
1.797629E0,1.481831E1,2.891166E1
1.801800E0,1.447042E1,2.932629E1
1.805971E0,1.365356E1,2.818776E1
1.810142E0,1.251030E1,2.519636E1
1.814312E0,1.123768E1,2.084199E1
1.818483E0,9.314401E0,1.500685E1
1.822654E0,7.045700E0,7.576913E0
1.826825E0,5.459805E0,-6.679897E-2
1.830996E0,3.679819E0,-6.434173E0
1.835167E0,2.444600E0,-1.131613E1
1.839338E0,1.145857E0,-1.461970E1
1.843508E0,5.646931E-1,-1.671832E1
1.847679E0,2.784118E-2,-1.722684E1
1.851850E0,-4.052306E-1,-1.593780E1
1.856021E0,-2.669512E-1,-1.376991E1
1.860192E0,-1.535568E-1,-9.658587E0
1.864362E0,5.376935E-1,-4.288896E0
1.868533E0,1.707648E0,2.270072E0
1.872704E0,3.742468E0,9.619335E0
1.876875E0,6.399910E0,1.580345E1
1.881046E0,9.085120E0,2.097765E1
1.885217E0,1.143137E1,2.460764E1
1.889387E0,1.284585E1,2.616448E1
1.893558E0,1.407135E1,2.665722E1
1.897729E0,1.426542E1,2.569540E1
1.901900E0,1.406745E1,2.310689E1
1.906071E0,1.302443E1,1.894442E1
1.910242E0,1.139984E1,1.342072E1
1.914413E0,8.568678E0,6.594952E0
1.918583E0,5.271112E0,6.480634E-1
1.922754E0,1.487664E0,-4.292554E0
1.926925E0,-1.553558E0,-7.743686E0
1.931096E0,-4.006116E0,-9.994022E0
1.935267E0,-5.565827E0,-1.102220E1
1.939437E0,-6.657156E0,-1.076224E1
1.943608E0,-6.701360E0,-9.214273E0
1.947779E0,-5.849374E0,-6.735970E0
1.951950E0,-3.950314E0,-3.198522E0
1.956121E0,-1.125249E0,1.555675E0
1.960292E0,2.982023E0,6.450977E0
1.964463E0,7.759687E0,1.161829E1
1.968633E0,1.208898E1,1.584520E1
1.972804E0,1.536811E1,1.882896E1
1.976975E0,1.777419E1,2.022219E1
1.981146E0,1.863536E1,2.072962E1
1.985317E0,1.873581E1,1.949388E1
1.989487E0,1.762454E1,1.767370E1
1.993658E0,1.554391E1,1.453036E1
1.997829E0,1.207823E1,1.001691E1
2.002000E0,7.567752E0,5.358957E0
2.006171E0,2.228418E0,1.511352E0
2.010342E0,-2.517305E0,-1.023172E0
2.014512E0,-6.209355E0,-2.363635E0
2.018683E0,-8.883071E0,-3.052970E0
2.022854E0,-9.967694E0,-3.059176E0
2.027025E0,-9.920697E0,-2.235154E0
2.031196E0,-8.667412E0,-7.712245E-1
2.035367E0,-6.105489E0,1.202629E0
2.039538E0,-2.079558E0,3.932273E0
2.043708E0,2.893136E0,7.026422E0
2.047879E0,8.363372E0,1.041083E1
2.052050E0,1.284697E1,1.279974E1
2.056221E0,1.601956E1,1.468851E1
2.060392E0,1.802280E1,1.569549E1
2.064563E0,1.888065E1,1.574540E1
2.068733E0,1.815340E1,1.508936E1
2.072904E0,1.635830E1,1.329491E1
2.077075E0,1.279880E1,1.101368E1
2.081246E0,8.044184E0,8.195472E0
2.085417E0,2.624051E0,5.954759E0
2.089587E0,-2.036826E0,3.975320E0
2.093758E0,-6.107416E0,2.687611E0
2.097929E0,-8.169135E0,1.596072E0
2.102100E0,-9.247606E0,8.088671E-1
2.106271E0,-8.938293E0,8.501023E-1
2.110442E0,-6.774317E0,1.219894E0
2.114613E0,-3.755414E0,2.183898E0
2.118783E0,5.627172E-1,3.780505E0
2.122954E0,5.326928E0,5.959802E0
2.127125E0,1.022523E1,9.078400E0
2.131296E0,1.333762E1,1.209420E1
2.135467E0,1.542008E1,1.426738E1
2.139637E0,1.609993E1,1.561912E1
2.143808E0,1.567622E1,1.591601E1
2.147979E0,1.397334E1,1.527660E1
2.152150E0,1.116051E1,1.366790E1
2.156321E0,7.650522E0,1.071202E1
2.160492E0,3.131439E0,7.149893E0
2.164662E0,-3.565265E-1,3.747952E0
2.168833E0,-3.024660E0,9.026620E-1
2.173004E0,-4.253664E0,-1.178135E0
2.177175E0,-4.750223E0,-2.186829E0
2.181346E0,-3.881618E0,-2.214065E0
2.185517E0,-2.267905E0,-1.204603E0
2.189687E0,2.135025E-1,8.467939E-1
2.193858E0,3.243778E0,4.153746E0
2.198029E0,6.416834E0,7.981147E0
2.202200E0,8.448381E0,1.267792E1
2.206371E0,9.681627E0,1.625707E1
2.210542E0,1.021775E1,1.804347E1
2.214713E0,9.914671E0,1.887049E1
2.218883E0,8.658593E0,1.814935E1
2.223054E0,6.815315E0,1.599983E1
2.227225E0,4.761927E0,1.257574E1
2.231396E0,2.745582E0,7.767656E0
2.235567E0,1.427600E0,3.078736E0
2.239738E0,9.118762E-1,-4.627357E-1
2.243908E0,7.195654E-1,-2.923107E0
2.248079E0,7.214385E-1,-4.059730E0
2.252250E0,7.711298E-1,-3.336109E0
2.256421E0,1.095542E0,-1.591085E0
2.260592E0,1.951870E0,1.696911E0
2.264762E0,2.744407E0,5.919915E0
2.268933E0,4.054400E0,1.067908E1
2.273104E0,5.624775E0,1.464251E1
2.277275E0,6.756995E0,1.731497E1
2.281446E0,7.397041E0,1.836607E1
2.285617E0,7.658316E0,1.797470E1
2.289788E0,7.245973E0,1.619674E1
2.293958E0,6.368348E0,1.305711E1
2.298129E0,4.744911E0,8.722507E0
2.302300E0,2.701699E0,4.516522E0
2.306471E0,5.362584E-1,1.167197E0
2.310642E0,-1.027250E0,-1.077503E0
2.314812E0,-1.726239E0,-1.992645E0
2.318983E0,-1.948214E0,-1.395205E0
2.323154E0,-1.340157E0,-2.212476E-1
2.327325E0,-4.246091E-2,2.382410E0
2.331496E0,2.238298E0,5.690430E0
2.335667E0,5.134836E0,9.719217E0
2.339838E0,7.701424E0,1.289089E1
2.344008E0,9.143509E0,1.522982E1
2.348179E0,9.929158E0,1.617819E1
2.352350E0,1.001907E1,1.573946E1
2.356521E0,8.997492E0,1.404235E1
2.360692E0,7.166960E0,1.153598E1
2.364863E0,4.532329E0,7.651245E0
2.369033E0,1.482290E0,4.355933E0
2.373204E0,-7.318228E-1,1.799197E0
2.377375E0,-1.906142E0,3.972472E-1
2.381546E0,-2.038773E0,-1.860238E-1
2.385717E0,-1.253631E0,6.093579E-2
2.389887E0,1.957342E-1,1.721017E0
2.394058E0,2.470287E0,4.384276E0
2.398229E0,5.044459E0,7.784030E0
2.402400E0,7.123630E0,1.153662E1
2.406571E0,8.355312E0,1.390744E1
2.410742E0,9.056653E0,1.575933E1
2.414912E0,8.949710E0,1.590034E1
2.419083E0,8.007238E0,1.480701E1
2.423254E0,6.345728E0,1.213406E1
2.427425E0,4.347478E0,8.645765E0
2.431596E0,2.711538E0,4.800420E0
2.435767E0,1.431497E0,1.821674E0
2.439938E0,8.126788E-1,3.362954E-1
2.444108E0,4.487250E-1,-3.304898E-1
2.448279E0,7.583540E-1,4.023394E-1
2.452450E0,1.368988E0,1.907471E0
2.456621E0,2.754304E0,4.790167E0
2.460792E0,4.282368E0,8.710147E0
2.464962E0,5.874926E0,1.224008E1
2.469133E0,7.203459E0,1.458310E1
2.473304E0,7.787319E0,1.535324E1
2.477475E0,7.893570E0,1.496556E1
2.481646E0,6.946973E0,1.331834E1
2.485817E0,5.778560E0,1.008386E1
2.489988E0,3.751654E0,6.714805E0
2.494158E0,1.959384E0,3.757828E0
2.498329E0,5.213411E-1,1.731568E0
2.502500E0,-1.693544E-1,8.178865E-1
2.506671E0,-3.005955E-1,1.025878E0
2.510842E0,3.193491E-1,2.371496E0
2.515012E0,2.101824E0,4.642538E0
2.519183E0,3.921926E0,7.688789E0
2.523354E0,6.085990E0,1.091859E1
2.527525E0,7.564450E0,1.335589E1
2.531696E0,8.102334E0,1.445285E1
2.535867E0,8.162934E0,1.407221E1
2.540037E0,7.473149E0,1.275635E1
2.544208E0,5.676259E0,1.029121E1
2.548379E0,3.431273E0,7.193226E0
2.552550E0,1.900384E0,4.218263E0
2.556721E0,6.226925E-1,2.060743E0
2.560892E0,1.925849E-1,1.560591E0
2.565062E0,2.918948E-1,1.302660E0
2.569233E0,1.247401E0,2.878283E0
2.573404E0,3.017316E0,5.054535E0
2.577575E0,4.676190E0,8.152264E0
2.581746E0,6.418569E0,1.099813E1
2.585917E0,7.185352E0,1.317636E1
2.590088E0,7.497986E0,1.389830E1
2.594258E0,7.087528E0,1.321260E1
2.598429E0,6.206932E0,1.152879E1
2.602600E0,4.621294E0,8.664461E0
2.606771E0,3.148103E0,5.716128E0
2.610942E0,1.745045E0,3.210799E0
2.615113E0,1.054801E0,1.968531E0
2.619283E0,1.001125E0,1.820509E0
2.623454E0,1.411406E0,2.783114E0
2.627625E0,2.512615E0,4.659427E0
2.631796E0,3.996085E0,7.433090E0
2.635967E0,5.692759E0,1.004778E1
2.640137E0,6.932309E0,1.242170E1
2.644308E0,7.463480E0,1.331205E1
2.648479E0,7.318953E0,1.291735E1
2.652650E0,6.538839E0,1.126805E1
2.656821E0,5.103674E0,8.682643E0
2.660992E0,3.396653E0,5.939198E0
2.665163E0,1.946913E0,4.004201E0
2.669333E0,1.333519E0,2.854202E0
2.673504E0,1.126759E0,2.656272E0
2.677675E0,1.881317E0,3.628151E0
2.681846E0,3.087525E0,5.560143E0
2.686017E0,4.875270E0,7.909771E0
2.690187E0,6.033874E0,1.063687E1
2.694358E0,6.955117E0,1.243958E1
2.698529E0,7.469514E0,1.296677E1
2.702700E0,7.184775E0,1.234703E1
2.706871E0,6.003314E0,1.022493E1
2.711042E0,4.839059E0,7.855723E0
2.715213E0,3.458960E0,5.407128E0
2.719383E0,2.630770E0,3.594482E0
2.723554E0,1.956156E0,2.910623E0
2.727725E0,2.187659E0,3.210879E0
2.731896E0,3.041372E0,4.720429E0
2.736067E0,4.425294E0,6.947689E0
2.740238E0,5.637101E0,9.667944E0
2.744408E0,6.709043E0,1.163681E1
2.748579E0,7.180383E0,1.230484E1
2.752750E0,6.992251E0,1.190769E1
2.756921E0,6.427095E0,1.052121E1
2.761092E0,5.137147E0,8.059324E0
2.765262E0,3.882504E0,5.822705E0
2.769433E0,2.560323E0,4.255539E0
2.773604E0,2.084824E0,3.799707E0
2.777775E0,2.482461E0,3.959194E0
2.781946E0,3.380148E0,4.946978E0
2.786117E0,4.326217E0,6.968036E0
2.790287E0,5.600098E0,9.644167E0
2.794458E0,6.372740E0,1.120960E1
2.798629E0,6.741699E0,1.194036E1
2.802800E0,6.213954E0,1.141040E1
2.806971E0,5.668481E0,1.001786E1
2.811142E0,4.542940E0,7.935266E0
2.815313E0,3.276902E0,5.897708E0
2.819483E0,2.683879E0,4.425589E0
2.823654E0,2.297164E0,4.126614E0
2.827825E0,2.531724E0,4.637046E0
2.831996E0,3.427840E0,6.038760E0
2.836167E0,4.518258E0,7.675715E0
2.840337E0,5.417251E0,9.872277E0
2.844508E0,6.198689E0,1.096558E1
2.848679E0,6.180198E0,1.137049E1
2.852850E0,5.805710E0,1.044192E1
2.857021E0,4.873592E0,8.753752E0
2.861192E0,3.671036E0,7.015113E0
2.865363E0,2.858252E0,5.561277E0
2.869533E0,2.414111E0,4.680657E0
2.873704E0,2.458069E0,4.832719E0
2.877875E0,3.024355E0,5.764237E0
2.882046E0,4.075346E0,7.514362E0
2.886217E0,4.996064E0,9.244975E0
2.890387E0,5.971798E0,1.029722E1
2.894558E0,6.186281E0,1.072662E1
2.898729E0,5.891141E0,1.033039E1
2.902900E0,5.353450E0,8.983327E0
2.907071E0,4.443503E0,7.320680E0
2.911242E0,3.460520E0,5.815504E0
2.915412E0,2.831193E0,5.106411E0
2.919583E0,2.681964E0,5.147269E0
2.923754E0,3.146033E0,5.824962E0
2.927925E0,4.140752E0,7.483672E0
2.932096E0,5.072236E0,8.739719E0
2.936267E0,5.882858E0,9.964185E0
2.940437E0,6.162974E0,1.064436E1
2.944608E0,5.972903E0,9.972103E0
2.948779E0,5.354297E0,8.888478E0
2.952950E0,4.581761E0,7.549295E0
2.957121E0,3.517381E0,6.078308E0
2.961292E0,3.034232E0,5.427202E0
2.965463E0,3.200548E0,5.488243E0
2.969633E0,3.927434E0,6.218254E0
2.973804E0,4.612753E0,7.636099E0
2.977975E0,5.424306E0,8.908519E0
2.982146E0,5.839899E0,9.851947E0
2.986317E0,5.882566E0,1.010410E1
2.990487E0,5.648645E0,9.688185E0
2.994658E0,5.039022E0,8.605724E0
2.998829E0,4.468632E0,7.038784E0
3.003000E0,3.744699E0,6.383932E0
3.007171E0,3.181852E0,5.582104E0
3.011342E0,3.675544E0,5.736860E0
3.015512E0,4.161734E0,6.906299E0
3.019683E0,4.954730E0,7.965002E0
3.023854E0,5.413673E0,9.218118E0
3.028025E0,5.836028E0,9.727239E0
3.032196E0,5.377751E0,9.623051E0
3.036367E0,5.174592E0,8.835727E0
3.040538E0,4.797019E0,7.737464E0
3.044708E0,3.948328E0,6.990907E0
3.048879E0,3.873436E0,6.323154E0
3.053050E0,3.851918E0,6.475862E0
3.057221E0,4.136701E0,6.849888E0
3.061392E0,4.621585E0,7.805281E0
3.065562E0,5.117125E0,8.804375E0
3.069733E0,5.363001E0,9.757202E0
3.073904E0,5.447077E0,9.750365E0
3.078075E0,5.166157E0,9.161570E0
3.082246E0,4.898451E0,8.117772E0
3.086417E0,4.423225E0,7.395187E0
3.090588E0,3.962345E0,6.790393E0
3.094758E0,3.829074E0,6.756574E0
3.098929E0,4.052269E0,7.033966E0
3.103100E0,4.487205E0,7.764987E0
3.107271E0,4.730382E0,8.742667E0
3.111442E0,5.029339E0,9.184223E0
3.115613E0,5.216704E0,9.355971E0
3.119783E0,5.043333E0,8.950573E0
3.123954E0,4.741842E0,8.467043E0
3.128125E0,4.386774E0,7.640309E0
3.132296E0,3.908621E0,6.986303E0
3.136467E0,3.888746E0,6.884740E0
3.140637E0,4.276062E0,7.147428E0
3.144808E0,4.390109E0,7.706554E0
3.148979E0,4.866133E0,8.719385E0
3.153150E0,4.793498E0,9.001648E0
3.157321E0,4.936252E0,9.274308E0
3.161492E0,4.845202E0,8.839857E0
3.165662E0,4.360166E0,8.298028E0
3.169833E0,4.202552E0,7.609416E0
3.174004E0,3.946531E0,7.044449E0
3.178175E0,3.859460E0,7.096007E0
3.182346E0,3.990749E0,7.265118E0
3.186517E0,4.291600E0,7.857603E0
3.190688E0,4.516301E0,8.565406E0
3.194858E0,4.613473E0,8.801842E0
3.199029E0,4.652109E0,8.830647E0
3.203200E0,4.492894E0,8.666151E0
3.207371E0,4.145240E0,7.948142E0
3.211542E0,4.056016E0,7.622079E0
3.215712E0,3.929204E0,7.325766E0
3.219883E0,4.212799E0,7.335848E0
3.224054E0,4.339484E0,7.563109E0
3.228225E0,4.432996E0,7.897420E0
3.232396E0,4.715580E0,8.270302E0
3.236567E0,4.580347E0,8.697871E0
3.240738E0,4.379589E0,8.635959E0
3.244908E0,4.191004E0,8.124819E0
3.249079E0,4.167910E0,7.727840E0
3.253250E0,4.165250E0,7.600923E0
3.257421E0,4.207491E0,7.408759E0
3.261592E0,3.958310E0,7.474841E0
3.265763E0,4.320452E0,7.687614E0
3.269933E0,4.671812E0,8.296161E0
3.274104E0,4.588597E0,8.277115E0
3.278275E0,4.394907E0,8.097241E0
3.282446E0,4.378384E0,7.985813E0
3.286617E0,4.405819E0,7.804354E0
3.290787E0,4.010570E0,7.756969E0
3.294958E0,4.308370E0,7.683717E0
3.299129E0,4.085233E0,7.800753E0
3.303300E0,4.339993E0,8.041060E0
3.307471E0,4.411697E0,8.221939E0
3.311642E0,4.513290E0,8.302710E0
3.315812E0,4.436491E0,8.039928E0
3.319983E0,4.262850E0,7.893583E0
3.324154E0,4.079039E0,7.840811E0
3.328325E0,4.196751E0,7.793636E0
3.332496E0,4.241957E0,7.831489E0
3.336667E0,4.249565E0,7.696845E0
3.340838E0,4.404694E0,8.040777E0
3.345008E0,4.403483E0,8.133956E0
3.349179E0,4.552089E0,8.342657E0
3.353350E0,4.320052E0,8.045902E0
3.357521E0,4.308516E0,8.025310E0
3.361692E0,4.307369E0,7.913914E0
3.365862E0,4.141324E0,7.811665E0
3.370033E0,4.368755E0,7.844598E0
3.374204E0,4.312361E0,7.843406E0
3.378375E0,4.341064E0,7.904545E0
3.382546E0,4.406119E0,8.169570E0
3.386717E0,4.470013E0,8.240560E0
3.390888E0,4.407127E0,7.921334E0
3.395058E0,4.349710E0,8.065091E0
3.399229E0,4.244699E0,7.715509E0
3.403400E0,4.227522E0,7.856856E0
3.407571E0,4.219570E0,7.878277E0
3.411742E0,4.168445E0,8.015359E0
3.415913E0,4.219823E0,8.043552E0
3.420083E0,4.281234E0,8.102446E0
3.424254E0,4.416283E0,7.996521E0
3.428425E0,4.320588E0,7.985577E0
3.432596E0,4.393867E0,7.912511E0
3.436767E0,4.253315E0,7.865470E0
3.440937E0,4.303826E0,7.928969E0
3.445108E0,4.379513E0,7.938605E0
3.449279E0,4.336435E0,8.126491E0
3.453450E0,4.302445E0,8.034249E0
3.457621E0,4.294237E0,7.977725E0
3.461792E0,4.441828E0,7.953554E0
3.465963E0,4.314562E0,7.932568E0
3.470133E0,4.180067E0,7.833446E0
3.474304E0,4.134070E0,7.899358E0
3.478475E0,4.260400E0,7.977048E0
3.482646E0,4.355911E0,7.961784E0
3.486817E0,4.213394E0,8.102976E0
3.490988E0,4.486822E0,7.997301E0
3.495158E0,4.238937E0,7.978072E0
3.499329E0,4.388796E0,7.973749E0
3.503500E0,4.332048E0,7.859420E0
3.507671E0,4.201008E0,7.930632E0
3.511842E0,4.501413E0,7.984472E0
3.516013E0,4.331468E0,8.021674E0
3.520183E0,4.380548E0,8.057353E0
3.524354E0,4.345121E0,7.969664E0
3.528525E0,4.295839E0,7.986512E0
3.532696E0,4.429639E0,7.929522E0
3.536867E0,4.339496E0,7.973018E0
3.541037E0,4.356301E0,7.852254E0
3.545208E0,4.372688E0,7.965201E0
3.549379E0,4.268867E0,7.918929E0
3.553550E0,4.290861E0,7.891282E0
3.557721E0,4.297934E0,7.991244E0
3.561892E0,4.408129E0,7.954787E0
3.566063E0,4.278508E0,7.884402E0
3.570233E0,4.302874E0,7.911188E0
3.574404E0,4.414710E0,7.989906E0
3.578575E0,4.183841E0,7.894543E0
3.582746E0,4.457824E0,8.068878E0
3.586917E0,4.403802E0,8.016917E0
3.591087E0,4.236987E0,7.995472E0
3.595258E0,4.391287E0,8.024190E0
3.599429E0,4.213522E0,8.072726E0
3.603600E0,4.327629E0,7.917073E0
3.607771E0,4.354549E0,7.936713E0
3.611942E0,4.262837E0,7.949753E0
3.616113E0,4.269964E0,7.986174E0
3.620283E0,4.389116E0,8.013244E0
3.624454E0,4.464392E0,7.995979E0
3.628625E0,4.525701E0,7.955688E0
3.632796E0,4.236628E0,7.913600E0
3.636967E0,4.256306E0,7.962754E0
3.641138E0,4.245068E0,7.870326E0
3.645308E0,4.344571E0,7.882921E0
3.649479E0,4.282976E0,7.879070E0
3.653650E0,4.323230E0,7.938045E0
3.657821E0,4.250163E0,7.907940E0
3.661992E0,4.357365E0,8.029800E0
3.666162E0,4.134238E0,8.051572E0
3.670333E0,4.288558E0,7.903047E0
3.674504E0,4.225666E0,8.058380E0
3.678675E0,4.374509E0,7.889412E0
3.682846E0,4.248342E0,7.972778E0
3.687017E0,4.227865E0,7.974828E0
3.691187E0,4.182167E0,7.980613E0
3.695358E0,4.423365E0,7.836363E0
3.699529E0,4.293461E0,8.004274E0
3.703700E0,4.191555E0,7.913497E0
3.707871E0,4.276319E0,7.988043E0
3.712042E0,4.341228E0,7.898862E0
3.716213E0,4.345883E0,7.946253E0
3.720383E0,4.456679E0,7.918372E0
3.724554E0,4.197111E0,8.018186E0
3.728725E0,4.476908E0,7.955379E0
3.732896E0,4.284928E0,7.879785E0
3.737067E0,4.188108E0,7.835613E0
3.741237E0,4.280431E0,7.877093E0
3.745408E0,4.232133E0,8.007233E0
3.749579E0,4.271385E0,8.000357E0
3.753750E0,4.351560E0,8.067946E0
3.757921E0,4.226009E0,7.875893E0
3.762092E0,4.301936E0,7.834483E0
3.766263E0,4.128869E0,7.981488E0
3.770433E0,4.289462E0,7.887940E0
3.774604E0,4.387837E0,7.834159E0
3.778775E0,4.349162E0,7.866585E0
3.782946E0,4.179030E0,7.915364E0
3.787117E0,4.227195E0,7.953413E0
3.791287E0,4.189878E0,7.781395E0
3.795458E0,4.109077E0,7.879929E0
3.799629E0,4.272412E0,7.850031E0
3.803800E0,4.188998E0,7.924430E0
3.807971E0,4.299431E0,7.976252E0
3.812142E0,4.184476E0,7.924784E0
3.816312E0,4.172984E0,7.776215E0
3.820483E0,4.080671E0,7.889609E0
3.824654E0,4.230652E0,7.761429E0
3.828825E0,4.248492E0,7.753207E0
3.832996E0,4.123233E0,7.918233E0
3.837167E0,4.222702E0,7.881285E0
3.841338E0,4.301972E0,7.850931E0
3.845508E0,4.232838E0,7.745256E0
3.849679E0,4.220748E0,7.783782E0
3.853850E0,4.200897E0,7.912909E0
3.858021E0,4.274162E0,7.724527E0
3.862192E0,4.259069E0,7.820993E0
3.866363E0,4.238438E0,7.844885E0
3.870533E0,4.376614E0,7.711253E0
3.874704E0,4.210047E0,7.829990E0
3.878875E0,4.183509E0,7.878082E0
3.883046E0,4.167465E0,7.808108E0
3.887217E0,4.026966E0,7.848638E0
3.891388E0,4.204429E0,7.692972E0
3.895558E0,4.089800E0,7.902156E0
3.899729E0,4.143806E0,7.824892E0
3.903900E0,4.176653E0,7.915773E0
3.908071E0,4.194076E0,7.765456E0
3.912242E0,4.218512E0,7.814554E0
3.916412E0,4.266345E0,7.746221E0
3.920583E0,4.118136E0,7.487312E0
3.924754E0,4.162066E0,7.255422E0
3.928925E0,4.127430E0,7.351339E0
3.933096E0,4.134182E0,7.407624E0
3.937267E0,4.177297E0,6.942716E0
3.941438E0,4.236801E0,7.032722E0
3.945608E0,4.151849E0,6.953289E0
3.949779E0,4.151908E0,7.093770E0
3.953950E0,4.165258E0,6.867337E0
3.958121E0,4.116626E0,7.045233E0
3.962292E0,3.850212E0,6.601896E0
3.966463E0,3.750156E0,6.371971E0
3.970633E0,3.577587E0,6.008765E0
3.974804E0,3.520547E0,6.007085E0
3.978975E0,3.386381E0,5.847213E0
3.983146E0,3.358235E0,5.871695E0
3.987317E0,3.264962E0,5.811296E0
3.991488E0,3.099976E0,5.868859E0
3.995658E0,3.217523E0,5.554268E0
3.999829E0,3.205555E0,5.064238E0
4.004000E0,3.183270E0,4.959277E0
4.008171E0,3.150681E0,4.729258E0
4.012342E0,3.102728E0,4.670129E0
4.016513E0,3.231498E0,4.778705E0
4.020683E0,3.118158E0,4.941766E0
4.024854E0,3.003495E0,4.323232E0
4.029025E0,2.962760E0,4.607520E0
4.033196E0,3.128457E0,4.171354E0
4.037367E0,3.224537E0,3.882816E0
4.041537E0,3.161282E0,3.977846E0
4.045708E0,3.111468E0,3.702645E0
4.049879E0,3.116098E0,3.737623E0
4.054050E0,3.203964E0,3.863492E0
4.058221E0,2.988748E0,3.672698E0
4.062392E0,2.956376E0,3.558453E0
4.066562E0,3.099152E0,3.578170E0
4.070733E0,2.930005E0,3.112280E0
4.074904E0,2.983383E0,3.088896E0
4.079075E0,3.033426E0,3.419954E0
4.083246E0,3.049301E0,2.713553E0
4.087417E0,3.070644E0,2.934461E0
4.091588E0,3.127425E0,2.824528E0
4.095758E0,3.113087E0,2.813875E0
4.099929E0,3.117148E0,3.012664E0
4.104100E0,3.105103E0,2.849663E0
4.108271E0,3.087468E0,2.768086E0
4.112442E0,3.081683E0,2.948774E0
4.116613E0,3.091723E0,2.975432E0
4.120783E0,3.085491E0,2.810973E0
4.124954E0,3.097678E0,2.876332E0
4.129125E0,3.001384E0,2.905958E0
4.133296E0,2.967126E0,3.113311E0
4.137467E0,2.939065E0,3.112206E0
4.141637E0,2.975675E0,2.912788E0
4.145808E0,2.971998E0,2.919396E0
4.149979E0,2.981684E0,3.180419E0
4.154150E0,3.096387E0,3.169240E0
4.158321E0,3.077744E0,2.818947E0
4.162492E0,3.093446E0,2.859371E0
4.166663E0,3.042528E0,2.780314E0
4.170833E0,3.075042E0,2.847643E0
4.175004E0,3.082314E0,2.837585E0
4.179175E0,3.090328E0,3.121383E0
4.183346E0,3.169879E0,2.874469E0
4.187517E0,3.203170E0,2.796325E0
4.191687E0,3.047640E0,3.062982E0
4.195858E0,3.138615E0,3.042095E0
4.200029E0,2.911480E0,2.868444E0
4.204200E0,2.725581E0,2.234644E0
4.208371E0,2.607412E0,2.405411E0
4.212542E0,2.589951E0,2.303002E0
4.216712E0,2.523047E0,1.985814E0
4.220883E0,2.335343E0,2.294708E0
4.225054E0,2.426667E0,2.232293E0
4.229225E0,2.229848E0,2.351049E0
4.233396E0,2.351642E0,1.847737E0
4.237567E0,2.212076E0,1.954717E0
4.241738E0,2.245032E0,2.270575E0
4.245908E0,2.332909E0,2.350122E0
4.250079E0,2.171253E0,2.316889E0
4.254250E0,2.105727E0,2.410662E0
4.258421E0,2.151871E0,2.357645E0
4.262592E0,2.141889E0,2.226798E0
4.266762E0,2.168941E0,2.135848E0
4.270933E0,2.248369E0,2.074997E0
4.275104E0,2.077626E0,2.362044E0
4.279275E0,2.121019E0,2.336859E0
4.283446E0,2.116613E0,2.187128E0
4.287617E0,2.185938E0,2.107203E0
4.291788E0,2.089023E0,2.104368E0
4.295958E0,2.085010E0,2.267016E0
4.300129E0,2.168570E0,2.145439E0
4.304300E0,2.293310E0,1.941487E0
4.308471E0,2.265930E0,2.206081E0
4.312642E0,2.207593E0,2.163446E0
4.316813E0,2.083011E0,1.780860E0
4.320983E0,2.259730E0,2.021729E0
4.325154E0,2.111282E0,1.792000E0
4.329325E0,2.203869E0,1.913431E0
4.333496E0,2.266636E0,1.989870E0
4.337667E0,2.115204E0,2.053318E0
4.341837E0,2.162554E0,2.000672E0
4.346008E0,2.088867E0,2.101543E0
4.350179E0,2.075530E0,2.110603E0
4.354350E0,2.230027E0,2.157235E0
4.358521E0,2.164615E0,2.084523E0
4.362692E0,2.293285E0,2.148291E0
4.366862E0,2.139559E0,2.329052E0
4.371033E0,2.248102E0,2.203907E0
4.375204E0,2.102124E0,2.316074E0
4.379375E0,2.187079E0,2.254212E0
4.383546E0,2.183862E0,2.361142E0
4.387717E0,1.963992E0,2.500046E0
4.391888E0,2.400657E0,2.084755E0
4.396058E0,2.220246E0,2.106639E0
4.400229E0,2.221330E0,2.062762E0
4.404400E0,2.131138E0,2.115141E0
4.408571E0,2.162874E0,2.229179E0
4.412742E0,2.195830E0,2.333115E0
4.416913E0,2.174225E0,2.326600E0
4.421083E0,2.034708E0,2.258361E0
4.425254E0,2.221838E0,2.105646E0
4.429425E0,2.212840E0,2.169327E0
4.433596E0,2.187806E0,1.942925E0
4.437767E0,1.964200E0,2.097843E0
4.441937E0,2.184748E0,1.835426E0
4.446108E0,2.150813E0,1.661254E0
4.450279E0,2.299209E0,1.856603E0
