,mass A,,
t,x,y,
0.000000E0,2.615755E2,5.338276E0
4.170833E-3,2.491698E2,1.094741E1
8.341667E-3,2.333552E2,1.540327E1
1.251250E-2,2.156292E2,1.932940E1
1.668333E-2,1.958058E2,2.392460E1
2.085417E-2,1.583689E2,2.313253E1
2.502500E-2,1.336874E2,2.641351E1
2.919583E-2,1.062014E2,2.757972E1
3.336667E-2,6.978736E1,3.750178E1
3.753750E-2,3.515526E1,3.867045E1
4.170833E-2,6.099094E-1,3.817682E1
4.587917E-2,-3.028135E1,3.601172E1
5.005000E-2,-8.928350E1,2.067916E1
5.422083E-2,-1.166128E2,1.717761E1
5.839167E-2,-1.408165E2,1.550696E1
6.256250E-2,-1.634066E2,1.297189E1
6.673333E-2,-1.841928E2,1.145515E1
7.090417E-2,-2.026950E2,8.024080E0
7.507500E-2,-2.187236E2,5.285132E0
7.924583E-2,-2.303080E2,3.332211E0
8.341667E-2,-2.414951E2,-2.068905E0
8.758750E-2,-2.496730E2,-5.827823E0
9.175833E-2,-2.568454E2,-1.049299E1
9.592917E-2,-2.625091E2,-1.546635E1
1.001000E-1,-2.667044E2,-1.993818E1
1.042708E-1,-2.700692E2,-2.448097E1
1.084417E-1,-2.726357E2,-2.969565E1
1.126125E-1,-2.743903E2,-3.417349E1
1.167833E-1,-2.755857E2,-3.851732E1
1.209542E-1,-2.757134E2,-4.210488E1
1.251250E-1,-2.753407E2,-4.606699E1
1.292958E-1,-2.748391E2,-4.953477E1
1.334667E-1,-2.733104E2,-5.331886E1
1.376375E-1,-2.718115E2,-5.648954E1
1.418083E-1,-2.693864E2,-5.980682E1
1.459792E-1,-2.666617E2,-6.339557E1
1.501500E-1,-2.626391E2,-6.645506E1
1.543208E-1,-2.583674E2,-6.962547E1
1.584917E-1,-2.523364E2,-7.251589E1
1.626625E-1,-2.456339E2,-7.525254E1
1.668333E-1,-2.375327E2,-7.659667E1
1.710042E-1,-2.286534E2,-7.729817E1
1.751750E-1,-2.173373E2,-7.867710E1
1.793458E-1,-2.025313E2,-8.043557E1
1.835167E-1,-1.873199E2,-7.948155E1
1.876875E-1,-1.699178E2,-7.794764E1
1.918583E-1,-1.449553E2,-8.121742E1
1.960292E-1,-1.219243E2,-7.735540E1
2.002000E-1,-9.642002E1,-7.156473E1
2.043708E-1,-6.892894E1,-6.521089E1
2.085417E-1,-4.280053E1,-5.716913E1
2.127125E-1,-1.757177E1,-4.833024E1
2.168833E-1,5.559033E0,-3.593327E1
2.210542E-1,3.432810E1,-2.876661E1
2.252250E-1,9.701051E1,-1.823213E0
2.293958E-1,1.208549E2,8.859411E0
2.335667E-1,1.426456E2,2.080781E1
2.377375E-1,1.623303E2,3.301889E1
2.419083E-1,1.800947E2,4.745171E1
2.460792E-1,1.953321E2,6.194022E1
2.502500E-1,2.056101E2,7.249165E1
2.544208E-1,2.171692E2,8.320768E1
2.585917E-1,2.265346E2,9.382948E1
2.627625E-1,2.344907E2,1.017496E2
2.669333E-1,2.420566E2,1.069072E2
2.711042E-1,2.442942E2,1.185127E2
2.752750E-1,2.483986E2,1.237212E2
2.794458E-1,2.511517E2,1.296594E2
2.836167E-1,2.521874E2,1.363114E2
2.877875E-1,2.525281E2,1.402948E2
2.919583E-1,2.533990E2,1.439344E2
2.961292E-1,2.524816E2,1.476147E2
3.003000E-1,2.510443E2,1.506615E2
3.044708E-1,2.495611E2,1.535132E2
3.086417E-1,2.465124E2,1.563660E2
3.128125E-1,2.431411E2,1.579765E2
3.169833E-1,2.380876E2,1.606706E2
3.211542E-1,2.332945E2,1.619790E2
3.253250E-1,2.272087E2,1.618475E2
3.294958E-1,2.212644E2,1.610226E2
3.336667E-1,2.139624E2,1.596638E2
3.378375E-1,2.036263E2,1.594522E2
3.420083E-1,1.936310E2,1.573398E2
3.461792E-1,1.811502E2,1.532688E2
3.503500E-1,1.680640E2,1.477243E2
3.545208E-1,1.552990E2,1.368465E2
3.586917E-1,1.457518E2,1.252910E2
3.628625E-1,1.286884E2,1.147875E2
3.670333E-1,1.097684E2,1.017607E2
3.712042E-1,8.948526E1,8.587179E1
3.753750E-1,6.720979E1,7.148533E1
3.795458E-1,4.412376E1,5.557275E1
3.837167E-1,-1.920538E1,1.540909E1
3.878875E-1,-3.558851E1,1.067655E1
3.920583E-1,-5.234537E1,-1.500617E1
3.962292E-1,-7.258041E1,-3.298611E1
4.004000E-1,-9.072968E1,-5.278293E1
4.045708E-1,-1.075335E2,-6.851054E1
4.087417E-1,-1.218158E2,-8.552062E1
4.129125E-1,-1.344959E2,-9.997024E1
4.170833E-1,-1.446866E2,-1.144855E2
4.212542E-1,-1.533650E2,-1.259960E2
4.254250E-1,-1.605959E2,-1.363924E2
4.295958E-1,-1.664392E2,-1.453029E2
4.337667E-1,-1.702872E2,-1.541022E2
4.379375E-1,-1.736335E2,-1.626366E2
4.421083E-1,-1.752900E2,-1.687494E2
4.462792E-1,-1.763870E2,-1.752465E2
4.504500E-1,-1.767378E2,-1.807063E2
4.546208E-1,-1.762851E2,-1.850348E2
4.587917E-1,-1.750013E2,-1.893852E2
4.629625E-1,-1.737936E2,-1.926064E2
4.671333E-1,-1.715322E2,-1.949962E2
4.713042E-1,-1.692224E2,-1.968367E2
4.754750E-1,-1.659480E2,-1.994124E2
4.796458E-1,-1.622028E2,-1.999511E2
4.838167E-1,-1.586571E2,-2.002054E2
4.879875E-1,-1.543287E2,-1.994002E2
4.921583E-1,-1.491371E2,-1.980936E2
4.963292E-1,-1.429878E2,-1.964182E2
5.005000E-1,-1.363365E2,-1.930845E2
5.046708E-1,-1.292589E2,-1.902514E2
5.088417E-1,-1.207856E2,-1.844608E2
5.130125E-1,-1.109665E2,-1.786280E2
5.171833E-1,-1.012958E2,-1.690886E2
5.213542E-1,-8.982567E1,-1.596149E2
5.255250E-1,-7.466412E1,-1.493868E2
5.296958E-1,-6.384313E1,-1.327315E2
5.338667E-1,-4.750352E1,-1.192190E2
5.380375E-1,-3.254758E1,-1.002106E2
5.422083E-1,-1.763092E1,-7.920897E1
5.463792E-1,-5.141218E0,-4.826931E1
5.505500E-1,3.476519E0,-3.449394E1
5.547208E-1,1.738935E1,-1.259525E1
5.588917E-1,4.830813E1,2.678673E1
5.630625E-1,6.332866E1,5.442809E1
5.672333E-1,7.815921E1,7.833262E1
5.714042E-1,8.029872E1,8.750643E1
5.755750E-1,9.124502E1,1.048735E2
5.797458E-1,9.712093E1,1.253051E2
5.839167E-1,1.058677E2,1.418051E2
5.880875E-1,1.128604E2,1.583040E2
5.922583E-1,1.168849E2,1.736895E2
5.964292E-1,1.194760E2,1.854648E2
6.006000E-1,1.385102E2,1.946642E2
6.047708E-1,1.389230E2,2.036183E2
6.089417E-1,1.382150E2,2.108810E2
6.131125E-1,1.364596E2,2.165084E2
6.172833E-1,1.339274E2,2.210504E2
6.214542E-1,1.320130E2,2.248418E2
6.256250E-1,1.310060E2,2.287737E2
6.297958E-1,1.272757E2,2.299304E2
6.339667E-1,1.255833E2,2.315930E2
6.381375E-1,1.223587E2,2.317036E2
6.423083E-1,1.196758E2,2.312813E2
6.464792E-1,1.160709E2,2.298271E2
6.506500E-1,1.128456E2,2.273178E2
6.548208E-1,1.079504E2,2.241002E2
6.589917E-1,1.031163E2,2.189874E2
6.631625E-1,6.124736E1,1.864738E2
6.673333E-1,5.886310E1,1.883437E2
6.715042E-1,6.383469E1,1.710498E2
6.756750E-1,5.101279E1,1.547320E2
6.798458E-1,4.150122E1,1.348524E2
6.840167E-1,3.354017E1,1.391436E2
6.881875E-1,2.561203E1,1.197930E2
6.923583E-1,1.668094E1,9.715101E1
6.965292E-1,7.079148E0,7.223169E1
7.007000E-1,-7.204396E-1,7.480326E1
7.048708E-1,-1.325306E1,4.836277E1
7.090417E-1,-2.695024E1,2.088600E1
7.132125E-1,-3.477658E1,-7.433006E0
7.173833E-1,-4.047196E1,-3.614759E1
7.215542E-1,-4.528602E1,-6.245486E1
7.257250E-1,-4.946985E1,-8.540264E1
7.298958E-1,-5.129223E1,-1.080084E2
7.340667E-1,-5.357412E1,-1.280306E2
7.382375E-1,-5.445287E1,-1.462416E2
7.424083E-1,-5.431550E1,-1.622275E2
7.465792E-1,-5.404033E1,-1.766333E2
7.507500E-1,-5.628003E1,-1.870621E2
7.549208E-1,-5.546661E1,-1.975451E2
7.590917E-1,-5.301174E1,-2.062209E2
7.632625E-1,-5.169086E1,-2.133516E2
7.674333E-1,-4.954889E1,-2.191956E2
7.716042E-1,-4.611165E1,-2.240218E2
7.757750E-1,-4.559607E1,-2.272906E2
7.799458E-1,-4.190247E1,-2.302831E2
7.841167E-1,-3.928992E1,-2.314849E2
7.882875E-1,-3.531780E1,-2.319064E2
7.924583E-1,-3.209667E1,-2.316251E2
7.966292E-1,-2.792724E1,-2.305528E2
8.008000E-1,-2.444692E1,-2.277754E2
8.049708E-1,-2.050215E1,-2.242206E2
8.091417E-1,-1.710946E1,-2.196040E2
8.133125E-1,-1.321781E1,-2.132960E2
8.174833E-1,-9.437332E0,-2.053844E2
8.216542E-1,-5.537172E0,-1.969366E2
8.258250E-1,-1.169617E0,-1.857399E2
8.299958E-1,2.862010E0,-1.726463E2
8.341667E-1,9.035973E0,-1.581409E2
8.383375E-1,1.157816E1,-1.412373E2
8.425083E-1,1.465774E1,-1.224827E2
8.466792E-1,1.706632E1,-1.016228E2
8.508500E-1,2.056388E1,-7.908871E1
8.550208E-1,2.135601E1,-5.528826E1
8.591917E-1,3.214534E1,-4.742357E1
8.633625E-1,3.214923E1,-2.145845E1
8.675333E-1,2.971565E1,5.601846E0
8.717042E-1,2.561727E1,3.162724E1
8.758750E-1,2.041906E1,5.772086E1
8.800458E-1,1.313657E1,8.436770E1
8.842167E-1,9.423363E0,1.066442E2
8.883875E-1,7.745759E0,1.250835E2
8.925583E-1,5.177656E0,1.412701E2
8.967292E-1,6.120107E0,1.523583E2
9.009000E-1,1.424076E0,1.673054E2
9.050708E-1,-3.439211E0,1.795479E2
9.092417E-1,-6.455302E0,1.892686E2
9.134125E-1,-5.633271E0,1.606389E2
9.175833E-1,-7.765279E0,1.632593E2
9.217542E-1,-9.621729E0,1.657991E2
9.259250E-1,-1.249026E1,1.697971E2
9.300958E-1,-1.568455E1,1.732229E2
9.342667E-1,-1.760543E1,1.743907E2
9.384375E-1,-1.927714E1,1.750525E2
9.426083E-1,-2.061261E1,1.735159E2
9.467792E-1,-2.278766E1,1.742308E2
9.509500E-1,-2.667448E1,1.830420E2
9.551208E-1,-2.759540E1,1.798122E2
9.592917E-1,-2.344158E1,1.600291E2
9.634625E-1,-2.432962E1,1.550982E2
9.676333E-1,-2.452150E1,1.494682E2
9.718042E-1,-2.769225E1,1.552851E2
9.759750E-1,-2.825947E1,1.511230E2
9.801458E-1,-2.534630E1,1.366291E2
9.843167E-1,-3.961975E1,1.347345E2
9.884875E-1,-3.647847E1,1.138021E2
9.926583E-1,-3.376549E1,9.231129E1
9.968292E-1,-2.923555E1,6.900529E1
1.001000E0,-2.446752E1,4.369285E1
1.005171E0,-1.961421E1,1.772855E1
1.009342E0,-1.285202E1,-9.565671E0
1.013513E0,-3.398726E0,-3.619673E1
1.017683E0,6.519785E0,-6.132140E1
1.021854E0,1.595074E1,-8.352834E1
1.026025E0,2.863700E1,-1.041852E2
1.030196E0,3.945157E1,-1.230872E2
1.034367E0,4.828482E1,-1.391029E2
1.038537E0,5.760173E1,-1.499441E2
1.042708E0,6.411391E1,-1.615200E2
1.046879E0,6.987004E1,-1.698531E2
1.051050E0,7.475384E1,-1.782184E2
1.055221E0,7.937242E1,-1.859982E2
1.059392E0,8.331436E1,-1.916931E2
1.063562E0,8.703972E1,-1.964565E2
1.067733E0,9.008746E1,-1.997498E2
1.071904E0,9.320437E1,-2.019179E2
1.076075E0,9.561928E1,-2.031349E2
1.080246E0,9.739061E1,-2.033698E2
1.084417E0,9.901209E1,-2.027263E2
1.088588E0,1.001905E2,-2.010141E2
1.092758E0,1.008733E2,-1.982959E2
1.096929E0,1.010196E2,-1.945446E2
1.101100E0,1.009515E2,-1.897279E2
1.105271E0,1.002935E2,-1.839726E2
1.109442E0,9.898832E1,-1.772856E2
1.113612E0,9.666633E1,-1.681729E2
1.117783E0,9.403535E1,-1.586543E2
1.121954E0,9.038075E1,-1.466002E2
1.126125E0,8.608152E1,-1.335153E2
1.130296E0,7.936018E1,-1.164545E2
1.134467E0,7.157819E1,-9.739655E1
1.138637E0,6.337910E1,-7.729636E1
1.142808E0,4.996328E1,-7.654071E1
1.146979E0,3.432893E1,-5.239388E1
1.151150E0,2.012514E1,-2.749306E1
1.155321E0,9.325380E0,-4.278646E0
1.159492E0,-2.600396E0,1.862186E1
1.163662E0,-1.565351E1,4.150123E1
1.167833E0,-2.637938E1,6.178299E1
1.172004E0,-3.788049E1,8.125033E1
1.176175E0,-4.635652E1,9.790684E1
1.180346E0,-5.458418E1,1.126923E2
1.184517E0,-6.212449E1,1.260547E2
1.188687E0,-6.985477E1,1.374259E2
1.192858E0,-7.634546E1,1.476590E2
1.197029E0,-8.175619E1,1.555835E2
1.201200E0,-8.617726E1,1.620410E2
1.205371E0,-9.119573E1,1.677313E2
1.209542E0,-9.471321E1,1.714038E2
1.213713E0,-9.733634E1,1.738247E2
1.217883E0,-1.003942E2,1.755080E2
1.222054E0,-1.023955E2,1.756050E2
1.226225E0,-1.037535E2,1.745336E2
1.230396E0,-1.046048E2,1.725616E2
1.234567E0,-1.041721E2,1.689799E2
1.238738E0,-1.043714E2,1.647330E2
1.242908E0,-1.031145E2,1.590692E2
1.247079E0,-1.015216E2,1.517817E2
1.251250E0,-9.946854E1,1.434949E2
1.255421E0,-9.603562E1,1.334173E2
1.259592E0,-9.232618E1,1.226466E2
1.263763E0,-8.532796E1,1.089169E2
1.267933E0,-7.769904E1,9.374387E1
1.272104E0,-7.034979E1,7.774753E1
1.276275E0,-6.004665E1,5.943937E1
1.280446E0,-4.853650E1,3.991462E1
1.284617E0,-3.753256E1,2.143669E1
1.288787E0,-2.409085E1,1.099393E-1
1.292958E0,-7.518804E0,-2.205469E1
1.297129E0,8.120556E0,-4.250245E1
1.301300E0,2.701100E1,-6.225597E1
1.305471E0,4.364123E1,-7.845859E1
1.309642E0,6.105506E1,-9.460410E1
1.313813E0,7.544355E1,-1.080200E2
1.317983E0,8.754362E1,-1.199075E2
1.322154E0,9.844673E1,-1.303068E2
1.326325E0,1.074343E2,-1.384483E2
1.330496E0,9.984699E1,-1.403707E2
1.334667E0,1.066787E2,-1.460780E2
1.338838E0,1.127877E2,-1.509060E2
1.343008E0,1.176118E2,-1.543318E2
1.347179E0,1.217866E2,-1.569748E2
1.351350E0,1.248751E2,-1.585073E2
1.355521E0,1.272580E2,-1.589829E2
1.359692E0,1.285791E2,-1.585659E2
1.363862E0,1.289660E2,-1.572451E2
1.368033E0,1.287237E2,-1.546167E2
1.372204E0,1.272872E2,-1.511055E2
1.376375E0,1.250017E2,-1.470719E2
1.380546E0,1.215979E2,-1.415365E2
1.384717E0,1.173414E2,-1.352506E2
1.388888E0,1.115677E2,-1.276369E2
1.393058E0,1.050201E2,-1.190496E2
1.397229E0,9.711471E1,-1.090519E2
1.401400E0,8.869538E1,-9.819624E1
1.405571E0,7.740795E1,-8.519189E1
1.409742E0,6.587752E1,-7.189962E1
1.413912E0,5.127781E1,-5.648339E1
1.418083E0,3.478788E1,-3.806449E1
1.422254E0,1.438622E1,-1.636132E1
1.426425E0,-5.243561E0,7.653374E0
1.430596E0,-2.039638E1,2.651423E1
1.434767E0,-3.626518E1,4.530104E1
1.438937E0,-5.053602E1,5.751906E1
1.443108E0,-6.109812E1,6.595377E1
1.447279E0,-7.294200E1,7.793116E1
1.451450E0,-8.360459E1,8.856904E1
1.455621E0,-9.379715E1,9.792399E1
1.459792E0,-1.021455E2,1.053658E2
1.463963E0,-1.096974E2,1.129136E2
1.468133E0,-1.161546E2,1.182843E2
1.472304E0,-1.220668E2,1.230126E2
1.476475E0,-1.267037E2,1.258522E2
1.480646E0,-1.298036E2,1.288131E2
1.484817E0,-1.326370E2,1.297408E2
1.488987E0,-1.346026E2,1.298591E2
1.493158E0,-1.348563E2,1.289592E2
1.497329E0,-1.338306E2,1.276724E2
1.501500E0,-1.337234E2,1.239019E2
1.505671E0,-1.308673E2,1.209019E2
1.509842E0,-1.268666E2,1.159366E2
1.514012E0,-1.227486E2,1.098101E2
1.518183E0,-1.172527E2,1.026356E2
1.522354E0,-1.109323E2,9.406347E1
1.526525E0,-1.025575E2,8.476429E1
1.530696E0,-9.304929E1,7.499290E1
1.534867E0,-8.202368E1,6.313683E1
1.539037E0,-6.832447E1,5.043539E1
1.543208E0,-5.428982E1,3.641689E1
1.547379E0,-3.813450E1,2.077881E1
1.551550E0,-2.005607E1,5.696253E0
1.555721E0,-5.242407E-1,-9.945763E0
1.559892E0,1.986882E1,-2.371955E1
1.564062E0,3.855752E1,-3.582638E1
1.568233E0,5.688100E1,-4.734174E1
1.572404E0,7.604810E1,-5.797648E1
1.576575E0,9.263510E1,-6.764981E1
1.580746E0,1.071435E2,-7.634660E1
1.584917E0,1.181757E2,-8.354156E1
1.589087E0,1.289310E2,-8.937343E1
1.593258E0,1.377730E2,-9.370199E1
1.597429E0,1.435474E2,-9.746775E1
1.601600E0,1.491178E2,-1.000868E2
1.605771E0,1.546733E2,-1.022442E2
1.609942E0,1.571522E2,-1.032239E2
1.614113E0,1.590133E2,-1.032548E2
1.618283E0,1.590684E2,-1.028972E2
1.622454E0,1.583646E2,-1.015112E2
1.626625E0,1.555445E2,-1.000061E2
1.630796E0,1.517698E2,-9.737304E1
1.634967E0,1.461853E2,-9.343141E1
1.639138E0,1.378668E2,-8.925816E1
1.643308E0,1.307463E2,-8.338738E1
1.647479E0,1.202109E2,-7.646876E1
1.651650E0,1.076373E2,-6.912135E1
1.655821E0,9.284792E1,-6.037722E1
1.659992E0,7.583977E1,-5.020053E1
1.664163E0,5.865788E1,-3.949309E1
1.668333E0,4.077156E1,-2.779283E1
1.672504E0,2.018161E1,-1.538464E1
1.676675E0,-4.070193E-1,-2.095309E0
1.680846E0,-1.928389E1,1.077820E1
1.685017E0,-3.725757E1,2.297563E1
1.689188E0,-5.308730E1,3.327723E1
1.693358E0,-6.653967E1,4.294976E1
1.697529E0,-7.898958E1,5.191625E1
1.701700E0,-9.052181E1,5.995755E1
1.705871E0,-9.927912E1,6.676771E1
1.710042E0,-1.079041E2,7.308483E1
1.714213E0,-1.149304E2,7.892743E1
1.718383E0,-1.208398E2,8.301151E1
1.722554E0,-1.257440E2,8.671019E1
1.726725E0,-1.295020E2,8.882739E1
1.730896E0,-1.320423E2,9.108259E1
1.735067E0,-1.320495E2,9.283257E1
1.739237E0,-1.321693E2,9.254431E1
1.743408E0,-1.302936E2,9.239498E1
1.747579E0,-1.272799E2,9.133646E1
1.751750E0,-1.240420E2,8.906958E1
1.755921E0,-1.186301E2,8.575581E1
1.760092E0,-1.120296E2,8.206825E1
1.764263E0,-1.032329E2,7.743282E1
1.768433E0,-9.502487E1,7.196696E1
1.772604E0,-8.414997E1,6.422387E1
1.776775E0,-7.268742E1,5.671395E1
1.780946E0,-5.948240E1,4.765101E1
1.785117E0,-4.414636E1,3.733343E1
1.789288E0,-2.820531E1,2.571729E1
1.793458E0,-9.509329E0,1.361120E1
1.797629E0,8.272180E0,-9.286540E-1
1.801800E0,2.643293E1,-1.459066E1
1.805971E0,4.178117E1,-2.687754E1
1.810142E0,5.726182E1,-3.894732E1
1.814312E0,6.990482E1,-4.938318E1
1.818483E0,8.419563E1,-5.999713E1
1.822654E0,9.633292E1,-6.904534E1
1.826825E0,1.052118E2,-7.703134E1
1.830996E0,1.150055E2,-8.338618E1
1.835167E0,1.206064E2,-8.970763E1
1.839338E0,1.262405E2,-9.347369E1
1.843508E0,1.279725E2,-9.707845E1
1.847679E0,1.303200E2,-9.957210E1
1.851850E0,1.288944E2,-1.013384E2
1.856021E0,1.294605E2,-1.016290E2
1.860192E0,1.273344E2,-1.014381E2
1.864362E0,1.235278E2,-1.002810E2
1.868533E0,1.183430E2,-9.808348E1
1.872704E0,1.121447E2,-9.509102E1
1.876875E0,1.033347E2,-9.102832E1
1.881046E0,9.324058E1,-8.511729E1
1.885217E0,8.195480E1,-7.753776E1
1.889387E0,6.995336E1,-6.880437E1
1.893558E0,5.608896E1,-5.916226E1
1.897729E0,4.067232E1,-4.762002E1
1.901900E0,2.512054E1,-3.501586E1
1.906071E0,9.276391E0,-2.142809E1
1.910242E0,-7.157710E0,-6.261923E0
1.914413E0,-2.113872E1,9.340172E0
1.918583E0,-3.473760E1,2.346375E1
1.922754E0,-4.322143E1,3.724918E1
1.926925E0,-5.475789E1,4.865472E1
1.931096E0,-6.147928E1,6.050471E1
1.935267E0,-6.937538E1,6.979271E1
1.939437E0,-7.595787E1,7.877684E1
1.943608E0,-8.072270E1,8.659341E1
1.947779E0,-8.483514E1,9.292302E1
1.951950E0,-8.867122E1,9.791227E1
1.956121E0,-8.994577E1,1.027365E2
1.960292E0,-9.077758E1,1.055739E2
1.964463E0,-9.058915E1,1.075514E2
1.968633E0,-9.059731E1,1.079341E2
1.972804E0,-8.824684E1,1.074024E2
1.976975E0,-8.533485E1,1.055334E2
1.981146E0,-8.133076E1,1.025263E2
1.985317E0,-7.601570E1,9.864576E1
1.989487E0,-7.047402E1,9.262058E1
1.993658E0,-6.450881E1,8.547965E1
1.997829E0,-5.748710E1,7.681876E1
2.002000E0,-4.862282E1,6.659634E1
2.006171E0,-3.996223E1,5.513105E1
2.010342E0,-2.988316E1,4.213809E1
2.014512E0,-1.768966E1,2.761809E1
2.018683E0,-4.704592E0,1.104313E1
2.022854E0,7.893479E0,-7.046862E0
2.027025E0,1.913942E1,-2.319100E1
2.031196E0,3.010263E1,-3.852547E1
2.035367E0,4.034366E1,-5.255002E1
2.039538E0,5.068712E1,-6.623824E1
2.043708E0,5.930985E1,-7.812331E1
2.047879E0,6.718913E1,-8.783603E1
2.052050E0,7.293006E1,-9.601674E1
2.056221E0,7.809095E1,-1.028474E2
2.060392E0,8.212074E1,-1.081040E2
2.064563E0,8.491007E1,-1.119150E2
2.068733E0,8.632278E1,-1.144136E2
2.072904E0,8.705834E1,-1.151987E2
2.077075E0,8.650197E1,-1.150975E2
2.081246E0,8.548367E1,-1.138941E2
2.085417E0,8.225472E1,-1.112299E2
2.089587E0,7.870649E1,-1.072428E2
2.093758E0,7.295002E1,-1.016229E2
2.097929E0,6.566496E1,-9.462556E1
2.102100E0,5.887353E1,-8.723510E1
2.106271E0,4.889393E1,-7.642638E1
2.110442E0,3.842983E1,-6.337688E1
2.114613E0,2.871949E1,-5.036327E1
2.118783E0,1.821993E1,-3.451378E1
2.122954E0,7.250773E0,-1.812492E1
2.127125E0,-3.925944E0,-8.298382E-1
2.131296E0,-1.332314E1,1.649737E1
2.135467E0,-2.253757E1,3.088340E1
2.139637E0,-2.941739E1,4.442596E1
2.143808E0,-3.446837E1,5.772264E1
2.147979E0,-3.964146E1,6.953355E1
2.152150E0,-4.440683E1,7.864368E1
2.156321E0,-4.778482E1,8.747599E1
2.160492E0,-5.111634E1,9.381177E1
2.164662E0,-5.381194E1,9.966339E1
2.168833E0,-5.567616E1,1.038373E2
2.173004E0,-5.675323E1,1.067243E2
2.177175E0,-5.721278E1,1.078218E2
2.181346E0,-5.699003E1,1.080283E2
2.185517E0,-5.489199E1,1.065531E2
2.189687E0,-5.263399E1,1.035746E2
2.193858E0,-4.952984E1,9.942879E1
2.198029E0,-4.662514E1,9.386741E1
2.202200E0,-4.236756E1,8.617679E1
2.206371E0,-3.778731E1,7.772014E1
2.210542E0,-3.208366E1,6.766200E1
2.214713E0,-2.653745E1,5.564513E1
2.218883E0,-2.056901E1,4.163660E1
2.223054E0,-1.359113E1,2.597746E1
2.227225E0,-2.655888E0,9.426399E0
2.231396E0,4.778851E0,-8.775135E0
2.235567E0,1.358451E1,-2.481692E1
2.239738E0,2.208766E1,-4.026709E1
2.243908E0,2.982886E1,-5.437356E1
2.248079E0,3.739325E1,-6.667584E1
2.252250E0,4.434142E1,-7.673558E1
2.256421E0,4.942791E1,-8.628993E1
2.260592E0,5.385057E1,-9.353670E1
2.264762E0,5.768818E1,-9.913721E1
2.268933E0,5.962047E1,-1.030591E2
2.273104E0,6.159921E1,-1.054944E2
2.277275E0,6.192748E1,-1.064861E2
2.281446E0,6.205263E1,-1.062545E2
2.285617E0,6.103726E1,-1.045096E2
2.289788E0,5.887495E1,-1.010564E2
2.293958E0,5.616858E1,-9.655479E1
2.298129E0,5.168149E1,-9.026116E1
2.302300E0,4.620377E1,-8.238386E1
2.306471E0,4.034322E1,-7.294054E1
2.310642E0,3.363733E1,-6.092797E1
2.314812E0,2.554534E1,-4.792732E1
2.318983E0,1.730925E1,-3.321493E1
2.323154E0,9.302306E0,-1.700042E1
2.327325E0,6.214004E-1,-9.724895E-1
2.331496E0,-6.696455E0,1.588586E1
2.335667E0,-1.236598E1,3.029376E1
2.339838E0,-1.960385E1,4.302234E1
2.344008E0,-2.423434E1,5.420377E1
2.348179E0,-2.961089E1,6.401851E1
2.352350E0,-3.383819E1,7.248405E1
2.356521E0,-3.736245E1,7.925904E1
2.360692E0,-4.111205E1,8.496264E1
2.364863E0,-4.354126E1,8.924886E1
2.369033E0,-4.568447E1,9.194212E1
2.373204E0,-4.638177E1,9.344065E1
2.377375E0,-4.647245E1,9.350851E1
2.381546E0,-4.670153E1,9.190791E1
2.385717E0,-4.491922E1,8.895978E1
2.389887E0,-4.244910E1,8.443141E1
2.394058E0,-3.984054E1,7.861210E1
2.398229E0,-3.742691E1,7.093733E1
2.402400E0,-3.300906E1,6.264445E1
2.406571E0,-2.867650E1,5.242981E1
2.410742E0,-2.298862E1,4.093147E1
2.414912E0,-1.689203E1,2.705490E1
2.419083E0,-8.455081E0,1.227646E1
2.423254E0,-2.439822E-1,-3.340641E0
2.427425E0,8.858203E0,-1.834932E1
2.431596E0,1.720659E1,-3.203435E1
2.435767E0,2.513350E1,-4.316557E1
2.439938E0,3.229985E1,-5.322913E1
2.444108E0,3.901869E1,-6.208961E1
2.448279E0,4.460661E1,-6.979974E1
2.452450E0,5.160529E1,-7.528767E1
2.456621E0,5.425914E1,-7.956128E1
2.460792E0,5.628998E1,-8.246111E1
2.464962E0,5.702257E1,-8.388565E1
2.469133E0,5.781503E1,-8.414810E1
2.473304E0,5.661775E1,-8.290979E1
2.477475E0,5.554623E1,-8.044218E1
2.481646E0,5.218893E1,-7.615777E1
2.485817E0,4.804699E1,-7.007632E1
2.489988E0,4.173604E1,-6.264375E1
2.494158E0,3.557954E1,-5.385620E1
2.498329E0,2.824269E1,-4.302920E1
2.502500E0,2.048172E1,-3.165285E1
2.506671E0,1.253274E1,-1.885728E1
2.510842E0,3.906213E0,-5.047096E0
2.515012E0,-5.348147E0,9.128320E0
2.519183E0,-1.327553E1,2.114694E1
2.523354E0,-2.002845E1,3.182105E1
2.527525E0,-2.553624E1,4.095494E1
2.531696E0,-3.055598E1,4.961433E1
2.535867E0,-3.488770E1,5.687243E1
2.540037E0,-3.808510E1,6.283348E1
2.544208E0,-4.139386E1,6.692946E1
2.548379E0,-4.292322E1,7.045647E1
2.552550E0,-4.435158E1,7.221370E1
2.556721E0,-4.498414E1,7.305366E1
2.560892E0,-4.450146E1,7.204242E1
2.565062E0,-4.287159E1,7.002663E1
2.569233E0,-3.996382E1,6.661402E1
2.573404E0,-3.683499E1,6.166872E1
2.577575E0,-3.294229E1,5.509346E1
2.581746E0,-2.878062E1,4.769797E1
2.585917E0,-2.358102E1,3.883401E1
2.590088E0,-1.791683E1,2.803817E1
2.594258E0,-1.064923E1,1.577791E1
2.598429E0,-2.433767E0,2.251994E0
2.602600E0,5.789757E0,-1.096029E1
2.606771E0,1.325080E1,-2.253809E1
2.610942E0,2.082565E1,-3.299999E1
2.615113E0,2.722391E1,-4.232121E1
2.619283E0,3.210653E1,-4.925651E1
2.623454E0,3.684622E1,-5.507836E1
2.627625E0,3.961790E1,-5.964573E1
2.631796E0,4.314412E1,-6.325985E1
2.635967E0,4.533510E1,-6.506250E1
2.640137E0,4.551255E1,-6.549724E1
2.644308E0,4.513812E1,-6.437522E1
2.648479E0,4.400819E1,-6.193408E1
2.652650E0,4.134326E1,-5.809435E1
2.656821E0,3.732906E1,-5.237675E1
2.660992E0,3.239812E1,-4.571493E1
2.665163E0,2.646702E1,-3.691202E1
2.669333E0,1.958544E1,-2.736745E1
2.673504E0,1.242789E1,-1.680017E1
2.677675E0,4.068855E0,-4.294751E0
2.681846E0,-3.699191E0,7.521803E0
2.686017E0,-9.916904E0,1.778739E1
2.690187E0,-1.600891E1,2.695561E1
2.694358E0,-2.116812E1,3.456491E1
2.698529E0,-2.627459E1,4.095675E1
2.702700E0,-2.927869E1,4.628238E1
2.706871E0,-3.275914E1,5.067983E1
2.711042E0,-3.476949E1,5.358690E1
2.715213E0,-3.601225E1,5.552917E1
2.719383E0,-3.628290E1,5.586136E1
2.723554E0,-3.581862E1,5.510687E1
2.727725E0,-3.382539E1,5.283965E1
2.731896E0,-3.064246E1,4.969230E1
2.736067E0,-2.744041E1,4.480748E1
2.740238E0,-2.299657E1,3.890685E1
2.744408E0,-1.836552E1,3.160810E1
2.748579E0,-1.290727E1,2.285794E1
2.752750E0,-6.743975E0,1.267132E1
2.756921E0,-4.157558E-1,1.264933E0
2.761092E0,6.707645E0,-9.935961E0
2.765262E0,1.273351E1,-2.007190E1
2.769433E0,1.864222E1,-2.887388E1
2.773604E0,2.209395E1,-3.554728E1
2.777775E0,2.487258E1,-4.087986E1
2.781946E0,2.753332E1,-4.510151E1
2.786117E0,2.808399E1,-4.758063E1
2.790287E0,2.912781E1,-4.877218E1
2.794458E0,2.899544E1,-4.840388E1
2.798629E0,2.882314E1,-4.635469E1
2.802800E0,2.700927E1,-4.332404E1
2.806971E0,2.496120E1,-3.899175E1
2.811142E0,2.131865E1,-3.254901E1
2.815313E0,1.757909E1,-2.498498E1
2.819483E0,1.273635E1,-1.589182E1
2.823654E0,6.982309E0,-6.002230E0
2.827825E0,1.172248E0,4.099588E0
2.831996E0,-5.343304E0,1.360885E1
2.836167E0,-1.066719E1,2.133030E1
2.840337E0,-1.509245E1,2.782151E1
2.844508E0,-1.888084E1,3.253866E1
2.848679E0,-2.203111E1,3.663437E1
2.852850E0,-2.432699E1,3.909526E1
2.857021E0,-2.575493E1,4.064942E1
2.861192E0,-2.624731E1,4.074604E1
2.865363E0,-2.575238E1,3.954777E1
2.869533E0,-2.464858E1,3.707753E1
2.873704E0,-2.166444E1,3.332660E1
2.877875E0,-1.837999E1,2.844107E1
2.882046E0,-1.457512E1,2.253998E1
2.886217E0,-9.133174E0,1.571815E1
2.890387E0,-3.973006E0,7.584804E0
2.894558E0,3.515583E0,-1.467362E0
2.898729E0,9.714532E0,-9.032501E0
2.902900E0,1.520430E1,-1.597729E1
2.907071E0,1.971686E1,-2.089151E1
2.911242E0,2.268790E1,-2.528954E1
2.915412E0,2.473268E1,-2.755727E1
2.919583E0,2.631450E1,-2.893808E1
2.923754E0,2.619451E1,-2.914981E1
2.927925E0,2.544744E1,-2.806680E1
2.932096E0,2.267513E1,-2.534296E1
2.936267E0,1.973585E1,-2.193542E1
2.940437E0,1.533314E1,-1.700550E1
2.944608E0,1.039605E1,-1.106666E1
2.948779E0,3.762777E0,-4.250588E0
2.952950E0,-2.587999E0,3.185637E0
2.957121E0,-8.313339E0,1.024997E1
2.961292E0,-1.281965E1,1.583227E1
2.965463E0,-1.645217E1,2.006233E1
2.969633E0,-1.888108E1,2.329305E1
2.973804E0,-2.062792E1,2.568482E1
2.977975E0,-2.065718E1,2.664890E1
2.982146E0,-1.978405E1,2.672498E1
2.986317E0,-1.788617E1,2.563657E1
2.990487E0,-1.468245E1,2.370704E1
2.994658E0,-1.067998E1,2.011595E1
2.998829E0,-5.922283E0,1.560607E1
3.003000E0,-1.127018E0,9.905784E0
3.007171E0,3.823700E0,2.809921E0
3.011342E0,8.457625E0,-3.897303E0
3.015512E0,1.181599E1,-9.496498E0
3.019683E0,1.468629E1,-1.406297E1
3.023854E0,1.620704E1,-1.717392E1
3.028025E0,1.662233E1,-1.936645E1
3.032196E0,1.600773E1,-2.006212E1
3.036367E0,1.480229E1,-1.944210E1
3.040538E0,1.226298E1,-1.732102E1
3.044708E0,8.842307E0,-1.410544E1
3.048879E0,5.063792E0,-9.504923E0
3.053050E0,5.520163E-1,-3.705485E0
3.057221E0,-4.295297E0,2.888119E0
3.061392E0,-7.190184E0,8.792640E0
3.065562E0,-9.615466E0,1.302065E1
3.069733E0,-1.088165E1,1.663127E1
3.073904E0,-1.094288E1,1.877330E1
3.078075E0,-1.029398E1,1.994074E1
3.082246E0,-8.841235E0,1.966961E1
3.086417E0,-6.407091E0,1.802256E1
3.090588E0,-3.629982E0,1.516088E1
3.094758E0,1.977422E-1,1.140171E1
3.098929E0,3.268660E0,5.977746E0
3.103100E0,5.942852E0,-4.589994E-2
3.107271E0,8.268432E0,-6.038406E0
3.111442E0,9.097139E0,-1.000425E1
3.115613E0,9.313501E0,-1.307549E1
3.119783E0,9.451639E0,-1.445755E1
3.123954E0,8.462353E0,-1.439851E1
3.128125E0,6.661928E0,-1.321785E1
3.132296E0,4.612178E0,-1.064687E1
3.136467E0,1.552253E0,-6.272352E0
3.140637E0,-1.494423E0,-1.088025E0
3.144808E0,-3.670632E0,4.250276E0
3.148979E0,-5.056024E0,8.885903E0
3.153150E0,-5.438213E0,1.181514E1
3.157321E0,-5.001676E0,1.411932E1
3.161492E0,-3.640589E0,1.478070E1
3.165662E0,-1.519478E0,1.433219E1
3.169833E0,5.773825E-1,1.237174E1
3.174004E0,3.027972E0,9.644176E0
3.178175E0,4.834456E0,4.499385E0
3.182346E0,5.510364E0,-1.042030E0
3.186517E0,6.087745E0,-5.250028E0
3.190688E0,5.472202E0,-9.034682E0
3.194858E0,4.505345E0,-1.118502E1
3.199029E0,3.111786E0,-1.183161E1
3.203200E0,1.419555E0,-1.107739E1
3.207371E0,3.362253E-1,-8.660284E0
3.211542E0,-1.775204E0,-5.087142E0
3.215712E0,-2.534074E0,-4.272599E-1
3.219883E0,-2.802977E0,4.166086E0
3.224054E0,-1.445868E0,7.782832E0
3.228225E0,6.998346E-1,1.051592E1
3.232396E0,2.352350E0,1.191025E1
3.236567E0,4.392894E0,1.169651E1
3.240738E0,5.360918E0,9.966857E0
3.244908E0,6.377434E0,7.217518E0
3.249079E0,5.344414E0,3.133753E0
3.253250E0,4.207010E0,-1.147624E0
3.257421E0,1.695651E0,-5.282193E0
3.261592E0,-9.253112E-1,-7.311386E0
3.265763E0,-3.138319E0,-8.676323E0
3.269933E0,-4.905406E0,-8.148411E0
3.274104E0,-5.912821E0,-7.031117E0
3.278275E0,-5.660207E0,-5.148688E0
3.282446E0,-4.346589E0,-2.241868E0
3.286617E0,-1.617946E0,8.419895E-1
3.290787E0,2.252007E0,3.889613E0
3.294958E0,6.008435E0,6.059064E0
3.299129E0,8.793155E0,6.723050E0
3.303300E0,1.027833E1,6.935315E0
3.307471E0,1.069577E1,5.900565E0
3.311642E0,1.018573E1,4.677854E0
3.315812E0,8.011236E0,2.762981E0
3.319983E0,4.695375E0,4.235989E-1
3.324154E0,2.664444E-1,-1.131948E0
3.328325E0,-3.554371E0,-2.255196E0
3.332496E0,-6.504491E0,-3.313647E0
3.336667E0,-7.456147E0,-3.570655E0
3.340838E0,-7.475598E0,-3.518180E0
3.345008E0,-6.100532E0,-3.318088E0
3.349179E0,-3.435396E0,-2.326422E0
3.353350E0,3.665352E-1,-1.019132E0
3.357521E0,4.485964E0,8.176980E-1
3.361692E0,7.418148E0,2.985179E0
3.365862E0,9.069043E0,4.920047E0
3.370033E0,9.444990E0,5.913547E0
3.374204E0,8.983238E0,6.822859E0
3.378375E0,6.981991E0,6.121461E0
3.382546E0,4.502225E0,4.180693E0
3.386717E0,6.612873E-1,1.842199E0
3.390888E0,-2.632353E0,-1.037086E0
3.395058E0,-4.000489E0,-3.206666E0
3.399229E0,-4.391608E0,-5.328799E0
3.403400E0,-3.882242E0,-6.223258E0
3.407571E0,-2.503353E0,-6.399509E0
3.411742E0,-5.811602E-1,-5.066545E0
3.415913E0,1.823128E0,-2.720180E0
3.420083E0,3.623931E0,8.426372E-1
3.424254E0,4.462576E0,4.751087E0
3.428425E0,4.597957E0,7.386724E0
3.432596E0,4.145299E0,9.471881E0
3.436767E0,3.315402E0,9.436280E0
3.440937E0,1.635644E0,7.998109E0
3.445108E0,5.809814E-1,5.470096E0
3.449279E0,-2.598161E-1,1.673073E0
3.453450E0,3.432189E-1,-1.538063E0
3.457621E0,1.150440E0,-4.301119E0
3.461792E0,1.347936E0,-6.055108E0
3.465963E0,1.609346E0,-6.520602E0
3.470133E0,1.577501E0,-5.284144E0
3.474304E0,1.468753E0,-2.771997E0
3.478475E0,6.605732E-1,6.064936E-1
3.482646E0,8.462462E-1,4.362702E0
3.486817E0,1.149069E0,7.509039E0
3.490988E0,1.801014E0,8.820595E0
3.495158E0,2.330034E0,8.871647E0
3.499329E0,2.956888E0,7.995575E0
3.503500E0,3.208701E0,5.307342E0
3.507671E0,2.485399E0,1.807726E0
3.511842E0,1.609493E0,-1.257529E0
3.516013E0,2.963619E-1,-3.357389E0
3.520183E0,-1.004388E0,-4.145302E0
3.524354E0,-1.662750E0,-4.221499E0
3.528525E0,-1.650569E0,-3.066585E0
3.532696E0,-6.096382E-1,-6.491149E-1
3.536867E0,1.170040E0,2.095529E0
3.541037E0,3.599751E0,4.489934E0
3.545208E0,5.226570E0,6.450241E0
3.549379E0,5.826101E0,6.766829E0
3.553550E0,5.866068E0,6.384673E0
3.557721E0,4.933439E0,5.853559E0
3.561892E0,3.203145E0,3.470654E0
3.566063E0,7.468607E-1,4.940774E-1
3.570233E0,-1.215830E0,-1.216327E0
3.574404E0,-1.941869E0,-2.433444E0
3.578575E0,-1.864661E0,-2.921032E0
3.582746E0,-8.085846E-1,-2.695542E0
3.586917E0,1.125319E0,-3.467196E-1
3.591087E0,2.364516E0,1.327902E0
3.595258E0,3.448292E0,4.125657E0
3.599429E0,4.253803E0,6.868597E0
3.603600E0,4.098547E0,8.028152E0
3.607771E0,3.533630E0,7.531309E0
3.611942E0,2.393652E0,5.992342E0
3.616113E0,1.689881E0,3.636704E0
3.620283E0,1.129801E0,9.563391E-1
3.624454E0,1.345943E0,-1.379952E0
3.628625E0,1.421472E0,-2.622287E0
3.632796E0,1.280779E0,-2.518923E0
3.636967E0,9.874518E-1,-1.293599E0
3.641138E0,9.984864E-1,9.659088E-1
3.645308E0,1.502991E0,3.043902E0
3.649479E0,2.877914E0,5.328146E0
3.653650E0,3.874127E0,6.536353E0
3.657821E0,4.234716E0,6.942810E0
3.661992E0,4.342392E0,5.945164E0
3.666162E0,3.545143E0,3.750897E0
3.670333E0,2.237644E0,1.938069E0
3.674504E0,6.333751E-1,-2.132156E-1
3.678675E0,-5.991716E-1,-1.284332E0
3.682846E0,-5.631823E-1,-1.775409E0
3.687017E0,-2.267522E-1,-1.142743E0
3.691187E0,1.450064E0,2.753138E-1
3.695358E0,2.645637E0,2.272701E0
3.699529E0,3.461644E0,4.375630E0
3.703700E0,4.336136E0,6.525911E0
3.707871E0,3.540395E0,6.828349E0
3.712042E0,3.088603E0,6.561191E0
3.716213E0,2.365480E0,4.863805E0
3.720383E0,2.029340E0,3.029294E0
3.724554E0,1.647579E0,6.947849E-1
3.728725E0,1.510023E0,-5.706867E-1
3.732896E0,1.140194E0,-5.316828E-1
3.737067E0,1.156409E0,2.967657E-1
3.741237E0,1.364197E0,1.876002E0
3.745408E0,2.126407E0,3.966174E0
3.749579E0,3.150520E0,5.507927E0
3.753750E0,4.321731E0,6.625737E0
3.757921E0,4.545006E0,6.459655E0
3.762092E0,4.188074E0,5.905322E0
3.766263E0,3.291757E0,4.342970E0
3.770433E0,2.122090E0,2.842751E0
3.774604E0,1.276029E0,1.529435E0
3.778775E0,1.154215E0,6.586178E-1
3.782946E0,1.309129E0,6.389588E-1
3.787117E0,2.173446E0,1.558550E0
3.791287E0,2.644578E0,2.856289E0
3.795458E0,3.160570E0,4.911603E0
3.799629E0,3.318306E0,6.000122E0
3.803800E0,3.934607E0,6.992473E0
3.807971E0,4.192696E0,6.593498E0
3.812142E0,3.322258E0,5.174223E0
3.816312E0,3.200246E0,3.683474E0
3.820483E0,2.666912E0,1.592359E0
3.824654E0,1.769773E0,5.297617E-1
3.828825E0,1.366977E0,7.646303E-1
3.832996E0,1.455601E0,1.002609E0
3.837167E0,2.373791E0,2.650907E0
3.841338E0,3.020181E0,4.138357E0
3.845508E0,3.686163E0,4.769451E0
3.849679E0,3.758178E0,5.503264E0
3.853850E0,3.686719E0,5.560579E0
3.858021E0,3.091789E0,5.149004E0
3.862192E0,2.664726E0,3.546352E0
3.866363E0,2.336552E0,2.426759E0
3.870533E0,1.629588E0,8.964943E-1
3.874704E0,1.584896E0,4.941150E-1
3.878875E0,1.531954E0,1.006907E0
3.883046E0,2.128901E0,2.472580E0
3.887217E0,2.670265E0,3.203313E0
3.891388E0,2.976126E0,4.934614E0
3.895558E0,3.549893E0,5.451117E0
3.899729E0,3.561784E0,5.522125E0
3.903900E0,3.140748E0,4.974881E0
3.908071E0,2.831337E0,3.659727E0
3.912242E0,2.212457E0,2.694222E0
3.916412E0,1.571151E0,1.432317E0
3.920583E0,1.446069E0,1.481103E0
3.924754E0,1.765823E0,1.587105E0
3.928925E0,2.192838E0,2.728765E0
3.933096E0,2.547448E0,3.637844E0
3.937267E0,2.661530E0,4.550795E0
3.941438E0,3.102380E0,5.515443E0
3.945608E0,3.085591E0,5.434462E0
3.949779E0,3.032092E0,4.921013E0
3.953950E0,2.866007E0,3.659175E0
3.958121E0,2.166522E0,3.145423E0
3.962292E0,1.751254E0,1.786656E0
3.966463E0,1.755447E0,1.549632E0
3.970633E0,1.641540E0,1.873291E0
3.974804E0,2.210950E0,2.900928E0
3.978975E0,2.671165E0,3.473433E0
3.983146E0,2.805255E0,4.275393E0
3.987317E0,2.784363E0,4.687010E0
3.991488E0,2.549964E0,4.655905E0
3.995658E0,2.356182E0,4.054516E0
3.999829E0,2.176939E0,3.585918E0
4.004000E0,1.997306E0,2.955396E0
4.008171E0,1.938690E0,2.689534E0
4.012342E0,1.535157E0,1.971457E0
4.016513E0,2.085972E0,2.647752E0
4.020683E0,2.466263E0,3.296115E0
4.024854E0,2.647282E0,3.901542E0
4.029025E0,2.514606E0,4.033095E0
4.033196E0,2.777450E0,4.186251E0
4.037367E0,2.436315E0,4.087734E0
4.041537E0,2.393109E0,3.682076E0
4.045708E0,2.294195E0,3.400356E0
4.049879E0,1.958880E0,3.058128E0
4.054050E0,1.947352E0,2.916039E0
4.058221E0,2.033055E0,2.909796E0
4.062392E0,2.346941E0,2.909043E0
4.066562E0,2.421632E0,3.099574E0
4.070733E0,2.416887E0,3.124544E0
4.074904E0,2.584329E0,3.470706E0
4.079075E0,2.522064E0,3.621451E0
4.083246E0,2.632234E0,3.299359E0
4.087417E0,2.230121E0,3.145080E0
4.091588E0,2.138149E0,2.825928E0
4.095758E0,2.219562E0,2.656816E0
4.099929E0,2.190604E0,2.591115E0
4.104100E0,2.216787E0,2.872105E0
4.108271E0,2.373921E0,2.900033E0
4.112442E0,2.425406E0,3.081672E0
4.116613E0,2.403935E0,3.170699E0
4.120783E0,2.329730E0,3.157081E0
4.124954E0,2.487937E0,2.816189E0
4.129125E0,2.423743E0,2.673695E0
4.133296E0,2.355076E0,2.498317E0
4.137467E0,2.254262E0,2.375953E0
4.141637E0,2.291295E0,2.432988E0
4.145808E0,2.310722E0,2.688457E0
4.149979E0,2.463166E0,2.858945E0
4.154150E0,2.477703E0,2.896246E0
4.158321E0,2.493653E0,3.146632E0
4.162492E0,2.506947E0,2.951841E0
4.166663E0,2.479023E0,2.735917E0
4.170833E0,2.292497E0,2.746175E0
4.175004E0,2.453076E0,2.535044E0
4.179175E0,2.328942E0,2.516951E0
4.183346E0,2.239403E0,2.604713E0
4.187517E0,2.484112E0,2.618792E0
4.191687E0,2.342811E0,2.763590E0
4.195858E0,2.454251E0,2.820427E0
4.200029E0,2.466991E0,2.958848E0
4.204200E0,2.466102E0,2.764185E0
4.208371E0,2.370241E0,2.827813E0
4.212542E0,2.289379E0,2.823737E0
4.216712E0,2.351336E0,2.773383E0
4.220883E0,2.373464E0,2.478157E0
4.225054E0,2.275269E0,2.661891E0
4.229225E0,2.364707E0,2.739549E0
4.233396E0,2.323247E0,2.802646E0
4.237567E0,2.429012E0,2.901762E0
4.241738E0,2.460612E0,2.746907E0
4.245908E0,2.436891E0,2.850806E0
4.250079E0,2.448976E0,2.826505E0
4.254250E0,2.366894E0,2.904530E0
4.258421E0,2.285908E0,2.694045E0
4.262592E0,2.427532E0,2.748396E0
4.266762E0,2.455624E0,2.625490E0
4.270933E0,2.303063E0,2.701812E0
4.275104E0,2.396468E0,2.677878E0
4.279275E0,2.428059E0,2.765031E0
4.283446E0,2.416025E0,2.733792E0
4.287617E0,2.454076E0,2.712155E0
4.291788E0,2.356347E0,2.681890E0
4.295958E0,2.339249E0,2.715488E0
4.300129E0,2.414362E0,2.667218E0
4.304300E0,2.475148E0,2.687260E0
4.308471E0,2.391335E0,2.749213E0
4.312642E0,2.428150E0,2.723204E0
4.316813E0,2.416234E0,2.765750E0
4.320983E0,2.295087E0,2.881940E0
4.325154E0,2.409595E0,2.831579E0
4.329325E0,2.371393E0,2.619874E0
4.333496E0,2.340357E0,2.674351E0
4.337667E0,2.364314E0,2.800360E0
4.341837E0,2.414657E0,2.651763E0
4.346008E0,2.447745E0,2.714318E0
4.350179E0,2.443671E0,2.816254E0
4.354350E0,2.373058E0,2.821381E0
4.358521E0,2.378853E0,2.882457E0
4.362692E0,2.424551E0,2.726161E0
4.366862E0,2.409323E0,2.619229E0
4.371033E0,2.388534E0,2.703524E0
4.375204E0,2.415873E0,2.686178E0
4.379375E0,2.386546E0,2.751174E0
4.383546E0,2.404726E0,2.677626E0
4.387717E0,2.447797E0,2.822809E0
4.391888E0,2.405483E0,2.872702E0
4.396058E0,2.435299E0,2.773955E0
4.400229E0,2.494973E0,2.809898E0
4.404400E0,2.365652E0,2.826184E0
4.408571E0,2.336708E0,2.791465E0
4.412742E0,2.387042E0,2.664407E0
4.416913E0,2.422001E0,2.738145E0
4.421083E0,2.380913E0,2.650143E0
4.425254E0,2.398204E0,2.723376E0
4.429425E0,2.313822E0,2.750052E0
4.433596E0,2.339503E0,2.738980E0
4.437767E0,2.375283E0,2.689688E0
4.441937E0,2.400888E0,2.621343E0
4.446108E0,2.286420E0,2.854992E0
4.450279E0,2.352928E0,2.745057E0
4.454450E0,2.375260E0,2.700772E0
4.458621E0,2.394414E0,2.753710E0
4.462792E0,2.401907E0,2.731137E0
4.466962E0,2.400008E0,2.868387E0
4.471133E0,2.303295E0,2.789729E0
4.475304E0,2.396066E0,2.822588E0
4.479475E0,2.328239E0,2.802379E0
4.483646E0,2.409944E0,2.782986E0
4.487817E0,2.354928E0,2.724427E0
4.491988E0,2.474361E0,2.628803E0
4.496158E0,2.450895E0,2.711490E0
4.500329E0,2.433335E0,2.694590E0
4.504500E0,2.221502E0,2.855216E0
4.508671E0,2.460357E0,2.677698E0
4.512842E0,2.400787E0,2.717706E0
4.517012E0,2.415620E0,2.646617E0
4.521183E0,2.374444E0,2.837214E0
4.525354E0,2.349889E0,2.765355E0
4.529525E0,2.348123E0,2.730098E0
4.533696E0,2.307788E0,2.767855E0
4.537867E0,2.399347E0,2.682407E0
4.542038E0,2.402905E0,2.818340E0
4.546208E0,2.331088E0,2.741740E0
4.550379E0,2.438494E0,2.736084E0
4.554550E0,2.416407E0,2.637595E0
4.558721E0,2.367735E0,2.719680E0
4.562892E0,2.478216E0,2.682038E0
4.567062E0,2.415165E0,2.833356E0
4.571233E0,2.369021E0,2.728339E0
4.575404E0,2.398165E0,2.758921E0
4.579575E0,2.405951E0,2.757720E0
4.583746E0,2.403798E0,2.761157E0
4.587917E0,2.292692E0,2.780374E0
4.592087E0,2.418300E0,2.761595E0
4.596258E0,2.262271E0,2.768588E0
4.600429E0,2.455108E0,2.783047E0
4.604600E0,2.273960E0,2.725809E0
4.608771E0,2.453709E0,2.701252E0
4.612942E0,2.226323E0,2.771887E0
4.617113E0,2.446500E0,2.735656E0
4.621283E0,2.364061E0,2.814725E0
4.625454E0,2.475203E0,2.723139E0
4.629625E0,2.408470E0,2.652288E0
4.633796E0,2.406997E0,2.697988E0
4.637967E0,2.447159E0,2.664241E0
4.642137E0,2.419551E0,2.698543E0
4.646308E0,2.347228E0,2.739880E0
4.650479E0,2.443517E0,2.805942E0
4.654650E0,2.401427E0,2.758672E0
4.658821E0,2.332706E0,2.707457E0
4.662992E0,2.302782E0,2.800167E0
4.667163E0,2.306954E0,2.793834E0
4.671333E0,2.422313E0,2.646056E0
4.675504E0,2.359896E0,2.739561E0
4.679675E0,2.366394E0,2.643705E0
4.683846E0,2.397203E0,2.731770E0
4.688017E0,2.370850E0,2.679461E0
4.692188E0,2.373835E0,2.823809E0
4.696358E0,2.416608E0,2.699774E0
4.700529E0,2.367414E0,2.797348E0
4.704700E0,2.309569E0,2.791917E0
4.708871E0,2.429438E0,2.741830E0
4.713042E0,2.472610E0,2.769403E0
4.717212E0,2.389088E0,2.825807E0
4.721383E0,2.381604E0,2.785737E0
4.725554E0,2.387572E0,2.663391E0
4.729725E0,2.319877E0,2.883206E0
4.733896E0,2.448703E0,2.633680E0
4.738067E0,2.313259E0,2.792528E0
4.742237E0,2.526188E0,2.666620E0
4.746408E0,2.349797E0,2.725882E0
4.750579E0,2.417971E0,2.783633E0
4.754750E0,2.302291E0,2.775625E0
4.758921E0,2.332194E0,2.760145E0
4.763092E0,2.344574E0,2.773035E0
4.767263E0,2.307775E0,2.780910E0
4.771433E0,2.376258E0,2.791467E0
4.775604E0,2.387271E0,2.758961E0
4.779775E0,2.364488E0,2.788045E0
4.783946E0,2.344304E0,2.719928E0
4.788117E0,2.412481E0,2.744230E0
4.792288E0,2.455121E0,2.804194E0
4.796458E0,2.402897E0,2.714187E0
4.800629E0,2.485109E0,2.760086E0
4.804800E0,2.448526E0,2.639504E0
4.808971E0,2.323157E0,2.785339E0
4.813142E0,2.389923E0,2.689308E0
4.817312E0,2.475308E0,2.702611E0
4.821483E0,2.503770E0,2.747257E0
4.825654E0,2.376528E0,2.715473E0
4.829825E0,2.305329E0,2.702890E0
4.833996E0,2.385011E0,2.743844E0
4.838167E0,2.371012E0,2.736765E0
4.842337E0,2.393923E0,2.689297E0
4.846508E0,2.455812E0,2.779093E0
4.850679E0,2.430995E0,2.701193E0
4.854850E0,2.372188E0,2.823246E0
4.859021E0,2.491876E0,2.803445E0
4.863192E0,2.414783E0,2.791356E0
4.867363E0,2.394433E0,2.780906E0
4.871533E0,2.471532E0,2.732553E0
4.875704E0,2.411415E0,2.828579E0
4.879875E0,2.384736E0,2.688592E0
4.884046E0,2.436685E0,2.683174E0
4.888217E0,2.300574E0,2.788836E0
4.892387E0,2.325690E0,2.727647E0
4.896558E0,2.350757E0,2.740704E0
4.900729E0,2.380826E0,2.778680E0
4.904900E0,2.362590E0,2.726084E0
4.909071E0,2.397470E0,2.765187E0
4.913242E0,2.449481E0,2.736037E0
4.917413E0,2.438100E0,2.803429E0
4.921583E0,2.416571E0,2.711607E0
4.925754E0,2.481394E0,2.762450E0
4.929925E0,2.381263E0,2.819169E0
4.934096E0,2.403662E0,2.861938E0
4.938267E0,2.447007E0,2.739116E0
4.942437E0,2.429778E0,2.800674E0
4.946608E0,2.433744E0,2.763721E0
4.950779E0,2.399384E0,2.892405E0
4.954950E0,2.484587E0,2.807867E0
4.959121E0,2.516246E0,2.774319E0
4.963292E0,2.717191E0,2.762638E0
4.967462E0,2.454198E0,2.875267E0
4.971633E0,2.545612E0,2.904759E0
4.975804E0,2.373217E0,2.914183E0
4.979975E0,2.404442E0,2.912679E0
4.984146E0,2.369433E0,2.930834E0
4.988317E0,2.427151E0,3.096028E0
4.992488E0,2.578802E0,2.759028E0
4.996658E0,2.568025E0,2.896871E0
5.000829E0,2.468424E0,2.956678E0
5.005000E0,2.479169E0,3.011533E0
5.009171E0,2.498155E0,2.817619E0
5.013342E0,2.444813E0,2.915984E0
5.017512E0,2.428678E0,2.984941E0
5.021683E0,2.478425E0,2.802139E0
5.025854E0,2.400958E0,2.942308E0
5.030025E0,2.489678E0,2.944408E0
5.034196E0,2.522281E0,3.080801E0
5.038367E0,2.495795E0,3.107174E0
5.042538E0,2.601615E0,2.930070E0
5.046708E0,2.487088E0,3.022783E0
5.050879E0,2.447410E0,3.071615E0
5.055050E0,2.522657E0,3.015754E0
5.059221E0,2.559701E0,3.489443E0
5.063392E0,2.560814E0,3.405662E0
5.067563E0,2.614980E0,3.775665E0
5.071733E0,2.531685E0,3.922607E0
5.075904E0,2.404883E0,3.973398E0
5.080075E0,2.533907E0,4.296297E0
5.084246E0,2.399393E0,4.429982E0
5.088417E0,2.365124E0,4.790916E0
5.092587E0,2.464492E0,4.661346E0
5.096758E0,2.402529E0,4.885590E0
5.100929E0,2.396211E0,4.956795E0
5.105100E0,2.358416E0,5.246757E0
5.109271E0,2.329047E0,5.120279E0
5.113442E0,2.412556E0,5.591957E0
5.117612E0,2.243260E0,5.145560E0
5.121783E0,2.409943E0,5.369378E0
5.125954E0,2.384702E0,5.598660E0
5.130125E0,2.356896E0,5.588862E0
5.134296E0,2.382413E0,5.699891E0
5.138467E0,2.345346E0,6.010110E0
5.142638E0,2.568891E0,5.924479E0
5.146808E0,2.497299E0,5.981434E0
5.150979E0,2.484836E0,6.273764E0
5.155150E0,2.449881E0,6.399024E0
5.159321E0,2.315158E0,6.428439E0
5.163492E0,2.336195E0,6.662143E0
5.167663E0,2.214126E0,6.656170E0
5.171833E0,2.412951E0,6.463851E0
5.176004E0,2.271218E0,6.695272E0
5.180175E0,2.229602E0,6.446589E0
5.184346E0,2.250134E0,6.719584E0
5.188517E0,2.126502E0,6.952530E0
5.192687E0,2.242468E0,6.743677E0
5.196858E0,2.151127E0,6.597013E0
5.201029E0,2.028020E0,6.958349E0
5.205200E0,2.143805E0,7.263623E0
5.209371E0,2.200825E0,8.306322E0
5.213542E0,2.263651E0,9.333882E0
5.217712E0,2.289374E0,9.876989E0
5.221883E0,2.444589E0,1.060722E1
5.226054E0,2.315284E0,1.137405E1
5.230225E0,2.306459E0,1.214049E1
5.234396E0,2.536079E0,1.250529E1
5.238567E0,2.477710E0,1.256136E1
5.242738E0,2.384089E0,1.288674E1
5.246908E0,2.464544E0,1.266597E1
5.251079E0,2.257272E0,1.276136E1
5.255250E0,2.392075E0,1.278816E1
5.259421E0,2.332184E0,1.318312E1
5.263592E0,2.303038E0,1.343351E1
5.267762E0,2.346808E0,1.338648E1
5.271933E0,2.237070E0,1.365017E1
5.276104E0,2.319798E0,1.329339E1
5.280275E0,2.358477E0,1.330464E1
5.284446E0,2.298052E0,1.321921E1
5.288617E0,2.270055E0,1.320954E1
5.292788E0,2.209374E0,1.336887E1
5.296958E0,2.138831E0,1.329776E1
5.301129E0,2.171558E0,1.288362E1
5.305300E0,2.119178E0,1.241086E1
5.309471E0,2.193289E0,1.269870E1
5.313642E0,2.150442E0,1.247266E1
5.317812E0,2.179372E0,1.247539E1
5.321983E0,2.033708E0,1.213352E1
5.326154E0,2.110484E0,1.183370E1
5.330325E0,2.112818E0,1.177556E1
5.334496E0,2.180446E0,1.164879E1
5.338667E0,2.075821E0,1.157418E1
5.342837E0,2.005664E0,1.172358E1
5.347008E0,1.962005E0,1.198768E1
5.351179E0,2.096166E0,1.164178E1
5.355350E0,2.116643E0,1.160622E1
5.359521E0,2.177646E0,1.173548E1
5.363692E0,2.115625E0,1.171361E1
5.367863E0,2.201699E0,1.191945E1
5.372033E0,2.225725E0,1.156554E1
5.376204E0,2.034433E0,1.166604E1
5.380375E0,2.198320E0,1.161104E1
5.384546E0,2.123649E0,1.129936E1
5.388717E0,2.021359E0,1.158591E1
5.392887E0,1.974346E0,1.111459E1
5.397058E0,2.173328E0,1.106145E1
5.401229E0,2.269862E0,1.090659E1
5.405400E0,2.266850E0,1.118572E1
