,mass A,,
t,x,y,
0.000000E0,2.331047E2,-2.135310E1
4.170833E-3,2.223026E2,-1.753040E1
8.341667E-3,2.090145E2,-1.315986E1
1.251250E-2,1.952211E2,-9.271292E0
1.668333E-2,1.778665E2,-5.512717E0
2.085417E-2,1.575974E2,-8.958112E-1
2.502500E-2,1.333026E2,4.801192E0
2.919583E-2,1.062087E2,8.445310E0
3.336667E-2,7.743870E1,1.240379E1
3.753750E-2,4.626506E1,1.423540E1
4.170833E-2,1.502392E1,1.687092E1
4.587917E-2,-1.512631E1,1.930113E1
5.005000E-2,-4.198522E1,1.988847E1
5.422083E-2,-6.787080E1,2.060307E1
5.839167E-2,-9.179702E1,1.828503E1
6.256250E-2,-1.137293E2,1.782697E1
6.673333E-2,-1.337635E2,1.738691E1
7.090417E-2,-1.516983E2,1.585852E1
7.507500E-2,-1.676092E2,1.535449E1
7.924583E-2,-1.817560E2,1.357718E1
8.341667E-2,-1.940779E2,1.292058E1
8.758750E-2,-2.041562E2,1.159045E1
9.175833E-2,-2.128047E2,1.025759E1
9.592917E-2,-2.201700E2,8.614673E0
1.001000E-1,-2.256813E2,9.865147E0
1.042708E-1,-2.299062E2,5.912457E0
1.084417E-1,-2.332046E2,4.077366E0
1.126125E-1,-2.354981E2,3.413975E0
1.167833E-1,-2.367221E2,7.212544E-1
1.209542E-1,-2.370485E2,-1.942284E0
1.251250E-1,-2.364665E2,-3.795851E0
1.292958E-1,-2.350143E2,-6.161328E0
1.334667E-1,-2.326210E2,-8.248731E0
1.376375E-1,-2.288944E2,-1.096308E1
1.418083E-1,-2.239532E2,-1.322400E1
1.459792E-1,-2.177987E2,-1.591184E1
1.501500E-1,-2.099893E2,-1.868232E1
1.543208E-1,-2.007690E2,-2.260806E1
1.584917E-1,-1.897835E2,-2.472289E1
1.626625E-1,-1.765549E2,-2.951928E1
1.668333E-1,-1.616189E2,-3.166894E1
1.710042E-1,-1.446184E2,-3.141786E1
1.751750E-1,-1.257550E2,-3.133503E1
1.793458E-1,-1.057291E2,-3.091251E1
1.835167E-1,-8.356689E1,-2.919893E1
1.876875E-1,-5.924835E1,-2.772947E1
1.918583E-1,-3.393052E1,-2.511969E1
1.960292E-1,-1.260957E1,-2.226712E1
2.002000E-1,1.473030E1,-1.691451E1
2.043708E-1,5.886221E1,-9.584645E0
2.085417E-1,8.556301E1,-4.891056E0
2.127125E-1,1.102588E2,-1.677810E0
2.168833E-1,1.342348E2,2.026271E0
2.210542E-1,1.540055E2,7.416170E0
2.252250E-1,1.696591E2,1.345175E1
2.293958E-1,1.844865E2,1.850545E1
2.335667E-1,1.966134E2,2.463240E1
2.377375E-1,2.048416E2,3.088090E1
2.419083E-1,2.129107E2,3.680303E1
2.460792E-1,2.206652E2,4.145420E1
2.502500E-1,2.270927E2,4.491694E1
2.544208E-1,2.316840E2,4.970637E1
2.585917E-1,2.340354E2,5.293972E1
2.627625E-1,2.373201E2,5.558677E1
2.669333E-1,2.379632E2,5.808439E1
2.711042E-1,2.373313E2,6.100279E1
2.752750E-1,2.365125E2,6.327795E1
2.794458E-1,2.344830E2,6.465738E1
2.836167E-1,2.310004E2,6.520604E1
2.877875E-1,2.262086E2,6.635818E1
2.919583E-1,2.202550E2,6.715796E1
2.961292E-1,2.127304E2,6.741691E1
3.003000E-1,2.042558E2,6.628110E1
3.044708E-1,1.939051E2,6.491337E1
3.086417E-1,1.825932E2,6.353228E1
3.128125E-1,1.704216E2,5.949501E1
3.169833E-1,1.558803E2,5.640554E1
3.211542E-1,1.380656E2,5.207617E1
3.253250E-1,1.184938E2,4.754150E1
3.294958E-1,9.557785E1,4.240007E1
3.336667E-1,6.948896E1,3.643719E1
3.378375E-1,3.355074E1,3.091928E1
3.420083E-1,5.749901E0,1.989167E1
3.461792E-1,-2.155720E1,7.049190E0
3.503500E-1,-4.599830E1,-4.833844E0
3.545208E-1,-6.745137E1,-1.692207E1
3.586917E-1,-8.499053E1,-3.870654E1
3.628625E-1,-1.027052E2,-4.946764E1
3.670333E-1,-1.146547E2,-5.773870E1
3.712042E-1,-1.288730E2,-6.647461E1
3.753750E-1,-1.403827E2,-7.318095E1
3.795458E-1,-1.511414E2,-7.908021E1
3.837167E-1,-1.603754E2,-8.515952E1
3.878875E-1,-1.688369E2,-9.072109E1
3.920583E-1,-1.747375E2,-9.641083E1
3.962292E-1,-1.798080E2,-9.902518E1
4.004000E-1,-1.845416E2,-1.004113E2
4.045708E-1,-1.868909E2,-1.049412E2
4.087417E-1,-1.889126E2,-1.068701E2
4.129125E-1,-1.890957E2,-1.090491E2
4.170833E-1,-1.883576E2,-1.103364E2
4.212542E-1,-1.870394E2,-1.121368E2
4.254250E-1,-1.849606E2,-1.121990E2
4.295958E-1,-1.819532E2,-1.119216E2
4.337667E-1,-1.776846E2,-1.106616E2
4.379375E-1,-1.715231E2,-1.095707E2
4.421083E-1,-1.649634E2,-1.079877E2
4.462792E-1,-1.565488E2,-1.053580E2
4.504500E-1,-1.488796E2,-1.002141E2
4.546208E-1,-1.368284E2,-9.697438E1
4.587917E-1,-1.237776E2,-9.085422E1
4.629625E-1,-1.105271E2,-8.341717E1
4.671333E-1,-9.501020E1,-7.510156E1
4.713042E-1,-7.822007E1,-6.684097E1
4.754750E-1,-5.916130E1,-5.593195E1
4.796458E-1,-5.065305E1,-4.188749E1
4.838167E-1,-3.119859E1,-3.034268E1
4.879875E-1,-9.911116E0,-1.115842E1
4.921583E-1,1.173173E1,5.066027E0
4.963292E-1,5.388998E1,1.827136E1
5.005000E-1,6.891254E1,3.584288E1
5.046708E-1,8.343618E1,5.507333E1
5.088417E-1,9.767035E1,6.780947E1
5.130125E-1,1.111674E2,7.893954E1
5.171833E-1,1.230504E2,8.920513E1
5.213542E-1,1.330396E2,9.789321E1
5.255250E-1,1.422047E2,1.056067E2
5.296958E-1,1.493838E2,1.128221E2
5.338667E-1,1.561443E2,1.194373E2
5.380375E-1,1.615761E2,1.244403E2
5.422083E-1,1.654354E2,1.289041E2
5.463792E-1,1.687619E2,1.323047E2
5.505500E-1,1.710126E2,1.341898E2
5.547208E-1,1.721043E2,1.352013E2
5.588917E-1,1.722733E2,1.359612E2
5.630625E-1,1.709282E2,1.358679E2
5.672333E-1,1.689848E2,1.346831E2
5.714042E-1,1.660116E2,1.323215E2
5.755750E-1,1.613278E2,1.296642E2
5.797458E-1,1.557159E2,1.252993E2
5.839167E-1,1.492887E2,1.198619E2
5.880875E-1,1.415786E2,1.143134E2
5.922583E-1,1.321971E2,1.070815E2
5.964292E-1,1.220841E2,9.901867E1
6.006000E-1,1.100161E2,8.918151E1
6.047708E-1,9.703695E1,7.728678E1
6.089417E-1,8.209971E1,6.306978E1
6.131125E-1,6.651157E1,4.898698E1
6.172833E-1,5.981415E1,3.356616E1
6.214542E-1,4.405409E1,2.046593E1
6.256250E-1,2.541486E1,3.641429E0
6.297958E-1,-2.421779E1,-2.038877E1
6.339667E-1,-4.161286E1,-3.669226E1
6.381375E-1,-5.799617E1,-5.242489E1
6.423083E-1,-6.984379E1,-7.563364E1
6.464792E-1,-8.371482E1,-8.805924E1
6.506500E-1,-9.328295E1,-8.492730E1
6.548208E-1,-1.030800E2,-9.382095E1
6.589917E-1,-1.131187E2,-1.019061E2
6.631625E-1,-1.217756E2,-1.087833E2
6.673333E-1,-1.297108E2,-1.136187E2
6.715042E-1,-1.359721E2,-1.176530E2
6.756750E-1,-1.415312E2,-1.204146E2
6.798458E-1,-1.451460E2,-1.230469E2
6.840167E-1,-1.488050E2,-1.241384E2
6.881875E-1,-1.502993E2,-1.245426E2
6.923583E-1,-1.515099E2,-1.246821E2
6.965292E-1,-1.512658E2,-1.235928E2
7.007000E-1,-1.517331E2,-1.218692E2
7.048708E-1,-1.485416E2,-1.194868E2
7.090417E-1,-1.459416E2,-1.162128E2
7.132125E-1,-1.415523E2,-1.126311E2
7.173833E-1,-1.363736E2,-1.075132E2
7.215542E-1,-1.301128E2,-1.021877E2
7.257250E-1,-1.216021E2,-9.458219E1
7.298958E-1,-1.121397E2,-8.694161E1
7.340667E-1,-1.005068E2,-7.731223E1
7.382375E-1,-8.866042E1,-6.769719E1
7.424083E-1,-7.513001E1,-5.662037E1
7.465792E-1,-5.920324E1,-4.455142E1
7.507500E-1,-4.193481E1,-3.090625E1
7.549208E-1,-2.145106E1,-1.611454E1
7.590917E-1,-1.594062E1,-1.838751E0
7.632625E-1,2.125998E1,1.510071E1
7.674333E-1,4.132899E1,2.897932E1
7.716042E-1,6.007383E1,4.150578E1
7.757750E-1,7.775287E1,5.226444E1
7.799458E-1,8.823721E1,5.949279E1
7.841167E-1,1.008010E2,6.781084E1
7.882875E-1,1.131421E2,7.479932E1
7.924583E-1,1.238623E2,8.137020E1
7.966292E-1,1.323940E2,8.722910E1
8.008000E-1,1.406244E2,9.138569E1
8.049708E-1,1.482837E2,9.420381E1
8.091417E-1,1.536086E2,9.744107E1
8.133125E-1,1.582301E2,9.840107E1
8.174833E-1,1.612290E2,9.921756E1
8.216542E-1,1.633098E2,9.944027E1
8.258250E-1,1.639169E2,9.812082E1
8.299958E-1,1.636056E2,9.664630E1
8.341667E-1,1.612288E2,9.430699E1
8.383375E-1,1.579279E2,9.095820E1
8.425083E-1,1.545191E2,8.655956E1
8.466792E-1,1.485793E2,8.161643E1
8.508500E-1,1.408070E2,7.602012E1
8.550208E-1,1.316243E2,7.038607E1
8.591917E-1,1.234946E2,6.257696E1
8.633625E-1,1.098699E2,5.509436E1
8.675333E-1,9.562257E1,4.645018E1
8.717042E-1,8.046476E1,3.655251E1
8.758750E-1,6.274548E1,2.588955E1
8.800458E-1,4.213017E1,1.408531E1
8.842167E-1,1.992516E1,2.059535E0
8.883875E-1,-2.955350E0,-9.967026E0
8.925583E-1,-2.589995E1,-2.075702E1
8.967292E-1,-4.557917E1,-2.991748E1
9.009000E-1,-6.327177E1,-3.820169E1
9.050708E-1,-7.666859E1,-4.292619E1
9.092417E-1,-9.122227E1,-4.911295E1
9.134125E-1,-1.042782E2,-5.361903E1
9.175833E-1,-1.161439E2,-5.825836E1
9.217542E-1,-1.262530E2,-6.152256E1
9.259250E-1,-1.355510E2,-6.394384E1
9.300958E-1,-1.431408E2,-6.619244E1
9.342667E-1,-1.486274E2,-6.748787E1
9.384375E-1,-1.535306E2,-6.852470E1
9.426083E-1,-1.568361E2,-6.865852E1
9.467792E-1,-1.585717E2,-6.836246E1
9.509500E-1,-1.593224E2,-6.760100E1
9.551208E-1,-1.585956E2,-6.628136E1
9.592917E-1,-1.569848E2,-6.481815E1
9.634625E-1,-1.537430E2,-6.189829E1
9.676333E-1,-1.486846E2,-5.928091E1
9.718042E-1,-1.430375E2,-5.601391E1
9.759750E-1,-1.350040E2,-5.191855E1
9.801458E-1,-1.264380E2,-4.677508E1
9.843167E-1,-1.155671E2,-4.166940E1
9.884875E-1,-1.031783E2,-3.600631E1
9.926583E-1,-8.949288E1,-2.907084E1
9.968292E-1,-7.393809E1,-2.188921E1
1.001000E0,-5.713334E1,-1.493513E1
1.005171E0,-3.769114E1,-7.055274E0
1.009342E0,-1.672795E1,1.375685E0
1.013512E0,6.282467E0,9.036745E0
1.017683E0,2.892139E1,1.593577E1
1.021854E0,5.291321E1,2.272880E1
1.026025E0,7.554888E1,2.800256E1
1.030196E0,9.533131E1,2.923469E1
1.034367E0,1.116372E2,2.924546E1
1.038537E0,1.258030E2,3.162361E1
1.042708E0,1.394572E2,3.394443E1
1.046879E0,1.361169E2,3.804671E1
1.051050E0,1.464203E2,3.849737E1
1.055221E0,1.525772E2,4.031743E1
1.059392E0,1.585867E2,4.066382E1
1.063562E0,1.629216E2,4.033454E1
1.067733E0,1.655252E2,4.047593E1
1.071904E0,1.662427E2,3.996719E1
1.076075E0,1.659672E2,3.904894E1
1.080246E0,1.642069E2,3.800093E1
1.084417E0,1.608909E2,3.626892E1
1.088587E0,1.563549E2,3.441415E1
1.092758E0,1.495708E2,3.232528E1
1.096929E0,1.423690E2,2.926164E1
1.101100E0,1.325091E2,2.635486E1
1.105271E0,1.204893E2,2.335894E1
1.109442E0,1.071169E2,1.997489E1
1.113612E0,9.263813E1,1.665232E1
1.117783E0,7.467543E1,1.258724E1
1.121954E0,5.578366E1,8.389644E0
1.126125E0,3.424331E1,3.696077E0
1.130296E0,8.638172E0,-6.223542E-1
1.134467E0,-1.553926E1,-5.005780E0
1.138637E0,-3.634290E1,-8.049273E0
1.142808E0,-5.599769E1,-1.249150E1
1.146979E0,-7.346498E1,-1.669014E1
1.151150E0,-8.836996E1,-1.889954E1
1.155321E0,-1.030348E2,-2.098999E1
1.159492E0,-1.156369E2,-2.255031E1
1.163662E0,-1.270691E2,-2.382545E1
1.167833E0,-1.357433E2,-2.487818E1
1.172004E0,-1.430539E2,-2.565662E1
1.176175E0,-1.485087E2,-2.680774E1
1.180346E0,-1.526735E2,-2.691196E1
1.184517E0,-1.552059E2,-2.786944E1
1.188687E0,-1.560215E2,-2.810593E1
1.192858E0,-1.565139E2,-2.896559E1
1.197029E0,-1.546581E2,-2.898845E1
1.201200E0,-1.517035E2,-2.894046E1
1.205371E0,-1.471427E2,-2.853392E1
1.209542E0,-1.402912E2,-2.801887E1
1.213712E0,-1.331085E2,-2.739108E1
1.217883E0,-1.236248E2,-2.661346E1
1.222054E0,-1.114930E2,-2.507813E1
1.226225E0,-9.883572E1,-2.355851E1
1.230396E0,-8.401210E1,-2.175116E1
1.234567E0,-7.433310E1,-1.550656E1
1.238737E0,-5.654727E1,-1.252943E1
1.242908E0,-3.787897E1,-9.919130E0
1.247079E0,-1.607909E1,-5.376285E0
1.251250E0,6.132054E0,-6.124658E-1
1.255421E0,3.684862E1,3.170083E0
1.259592E0,5.763944E1,7.315414E0
1.263762E0,7.722656E1,1.221436E1
1.267933E0,8.845793E1,1.453575E1
1.272104E0,1.008279E2,1.730105E1
1.276275E0,1.123234E2,2.142089E1
1.280446E0,1.213231E2,2.429147E1
1.284617E0,1.289054E2,2.728985E1
1.288787E0,1.354654E2,3.013865E1
1.292958E0,1.406886E2,3.253704E1
1.297129E0,1.438919E2,3.420923E1
1.301300E0,1.455369E2,3.619153E1
1.305471E0,1.459036E2,3.724007E1
1.309642E0,1.446781E2,3.844787E1
1.313812E0,1.420693E2,3.840978E1
1.317983E0,1.378319E2,3.819818E1
1.322154E0,1.324034E2,3.756251E1
1.326325E0,1.245354E2,3.658739E1
1.330496E0,1.160688E2,3.449359E1
1.334667E0,1.051351E2,3.254658E1
1.338837E0,9.248446E1,2.991801E1
1.343008E0,7.941804E1,2.702083E1
1.347179E0,6.594157E1,2.428839E1
1.351350E0,4.697415E1,1.880868E1
1.355521E0,2.715934E1,1.304404E1
1.359692E0,6.231273E0,6.260347E0
1.363862E0,-1.372795E1,-2.482261E0
1.368033E0,-3.155256E1,-1.066398E1
1.372204E0,-4.848916E1,-1.883380E1
1.376375E0,-6.462527E1,-2.691624E1
1.380546E0,-7.842907E1,-3.397249E1
1.384717E0,-8.989832E1,-3.968505E1
1.388887E0,-9.780106E1,-4.375631E1
1.393058E0,-1.064631E2,-4.889284E1
1.397229E0,-1.133352E2,-5.293433E1
1.401400E0,-1.181304E2,-5.533236E1
1.405571E0,-1.220753E2,-5.852570E1
1.409742E0,-1.243431E2,-6.078600E1
1.413912E0,-1.251130E2,-6.155583E1
1.418083E0,-1.239615E2,-6.171491E1
1.422254E0,-1.224432E2,-6.193410E1
1.426425E0,-1.193168E2,-6.115591E1
1.430596E0,-1.151386E2,-5.928066E1
1.434767E0,-1.086015E2,-5.672938E1
1.438937E0,-1.012312E2,-5.330845E1
1.443108E0,-9.199310E1,-4.950635E1
1.447279E0,-8.160984E1,-4.485935E1
1.451450E0,-6.756060E1,-3.782824E1
1.455621E0,-5.521725E1,-3.147931E1
1.459792E0,-3.707544E1,-2.276210E1
1.463962E0,-2.115261E1,-1.463820E1
1.468133E0,-3.501744E0,-5.478031E0
1.472304E0,1.551392E1,5.068195E0
1.476475E0,3.181907E1,1.464476E1
1.480646E0,4.820897E1,2.339869E1
1.484817E0,6.250067E1,3.121510E1
1.488987E0,7.290345E1,3.742033E1
1.493158E0,8.388487E1,4.320899E1
1.497329E0,9.325655E1,4.793819E1
1.501500E0,1.000572E2,5.214104E1
1.505671E0,1.069719E2,5.531046E1
1.509842E0,1.116862E2,5.807462E1
1.514012E0,1.160822E2,5.913060E1
1.518183E0,1.184087E2,5.940319E1
1.522354E0,1.190282E2,5.929150E1
1.526525E0,1.189619E2,5.821644E1
1.530696E0,1.164085E2,5.596003E1
1.534867E0,1.129691E2,5.320992E1
1.539037E0,1.073675E2,4.922550E1
1.543208E0,1.009096E2,4.554961E1
1.547379E0,9.292074E1,4.035725E1
1.551550E0,8.325066E1,3.432326E1
1.555721E0,7.172996E1,2.824976E1
1.559892E0,5.885427E1,2.154475E1
1.564062E0,4.506602E1,1.403772E1
1.568233E0,2.778913E1,5.298969E0
1.572404E0,8.696215E0,-3.967300E0
1.576575E0,-8.725101E0,-1.112108E1
1.580746E0,-2.461170E1,-1.688279E1
1.584917E0,-4.179989E1,-2.366860E1
1.589087E0,-5.690854E1,-2.956224E1
1.593258E0,-6.891475E1,-3.359449E1
1.597429E0,-7.898373E1,-3.652325E1
1.601600E0,-8.899830E1,-3.970015E1
1.605771E0,-9.598083E1,-4.169310E1
1.609942E0,-1.044910E2,-4.475482E1
1.614112E0,-1.085544E2,-4.507790E1
1.618283E0,-1.123495E2,-4.597633E1
1.622454E0,-1.137876E2,-4.488967E1
1.626625E0,-1.132770E2,-4.411238E1
1.630796E0,-1.128839E2,-4.256319E1
1.634967E0,-1.099419E2,-4.072310E1
1.639137E0,-1.052089E2,-3.744687E1
1.643308E0,-9.895660E1,-3.477540E1
1.647479E0,-9.195508E1,-3.147490E1
1.651650E0,-8.068280E1,-2.686716E1
1.655821E0,-7.085532E1,-2.262076E1
1.659992E0,-5.747735E1,-1.773028E1
1.664162E0,-4.022811E1,-1.039972E1
1.668333E0,-2.324995E1,-4.937629E0
1.672504E0,-5.758837E0,1.206719E-1
1.676675E0,1.240317E1,4.266479E0
1.680846E0,2.853070E1,7.960289E0
1.685017E0,4.395187E1,1.105927E1
1.689187E0,5.792296E1,1.340904E1
1.693358E0,7.043019E1,1.532444E1
1.697529E0,8.131499E1,1.697692E1
1.701700E0,8.995839E1,1.803998E1
1.705871E0,9.739272E1,1.881756E1
1.710042E0,1.032400E2,1.948873E1
1.714212E0,1.075335E2,1.994220E1
1.718383E0,1.092817E2,1.971880E1
1.722554E0,1.104914E2,1.965958E1
1.726725E0,1.093191E2,1.909152E1
1.730896E0,1.065609E2,1.846064E1
1.735067E0,1.019498E2,1.729513E1
1.739237E0,9.608511E1,1.589368E1
1.743408E0,8.806677E1,1.436016E1
1.747579E0,7.932024E1,1.276833E1
1.751750E0,6.717195E1,1.046070E1
1.755921E0,5.451657E1,8.047577E0
1.760092E0,3.935434E1,5.881684E0
1.764262E0,2.411895E1,3.292911E0
1.768433E0,5.803444E0,1.916931E-1
1.772604E0,-1.255952E1,-3.043654E0
1.776775E0,-2.851185E1,-5.455730E0
1.780946E0,-4.229711E1,-7.809588E0
1.785117E0,-5.525652E1,-1.073652E1
1.789287E0,-6.672581E1,-1.296393E1
1.793458E0,-7.700897E1,-1.463748E1
1.797629E0,-8.623653E1,-1.690418E1
1.801800E0,-9.151107E1,-1.776936E1
1.805971E0,-9.622124E1,-1.861776E1
1.810142E0,-9.932722E1,-1.988736E1
1.814312E0,-1.003924E2,-2.084129E1
1.818483E0,-9.977324E1,-2.074985E1
1.822654E0,-9.738341E1,-2.115110E1
1.826825E0,-9.399436E1,-2.070865E1
1.830996E0,-8.888252E1,-2.072560E1
1.835167E0,-8.273456E1,-2.052453E1
1.839337E0,-7.369916E1,-1.942268E1
1.843508E0,-6.404415E1,-1.847008E1
1.847679E0,-5.096198E1,-1.658534E1
1.851850E0,-3.827361E1,-1.453951E1
1.856021E0,-1.746480E1,-1.090262E1
1.860192E0,-2.084713E0,-7.379367E0
1.864362E0,1.505438E1,-2.406149E0
1.868533E0,2.957031E1,2.127695E0
1.872704E0,4.190226E1,6.280167E0
1.876875E0,5.237082E1,1.010445E1
1.881046E0,6.254318E1,1.391962E1
1.885217E0,6.998625E1,1.735103E1
1.889387E0,7.643351E1,2.050898E1
1.893558E0,8.118587E1,2.317666E1
1.897729E0,8.402847E1,2.568743E1
1.901900E0,8.603682E1,2.759903E1
1.906071E0,8.616614E1,2.894413E1
1.910242E0,8.444888E1,2.992305E1
1.914412E0,8.117026E1,3.048230E1
1.918583E0,7.626425E1,3.017245E1
1.922754E0,6.972036E1,2.895613E1
1.926925E0,6.172888E1,2.715722E1
1.931096E0,5.345409E1,2.477459E1
1.935267E0,4.206034E1,2.126515E1
1.939437E0,2.942775E1,1.641131E1
1.943608E0,1.706902E1,1.139120E1
1.947779E0,4.149883E0,4.379068E0
1.951950E0,-1.039606E1,-3.829675E0
1.956121E0,-2.335677E1,-1.196829E1
1.960292E0,-3.587441E1,-1.972760E1
1.964462E0,-4.570998E1,-2.660851E1
1.968633E0,-5.376201E1,-3.270414E1
1.972804E0,-6.005353E1,-3.751330E1
1.976975E0,-6.385063E1,-4.090800E1
1.981146E0,-6.847785E1,-4.473830E1
1.985317E0,-7.052160E1,-4.666288E1
1.989487E0,-7.079649E1,-4.691342E1
1.993658E0,-7.101447E1,-4.688485E1
1.997829E0,-6.983726E1,-4.579445E1
2.002000E0,-6.731051E1,-4.405057E1
2.006171E0,-6.341458E1,-4.092529E1
2.010342E0,-5.761592E1,-3.604997E1
2.014512E0,-5.089916E1,-3.061583E1
2.018683E0,-4.294505E1,-2.463278E1
2.022854E0,-3.091656E1,-1.567747E1
2.027025E0,-1.900590E1,-7.605385E0
2.031196E0,-6.960063E0,3.490886E-1
2.035367E0,6.634306E0,6.920905E0
2.039537E0,1.766157E1,1.234383E1
2.043708E0,2.786891E1,1.732878E1
2.047879E0,3.807338E1,2.133071E1
2.052050E0,4.608785E1,2.438296E1
2.056221E0,5.255881E1,2.629762E1
2.060392E0,5.824694E1,2.801932E1
2.064562E0,6.240989E1,2.912588E1
2.068733E0,6.453811E1,2.903294E1
2.072904E0,6.550070E1,2.784654E1
2.077075E0,6.513326E1,2.655858E1
2.081246E0,6.318756E1,2.423995E1
2.085417E0,5.938943E1,2.114474E1
2.089587E0,5.394740E1,1.764379E1
2.093758E0,4.726337E1,1.339904E1
2.097929E0,3.901875E1,9.328967E0
2.102100E0,2.918359E1,4.400117E0
2.106271E0,1.791616E1,1.521562E-1
2.110442E0,5.333300E0,-3.961625E0
2.114612E0,-9.501378E0,-7.692749E0
2.118783E0,-2.165537E1,-9.887014E0
2.122954E0,-3.374113E1,-1.162115E1
2.127125E0,-4.284954E1,-1.149511E1
2.131296E0,-4.935461E1,-1.177899E1
2.135467E0,-5.603540E1,-1.171846E1
2.139637E0,-5.993409E1,-1.111714E1
2.143808E0,-6.301161E1,-1.067656E1
2.147979E0,-6.397760E1,-9.966202E0
2.152150E0,-6.390327E1,-9.037005E0
2.156321E0,-6.141706E1,-7.860097E0
2.160492E0,-5.767192E1,-6.993364E0
2.164662E0,-5.223328E1,-5.868441E0
2.168833E0,-4.526941E1,-4.889861E0
2.173004E0,-3.711840E1,-3.817746E0
2.177175E0,-2.688836E1,-3.051071E0
2.181346E0,-1.391230E1,-1.473018E0
2.185517E0,1.923599E-2,9.605811E-2
2.189687E0,1.110047E1,1.362643E0
2.193858E0,2.274093E1,2.845116E0
2.198029E0,3.130602E1,4.295400E0
2.202200E0,3.910876E1,5.715343E0
2.206371E0,4.478964E1,6.506089E0
2.210542E0,4.930425E1,7.666158E0
2.214712E0,5.202883E1,8.411579E0
2.218883E0,5.320694E1,8.809369E0
2.223054E0,5.258330E1,9.547866E0
2.227225E0,5.021356E1,9.924198E0
2.231396E0,4.626229E1,1.039504E1
2.235567E0,4.045023E1,1.059119E1
2.239737E0,3.270244E1,1.019735E1
2.243908E0,2.439961E1,9.426577E0
2.248079E0,1.348606E1,8.477335E0
2.252250E0,1.590786E0,6.447661E0
2.256421E0,-9.749541E0,3.214939E0
2.260592E0,-2.090187E1,-4.282831E-1
2.264762E0,-2.845751E1,-3.929098E0
2.268933E0,-3.561535E1,-7.004321E0
2.273104E0,-4.191420E1,-9.364004E0
2.277275E0,-4.537577E1,-1.196335E1
2.281446E0,-4.772052E1,-1.373717E1
2.285617E0,-4.809301E1,-1.499639E1
2.289787E0,-4.754459E1,-1.586054E1
2.293958E0,-4.525612E1,-1.664840E1
2.298129E0,-4.175496E1,-1.656231E1
2.302300E0,-3.616202E1,-1.605146E1
2.306471E0,-2.969264E1,-1.482061E1
2.310642E0,-2.171583E1,-1.282555E1
2.314812E0,-1.178774E1,-9.844469E0
2.318983E0,-1.992680E0,-5.506694E0
2.323154E0,7.915053E0,-6.577112E-1
2.327325E0,1.572090E1,4.293405E0
2.331496E0,2.159814E1,9.081090E0
2.335667E0,2.632715E1,1.343696E1
2.339837E0,2.956880E1,1.649342E1
2.344008E0,3.154415E1,1.946553E1
2.348179E0,3.212591E1,2.099940E1
2.352350E0,3.155809E1,2.199223E1
2.356521E0,2.868484E1,2.146211E1
2.360692E0,2.575329E1,2.008061E1
2.364862E0,2.098279E1,1.747306E1
2.369033E0,1.572791E1,1.343967E1
2.373204E0,9.727284E0,8.241980E0
2.377375E0,3.316159E0,2.009692E0
2.381546E0,-4.675397E0,-5.578727E0
2.385717E0,-1.059019E1,-1.178693E1
2.389887E0,-1.613835E1,-1.763721E1
2.394058E0,-1.983662E1,-2.178726E1
2.398229E0,-2.262338E1,-2.550099E1
2.402400E0,-2.379418E1,-2.689562E1
2.406571E0,-2.460639E1,-2.783571E1
2.410742E0,-2.427893E1,-2.694064E1
2.414912E0,-2.380486E1,-2.487345E1
2.419083E0,-2.188110E1,-2.128212E1
2.423254E0,-1.868744E1,-1.662282E1
2.427425E0,-1.559100E1,-1.054402E1
2.431596E0,-1.019360E1,-2.429935E0
2.435767E0,-4.926087E0,4.365618E0
2.439937E0,3.083537E-1,1.018340E1
2.444108E0,4.596096E0,1.490935E1
2.448279E0,8.123096E0,1.838079E1
2.452450E0,1.023919E1,2.017405E1
2.456621E0,1.199716E1,2.081724E1
2.460792E0,1.291109E1,2.020022E1
2.464962E0,1.263665E1,1.802853E1
2.469133E0,1.127985E1,1.473076E1
2.473304E0,9.946931E0,1.040451E1
2.477475E0,6.906293E0,4.735007E0
2.481646E0,3.099309E0,-1.717858E0
2.485817E0,-1.920332E0,-7.608237E0
2.489987E0,-6.789187E0,-1.209376E1
2.494158E0,-1.190164E1,-1.575638E1
2.498329E0,-1.595048E1,-1.777885E1
2.502500E0,-1.858010E1,-1.891770E1
2.506671E0,-2.068404E1,-1.860686E1
2.510842E0,-2.142078E1,-1.758017E1
2.515012E0,-2.121271E1,-1.488531E1
2.519183E0,-1.964819E1,-1.162975E1
2.523354E0,-1.710555E1,-6.591611E0
2.527525E0,-1.288880E1,-1.112157E0
2.531696E0,-8.846127E0,3.717003E0
2.535867E0,-2.794886E0,8.020852E0
2.540037E0,1.402353E0,1.088286E1
2.544208E0,5.189831E0,1.320447E1
2.548379E0,7.598166E0,1.331895E1
2.552550E0,9.066854E0,1.309210E1
2.556721E0,9.372320E0,1.099808E1
2.560892E0,8.343565E0,8.283384E0
2.565062E0,6.140458E0,4.366033E0
2.569233E0,3.145004E0,-2.594667E-3
2.573404E0,-1.276502E0,-4.024776E0
2.577575E0,-7.036277E0,-7.471182E0
2.581746E0,-1.184480E1,-9.660683E0
2.585917E0,-1.597728E1,-1.082289E1
2.590087E0,-1.863931E1,-1.116265E1
2.594258E0,-2.008992E1,-1.069820E1
2.598429E0,-2.062122E1,-9.947794E0
2.602600E0,-1.949366E1,-7.889577E0
2.606771E0,-1.710182E1,-5.443931E0
2.610942E0,-1.288690E1,-2.903350E0
2.615112E0,-8.161267E0,1.183093E-2
2.619283E0,-2.199055E0,3.519288E0
2.623454E0,2.167031E0,5.603435E0
2.627625E0,5.147936E0,6.631213E0
2.631796E0,7.035585E0,7.454903E0
2.635967E0,7.773976E0,7.462428E0
2.640137E0,7.188943E0,5.740965E0
2.644308E0,5.092833E0,4.858048E0
2.648479E0,1.526831E0,2.997451E0
2.652650E0,-3.206060E0,5.927286E-1
2.656821E0,-8.921728E0,-1.376553E0
2.660992E0,-1.372248E1,-3.432908E0
2.665162E0,-1.681862E1,-4.863434E0
2.669333E0,-1.916537E1,-5.909301E0
2.673504E0,-1.951250E1,-6.455379E0
2.677675E0,-1.871802E1,-6.671549E0
2.681846E0,-1.632402E1,-6.254190E0
2.686017E0,-1.315518E1,-4.747810E0
2.690187E0,-8.181054E0,-2.686349E0
2.694358E0,-3.378824E0,-6.459713E-1
2.698529E0,1.021352E0,2.934897E0
2.702700E0,3.645419E0,4.922685E0
2.706871E0,4.903097E0,7.042146E0
2.711042E0,5.082864E0,8.276059E0
2.715212E0,4.043521E0,8.517489E0
2.719383E0,1.831303E0,7.410022E0
2.723554E0,-1.122871E0,5.632640E0
2.727725E0,-5.258593E0,2.220493E0
2.731896E0,-8.934638E0,-1.375366E0
2.736067E0,-1.167975E1,-5.065576E0
2.740237E0,-1.378231E1,-7.585406E0
2.744408E0,-1.386918E1,-9.198462E0
2.748579E0,-1.370447E1,-9.846771E0
2.752750E0,-1.197380E1,-9.431407E0
2.756921E0,-9.698798E0,-7.908718E0
2.761092E0,-7.127163E0,-5.051929E0
2.765262E0,-3.954719E0,-2.324576E-1
2.769433E0,-2.590868E0,3.421704E0
2.773604E0,-1.580009E0,7.318226E0
2.777775E0,-1.511521E0,9.702293E0
2.781946E0,-1.866994E0,1.090233E1
2.786117E0,-2.792314E0,1.079012E1
2.790287E0,-4.088467E0,9.379975E0
2.794458E0,-5.897753E0,5.478533E0
2.798629E0,-7.142126E0,1.726094E0
2.802800E0,-7.775242E0,-3.388231E0
2.806971E0,-7.797600E0,-7.737655E0
2.811142E0,-7.644824E0,-9.820182E0
2.815312E0,-7.743110E0,-1.085139E1
2.819483E0,-7.678359E0,-1.064436E1
2.823654E0,-7.476975E0,-8.718298E0
2.827825E0,-7.696970E0,-5.472296E0
2.831996E0,-7.178213E0,-5.384455E-1
2.836167E0,-6.186156E0,3.717548E0
2.840337E0,-5.022940E0,7.066950E0
2.844508E0,-3.769843E0,8.994979E0
2.848679E0,-2.969042E0,1.015711E1
2.852850E0,-2.588319E0,9.347020E0
2.857021E0,-2.883803E0,7.156241E0
2.861192E0,-3.515427E0,3.923334E0
2.865362E0,-5.030399E0,1.168975E-1
2.869533E0,-6.981046E0,-3.991520E0
2.873704E0,-8.831197E0,-6.864024E0
2.877875E0,-1.055083E1,-8.528378E0
2.882046E0,-1.104714E1,-8.634270E0
2.886217E0,-1.096168E1,-7.735446E0
2.890387E0,-9.807859E0,-5.235953E0
2.894558E0,-8.043109E0,-1.993776E0
2.898729E0,-5.446296E0,1.119753E0
2.902900E0,-2.936144E0,4.328149E0
2.907071E0,-8.559064E-1,6.592361E0
2.911242E0,3.066781E-2,7.296429E0
2.915412E0,1.583674E-1,7.391581E0
2.919583E0,-3.784936E-1,5.736097E0
2.923754E0,-2.370856E0,3.399933E0
2.927925E0,-5.020828E0,4.766857E-1
2.932096E0,-8.254171E0,-2.386454E0
2.936267E0,-1.088054E1,-4.501382E0
2.940437E0,-1.187633E1,-6.245866E0
2.944608E0,-1.202829E1,-6.461265E0
2.948779E0,-1.105892E1,-6.002125E0
2.952950E0,-9.041272E0,-4.076012E0
2.957121E0,-6.797685E0,-2.163227E0
2.961292E0,-4.114582E0,1.378458E0
2.965462E0,-2.271628E0,4.562260E0
2.969633E0,-1.522023E0,6.741768E0
2.973804E0,-1.584155E0,7.820603E0
2.977975E0,-2.282159E0,7.838118E0
2.982146E0,-3.684599E0,6.045232E0
2.986317E0,-5.466896E0,3.009416E0
2.990487E0,-7.295176E0,-5.497999E-1
2.994658E0,-8.767229E0,-3.943746E0
2.998829E0,-9.134510E0,-6.389719E0
3.003000E0,-9.141550E0,-7.146155E0
3.007171E0,-8.845031E0,-6.588257E0
3.011342E0,-8.608636E0,-4.971761E0
3.015512E0,-7.465180E0,-2.062716E0
3.019683E0,-6.605568E0,1.714790E0
3.023854E0,-5.422839E0,5.025495E0
3.028025E0,-4.338151E0,6.922943E0
3.032196E0,-3.874197E0,7.997814E0
3.036367E0,-3.908338E0,7.215180E0
3.040537E0,-4.551220E0,5.544247E0
3.044708E0,-5.608953E0,2.519910E0
3.048879E0,-7.100663E0,-7.103626E-1
3.053050E0,-8.713497E0,-3.629635E0
3.057221E0,-9.834473E0,-5.311959E0
3.061392E0,-1.037739E1,-5.774498E0
3.065562E0,-1.010956E1,-4.816832E0
3.069733E0,-9.158646E0,-3.079109E0
3.073904E0,-7.087844E0,-3.441059E-1
3.078075E0,-5.191941E0,2.289130E0
3.082246E0,-3.284714E0,4.595460E0
3.086417E0,-2.869726E0,6.061504E0
3.090587E0,-2.809346E0,6.460450E0
3.094758E0,-3.373225E0,5.247650E0
3.098929E0,-4.918992E0,2.968981E0
3.103100E0,-6.599799E0,4.453842E-1
3.107271E0,-8.081091E0,-2.180701E0
3.111442E0,-9.435477E0,-4.186577E0
3.115612E0,-1.004890E1,-5.353457E0
3.119783E0,-9.442520E0,-4.985461E0
3.123954E0,-8.288055E0,-3.349031E0
3.128125E0,-7.220467E0,-1.278319E0
3.132296E0,-5.641686E0,2.045944E0
3.136467E0,-4.681768E0,4.110084E0
3.140637E0,-4.172534E0,6.249834E0
3.144808E0,-3.809953E0,6.133593E0
3.148979E0,-4.395219E0,5.124588E0
3.153150E0,-5.360847E0,2.713381E0
3.157321E0,-6.516021E0,1.310759E-3
3.161492E0,-7.857630E0,-2.110751E0
3.165662E0,-8.875232E0,-3.863006E0
3.169833E0,-9.221137E0,-4.126550E0
3.174004E0,-8.996747E0,-3.061309E0
3.178175E0,-8.343863E0,-1.633351E0
3.182346E0,-6.883661E0,3.656150E-1
3.186517E0,-5.529484E0,2.700547E0
3.190687E0,-4.276382E0,4.330399E0
3.194858E0,-3.982963E0,5.318509E0
3.199029E0,-4.251599E0,5.176753E0
3.203200E0,-4.998974E0,3.380720E0
3.207371E0,-6.373806E0,1.212165E0
3.211542E0,-8.031915E0,-8.155707E-1
3.215712E0,-9.296703E0,-2.607279E0
3.219883E0,-9.533369E0,-3.712390E0
3.224054E0,-9.626082E0,-3.398162E0
3.228225E0,-8.402204E0,-2.489970E0
3.232396E0,-7.029881E0,-6.568537E-1
3.236567E0,-6.408844E0,1.779944E0
3.240737E0,-5.268107E0,3.667134E0
3.244908E0,-5.008236E0,5.354357E0
3.249079E0,-5.060246E0,4.692188E0
3.253250E0,-5.557958E0,3.228091E0
3.257421E0,-6.710650E0,1.378923E0
3.261592E0,-7.820689E0,-1.228925E0
3.265762E0,-8.944669E0,-2.946432E0
3.269933E0,-9.092884E0,-3.269576E0
3.274104E0,-9.124807E0,-2.893409E0
3.278275E0,-8.226317E0,-1.897219E0
3.282446E0,-7.073967E0,-6.749074E-2
3.286617E0,-6.152445E0,2.180315E0
3.290787E0,-5.221401E0,3.908020E0
3.294958E0,-4.424520E0,4.567558E0
3.299129E0,-4.717769E0,4.133344E0
3.303300E0,-5.119745E0,2.877929E0
3.307471E0,-6.387383E0,8.885450E-1
3.311642E0,-7.729059E0,-9.359094E-1
3.315812E0,-8.294950E0,-2.121955E0
3.319983E0,-8.834906E0,-2.204518E0
3.324154E0,-8.214161E0,-1.667777E0
3.328325E0,-7.320873E0,-4.093116E-1
3.332496E0,-6.353003E0,1.550614E0
3.336667E0,-5.860264E0,3.416051E0
3.340837E0,-5.145727E0,4.177435E0
3.345008E0,-5.232752E0,4.346766E0
3.349179E0,-5.186794E0,3.103930E0
3.353350E0,-6.187395E0,1.595471E0
3.357521E0,-7.146991E0,-1.116276E-1
3.361692E0,-8.029867E0,-1.522289E0
3.365862E0,-8.092036E0,-2.036839E0
3.370033E0,-7.864595E0,-1.779814E0
3.374204E0,-7.455139E0,-7.003249E-1
3.378375E0,-6.502260E0,6.965779E-1
3.382546E0,-5.342999E0,2.200699E0
3.386717E0,-5.066911E0,3.616011E0
3.390887E0,-4.740537E0,3.801745E0
3.395058E0,-5.246058E0,2.879922E0
3.399229E0,-6.135707E0,1.644927E0
3.403400E0,-6.735522E0,6.303331E-2
3.407571E0,-7.487792E0,-1.232636E0
3.411742E0,-7.913768E0,-1.719629E0
3.415912E0,-8.043347E0,-1.552738E0
3.420083E0,-6.999165E0,-3.353039E-1
3.424254E0,-6.487890E0,5.156110E-1
3.428425E0,-5.818005E0,2.168119E0
3.432596E0,-5.242479E0,3.405086E0
3.436767E0,-5.029341E0,3.199514E0
3.440937E0,-5.521498E0,2.802415E0
3.445108E0,-6.047781E0,1.411326E0
3.449279E0,-6.755609E0,-2.273071E-2
3.453450E0,-7.625398E0,-9.333022E-1
3.457621E0,-8.144768E0,-1.289995E0
3.461792E0,-7.955869E0,-1.082978E0
3.465962E0,-6.819043E0,-2.603076E-1
3.470133E0,-6.437850E0,9.915664E-1
3.474304E0,-5.835857E0,2.457943E0
3.478475E0,-5.392017E0,2.719008E0
3.482646E0,-5.698120E0,2.730406E0
3.486817E0,-6.055959E0,1.848902E0
3.490987E0,-6.494384E0,9.750367E-1
3.495158E0,-7.233677E0,-1.266427E-1
3.499329E0,-7.841187E0,-3.939108E-1
3.503500E0,-7.923959E0,-7.616579E-1
3.507671E0,-7.343600E0,-3.185459E-1
3.511842E0,-6.782056E0,5.453346E-1
3.516012E0,-6.136736E0,1.755992E0
3.520183E0,-5.872652E0,2.705194E0
3.524354E0,-5.957587E0,2.971276E0
3.528525E0,-5.916587E0,2.560299E0
3.532696E0,-6.131315E0,1.634165E0
3.536867E0,-6.536283E0,9.004735E-1
3.541037E0,-7.364953E0,3.910423E-2
3.545208E0,-7.755799E0,-1.376681E-1
3.549379E0,-7.490752E0,-3.385268E-2
3.553550E0,-7.066264E0,8.505587E-1
3.557721E0,-6.049484E0,1.608536E0
3.561892E0,-5.936592E0,2.354153E0
3.566062E0,-5.766170E0,2.758617E0
3.570233E0,-5.686709E0,2.347989E0
3.574404E0,-5.989957E0,2.280154E0
3.578575E0,-6.491501E0,1.515155E0
3.582746E0,-7.116858E0,9.508001E-1
3.586917E0,-6.822741E0,7.747432E-1
3.591087E0,-6.670945E0,1.011619E0
3.595258E0,-6.948032E0,1.458902E0
3.599429E0,-6.175762E0,2.136668E0
3.603600E0,-5.946697E0,2.794419E0
3.607771E0,-5.748173E0,3.051627E0
3.611942E0,-6.006032E0,3.103070E0
3.616112E0,-5.941781E0,2.782323E0
3.620283E0,-6.186798E0,2.463801E0
3.624454E0,-6.603095E0,1.547897E0
3.628625E0,-6.774682E0,1.191578E0
3.632796E0,-6.760469E0,1.497690E0
3.636967E0,-6.768175E0,1.585300E0
3.641137E0,-6.353575E0,2.015611E0
3.645308E0,-5.817972E0,2.803413E0
3.649479E0,-6.123631E0,3.214141E0
3.653650E0,-6.189859E0,3.240438E0
3.657821E0,-5.600256E0,2.840276E0
3.661992E0,-6.558672E0,2.161287E0
3.666162E0,-6.335000E0,1.877909E0
3.670333E0,-6.573733E0,1.916951E0
3.674504E0,-6.894117E0,1.945078E0
3.678675E0,-6.690507E0,2.324563E0
3.682846E0,-6.767893E0,2.638123E0
3.687017E0,-6.385803E0,2.959848E0
3.691187E0,-6.600552E0,3.128888E0
3.695358E0,-6.514844E0,3.144031E0
3.699529E0,-6.519740E0,2.752792E0
3.703700E0,-7.081346E0,2.632858E0
3.707871E0,-7.063745E0,2.481008E0
3.712042E0,-7.051479E0,2.457751E0
3.716212E0,-6.862385E0,2.308180E0
3.720383E0,-6.774990E0,2.921156E0
3.724554E0,-6.637820E0,3.024723E0
3.728725E0,-6.551390E0,3.182701E0
3.732896E0,-6.751350E0,3.018908E0
3.737067E0,-6.627374E0,2.964284E0
3.741237E0,-6.791459E0,3.020499E0
3.745408E0,-7.469209E0,2.406797E0
3.749579E0,-7.431844E0,2.364434E0
3.753750E0,-7.634555E0,2.326190E0
3.757921E0,-7.514086E0,2.516834E0
3.762092E0,-7.281280E0,2.790087E0
3.766262E0,-7.327887E0,2.836557E0
3.770433E0,-7.383204E0,3.067836E0
3.774604E0,-7.493389E0,3.003819E0
3.778775E0,-7.486269E0,2.953280E0
3.782946E0,-7.602144E0,2.973932E0
3.787117E0,-7.544780E0,2.991052E0
3.791287E0,-7.673807E0,3.150987E0
3.795458E0,-7.699729E0,3.410634E0
3.799629E0,-7.676980E0,3.172215E0
3.803800E0,-7.763691E0,3.206336E0
3.807971E0,-7.725220E0,3.332622E0
3.812142E0,-7.787584E0,3.384033E0
3.816312E0,-7.820611E0,3.394488E0
3.820483E0,-7.908942E0,3.326283E0
3.824654E0,-7.695715E0,3.195494E0
3.828825E0,-7.738766E0,3.249259E0
3.832996E0,-7.667526E0,3.336306E0
3.837167E0,-7.807240E0,3.487541E0
3.841337E0,-7.749554E0,3.453294E0
3.845508E0,-7.882539E0,3.517296E0
3.849679E0,-7.627331E0,3.155260E0
3.853850E0,-7.650715E0,3.172913E0
3.858021E0,-7.858848E0,3.328353E0
3.862192E0,-7.882700E0,3.312935E0
3.866362E0,-7.874913E0,3.258178E0
3.870533E0,-7.615624E0,2.962837E0
3.874704E0,-7.626587E0,2.865888E0
3.878875E0,-7.734291E0,3.021082E0
3.883046E0,-8.345538E0,1.947344E0
3.887217E0,-8.496016E0,2.142771E0
3.891387E0,-8.335111E0,1.934654E0
3.895558E0,-8.786519E0,2.434330E0
3.899729E0,-8.846006E0,2.523107E0
3.903900E0,-8.721965E0,2.343750E0
3.908071E0,-8.904226E0,2.466845E0
3.912242E0,-8.889410E0,2.595065E0
3.916412E0,-8.538870E0,2.913312E0
3.920583E0,-8.380098E0,3.855582E0
3.924754E0,-8.713550E0,4.401120E0
3.928925E0,-8.424710E0,4.896831E0
3.933096E0,-8.679907E0,5.356614E0
3.937267E0,-8.289677E0,5.825375E0
3.941437E0,-8.572189E0,6.152752E0
3.945608E0,-8.513172E0,6.073244E0
3.949779E0,-8.567297E0,6.110703E0
3.953950E0,-8.879073E0,6.348237E0
3.958121E0,-8.360408E0,6.805772E0
3.962292E0,-8.854098E0,6.520278E0
3.966462E0,-8.444435E0,6.828803E0
3.970633E0,-8.655007E0,7.234029E0
3.974804E0,-8.760203E0,7.391537E0
3.978975E0,-8.649659E0,7.279229E0
3.983146E0,-8.773585E0,7.460723E0
3.987317E0,-8.910851E0,7.707454E0
3.991487E0,-8.850933E0,7.321466E0
3.995658E0,-8.830305E0,7.695095E0
3.999829E0,-8.912080E0,7.696036E0
4.004000E0,-8.858877E0,7.615112E0
4.008171E0,-8.350392E0,7.803633E0
4.012342E0,-8.396002E0,7.747174E0
4.016512E0,-8.466911E0,7.967169E0
4.020683E0,-8.449888E0,7.973135E0
4.024854E0,-8.601897E0,8.068561E0
4.029025E0,-8.427323E0,7.953335E0
4.033196E0,-8.511655E0,8.146279E0
4.037367E0,-8.601861E0,8.201988E0
4.041537E0,-8.682521E0,8.210150E0
4.045708E0,-8.688771E0,8.301899E0
4.049879E0,-8.606730E0,8.067636E0
4.054050E0,-8.837638E0,8.370524E0
4.058221E0,-8.615945E0,8.171689E0
4.062392E0,-8.617414E0,8.226356E0
4.066562E0,-8.887251E0,8.422063E0
4.070733E0,-8.683173E0,8.278134E0
4.074904E0,-8.841492E0,8.317273E0
4.079075E0,-9.014454E0,8.523413E0
4.083246E0,-8.802615E0,8.230174E0
4.087417E0,-8.740224E0,8.300518E0
4.091587E0,-8.713873E0,8.115851E0
4.095758E0,-8.799150E0,8.343241E0
4.099929E0,-8.726356E0,8.334016E0
4.104100E0,-9.025581E0,8.563644E0
4.108271E0,-8.776834E0,8.415249E0
4.112442E0,-9.059724E0,8.570909E0
4.116612E0,-8.944362E0,8.548122E0
