,mass A,,
t,x,y,
8.646138E0,1.281186E2,6.939759E1
8.650308E0,1.023858E2,7.155271E1
8.654479E0,7.634158E1,7.324758E1
8.658650E0,5.053162E1,7.257895E1
8.662821E0,2.330650E1,6.995522E1
8.666992E0,-2.174721E0,6.700349E1
8.671163E0,-2.729753E1,6.157905E1
8.675333E0,-5.185353E1,5.642474E1
8.679504E0,-7.643136E1,5.086890E1
8.683675E0,-1.002214E2,4.464755E1
8.687846E0,-1.235393E2,3.704791E1
8.692017E0,-1.459686E2,2.864873E1
8.696188E0,-1.660163E2,1.980281E1
8.700358E0,-1.835253E2,1.095104E1
8.704529E0,-1.992116E2,1.131243E0
8.708700E0,-2.074188E2,-1.139994E1
8.712871E0,-2.164917E2,-2.024793E1
8.717042E0,-2.248148E2,-3.018130E1
8.721213E0,-2.319593E2,-3.874727E1
8.725383E0,-2.350540E2,-4.253389E1
8.729554E0,-2.428369E2,-5.492833E1
8.733725E0,-2.439938E2,-5.770993E1
8.737896E0,-2.466963E2,-6.582140E1
8.742067E0,-2.488707E2,-7.324743E1
8.746237E0,-2.497063E2,-8.031765E1
8.750408E0,-2.491077E2,-8.565791E1
8.754579E0,-2.475109E2,-9.302912E1
8.758750E0,-2.452369E2,-9.830774E1
8.762921E0,-2.418336E2,-1.041484E2
8.767092E0,-2.372533E2,-1.077556E2
8.771263E0,-2.316748E2,-1.125061E2
8.775433E0,-2.248047E2,-1.164911E2
8.779604E0,-2.174709E2,-1.196712E2
8.783775E0,-2.084761E2,-1.226780E2
8.787946E0,-1.983983E2,-1.254973E2
8.792117E0,-1.871783E2,-1.272578E2
8.796288E0,-1.739262E2,-1.285828E2
8.800458E0,-1.602678E2,-1.292625E2
8.804629E0,-1.438255E2,-1.286900E2
8.808800E0,-1.282721E2,-1.281776E2
8.812971E0,-1.093025E2,-1.254069E2
8.817142E0,-8.872494E1,-1.218385E2
8.821312E0,-6.841748E1,-1.170920E2
8.825483E0,-4.610187E1,-1.097366E2
8.829654E0,-2.416948E1,-1.016399E2
8.833825E0,-1.264581E0,-9.252281E1
8.837996E0,1.979546E1,-7.906554E1
8.842167E0,4.030863E1,-6.460232E1
8.846337E0,6.591584E1,-5.654914E1
8.850508E0,8.606196E1,-4.239890E1
8.854679E0,9.950065E1,-2.340903E1
8.858850E0,1.219791E2,-1.251195E1
8.863021E0,1.380654E2,2.949638E0
8.867192E0,1.537306E2,1.752972E1
8.871363E0,1.669340E2,2.943713E1
8.875533E0,1.726454E2,4.713046E1
8.879704E0,1.840303E2,5.939853E1
8.883875E0,1.932356E2,7.249251E1
8.888046E0,2.012350E2,8.309405E1
8.892217E0,2.077505E2,9.453515E1
8.896388E0,2.132317E2,1.046633E2
8.900558E0,2.174656E2,1.146874E2
8.904729E0,2.202973E2,1.240878E2
8.908900E0,2.218443E2,1.328983E2
8.913071E0,2.222540E2,1.417546E2
8.917242E0,2.218157E2,1.491647E2
8.921413E0,2.204145E2,1.556867E2
8.925583E0,2.173443E2,1.620093E2
8.929754E0,2.135838E2,1.675899E2
8.933925E0,2.091974E2,1.707473E2
8.938096E0,2.038355E2,1.733106E2
8.942267E0,1.975613E2,1.756520E2
8.946438E0,1.903217E2,1.767387E2
8.950608E0,1.821452E2,1.766506E2
8.954779E0,1.729879E2,1.756284E2
8.958950E0,1.627832E2,1.736778E2
8.963121E0,1.529431E2,1.704845E2
8.967292E0,1.413734E2,1.665718E2
8.971462E0,1.290614E2,1.618137E2
8.975633E0,1.148544E2,1.550929E2
8.979804E0,1.001497E2,1.483103E2
8.983975E0,8.438143E1,1.405203E2
8.988146E0,6.758491E1,1.302706E2
8.992317E0,4.937236E1,1.182132E2
8.996487E0,3.071890E1,1.049602E2
9.000658E0,1.037572E1,9.201721E1
9.004829E0,-9.042461E0,7.594019E1
9.009000E0,-2.822065E1,5.856005E1
9.013171E0,-4.669201E1,3.929197E1
9.017342E0,-6.456049E1,1.828965E1
9.021513E0,-8.053268E1,-1.051505E0
9.025683E0,-9.790334E1,-2.259520E1
9.029854E0,-1.109052E2,-4.121447E1
9.034025E0,-1.170563E2,-5.145124E1
9.038196E0,-1.246699E2,-6.680704E1
9.042367E0,-1.317392E2,-8.173014E1
9.046538E0,-1.381656E2,-9.594658E1
9.050708E0,-1.444622E2,-1.097383E2
9.054879E0,-1.494951E2,-1.223794E2
9.059050E0,-1.536271E2,-1.349321E2
9.063221E0,-1.560425E2,-1.458177E2
9.067392E0,-1.574151E2,-1.562874E2
9.071563E0,-1.586431E2,-1.660697E2
9.075733E0,-1.582439E2,-1.746340E2
9.079904E0,-1.577882E2,-1.820671E2
9.084075E0,-1.563037E2,-1.884495E2
9.088246E0,-1.534436E2,-1.943289E2
9.092417E0,-1.507572E2,-1.990822E2
9.096588E0,-1.470533E2,-2.030123E2
9.100758E0,-1.427427E2,-2.055056E2
9.104929E0,-1.375782E2,-2.076072E2
9.109100E0,-1.327768E2,-2.085659E2
9.113271E0,-1.268797E2,-2.087499E2
9.117442E0,-1.204739E2,-2.076830E2
9.121612E0,-1.136074E2,-2.057521E2
9.125783E0,-1.056532E2,-2.027114E2
9.129954E0,-9.653293E1,-1.979205E2
9.134125E0,-8.824391E1,-1.922397E2
9.138296E0,-7.841365E1,-1.858799E2
9.142467E0,-6.885196E1,-1.775425E2
9.146638E0,-5.772279E1,-1.678326E2
9.150808E0,-4.809763E1,-1.573954E2
9.154979E0,-3.713866E1,-1.453252E2
9.159150E0,-2.649459E1,-1.330086E2
9.163321E0,-1.484834E1,-1.178140E2
9.167492E0,-3.388339E0,-1.019996E2
9.171663E0,7.579370E0,-8.500177E1
9.175833E0,1.937481E1,-6.500572E1
9.180004E0,3.027689E1,-4.435305E1
9.184175E0,4.258898E1,-2.273862E1
9.188346E0,5.215950E1,-7.735858E-1
9.192517E0,6.298569E1,2.137790E1
9.196687E0,7.225647E1,4.461908E1
9.200858E0,7.916574E1,6.642665E1
9.205029E0,8.425024E1,8.816664E1
9.209200E0,8.556422E1,1.049556E2
9.213371E0,8.875584E1,1.245530E2
9.217542E0,9.147715E1,1.420152E2
9.221712E0,9.311939E1,1.598125E2
9.225883E0,9.458895E1,1.743140E2
9.230054E0,9.453507E1,1.884221E2
9.234225E0,9.420563E1,2.011391E2
9.238396E0,9.296933E1,2.122549E2
9.242567E0,9.053216E1,2.214868E2
9.246738E0,8.808935E1,2.296717E2
9.250908E0,8.553125E1,2.369227E2
9.255079E0,8.154051E1,2.424302E2
9.259250E0,7.743852E1,2.464991E2
9.263421E0,7.298814E1,2.495411E2
9.267592E0,6.822949E1,2.511419E2
9.271763E0,6.329982E1,2.516138E2
9.275933E0,5.745963E1,2.504063E2
9.280104E0,5.206206E1,2.483036E2
9.284275E0,4.602495E1,2.445450E2
9.288446E0,4.047229E1,2.399468E2
9.292617E0,3.429466E1,2.342216E2
9.296788E0,2.750515E1,2.261960E2
9.300958E0,2.215015E1,2.183368E2
9.305129E0,1.439779E1,2.062552E2
9.309300E0,6.346250E0,1.919609E2
9.313471E0,-1.470312E0,1.770982E2
9.317642E0,-8.429707E0,1.601631E2
9.321813E0,-1.559714E1,1.410792E2
9.325983E0,-2.176363E1,1.214494E2
9.330154E0,-2.870427E1,1.015781E2
9.334325E0,-3.468418E1,7.916047E1
9.338496E0,-3.980523E1,5.517299E1
9.342667E0,-4.272043E1,2.977775E1
9.346837E0,-4.670651E1,5.593800E0
9.351008E0,-5.042940E1,-1.940736E1
9.355179E0,-5.305816E1,-4.503381E1
9.359350E0,-5.437542E1,-6.672356E1
9.363521E0,-5.258040E1,-8.394107E1
9.367692E0,-5.267853E1,-1.035939E2
9.371862E0,-5.146107E1,-1.208982E2
9.376033E0,-4.919103E1,-1.378273E2
9.380204E0,-4.808113E1,-1.531760E2
9.384375E0,-4.496637E1,-1.673017E2
9.388546E0,-4.167622E1,-1.805040E2
9.392717E0,-3.879784E1,-1.920120E2
9.396888E0,-3.480219E1,-2.013849E2
9.401058E0,-3.049039E1,-2.108985E2
9.405229E0,-2.594778E1,-2.179203E2
9.409400E0,-2.209681E1,-2.238430E2
9.413571E0,-1.785609E1,-2.293782E2
9.417742E0,-1.349366E1,-2.335488E2
9.421913E0,-9.158655E0,-2.364902E2
9.426083E0,-4.591208E0,-2.384855E2
9.430254E0,-5.800061E-1,-2.390433E2
9.434425E0,3.146144E0,-2.384178E2
9.438596E0,7.080408E0,-2.372068E2
9.442767E0,1.118992E1,-2.344830E2
9.446938E0,1.462140E1,-2.312632E2
9.451108E0,1.851830E1,-2.265528E2
9.455279E0,2.213941E1,-2.203525E2
9.459450E0,2.561907E1,-2.127321E2
9.463621E0,2.855060E1,-2.047214E2
9.467792E0,3.187305E1,-1.947115E2
9.471963E0,3.434239E1,-1.840536E2
9.476133E0,3.610554E1,-1.723009E2
9.480304E0,3.829272E1,-1.597435E2
9.484475E0,3.950122E1,-1.460523E2
9.488646E0,4.082927E1,-1.281933E2
9.492817E0,4.691447E1,-1.079941E2
9.496987E0,4.645743E1,-9.045588E1
9.501158E0,4.768411E1,-6.899351E1
9.505329E0,4.580840E1,-4.711161E1
9.509500E0,4.271294E1,-2.337673E1
9.513671E0,3.878475E1,-1.254161E-1
9.517842E0,3.382244E1,2.372921E1
9.522013E0,2.717563E1,4.602168E1
9.526183E0,2.151905E1,6.730066E1
9.530354E0,1.572025E1,8.824584E1
9.534525E0,1.039755E1,1.081485E2
9.538696E0,4.637936E0,1.260026E2
9.542867E0,-1.023379E0,1.453866E2
9.547038E0,-7.499340E0,1.617826E2
9.551208E0,-1.281294E1,1.746812E2
9.555379E0,-1.861675E1,1.867854E2
9.559550E0,-2.486410E1,1.971549E2
9.563721E0,-2.977731E1,2.056350E2
9.567892E0,-3.445624E1,2.116291E2
9.572062E0,-3.957684E1,2.163637E2
9.576233E0,-4.483649E1,2.215121E2
9.580404E0,-5.006591E1,2.251446E2
9.584575E0,-5.437505E1,2.270917E2
9.588746E0,-5.839243E1,2.280178E2
9.592917E0,-6.268370E1,2.275302E2
9.597087E0,-6.629413E1,2.264947E2
9.601258E0,-6.963739E1,2.232043E2
9.605429E0,-7.266886E1,2.193178E2
9.609600E0,-7.560350E1,2.131308E2
9.613771E0,-7.803762E1,2.067922E2
9.617942E0,-7.927336E1,1.997363E2
9.622113E0,-8.022756E1,1.908489E2
9.626283E0,-8.067472E1,1.799248E2
9.630454E0,-8.129053E1,1.687674E2
9.634625E0,-8.070665E1,1.533573E2
9.638796E0,-8.027567E1,1.388777E2
9.642967E0,-7.776962E1,1.231746E2
9.647138E0,-7.489166E1,1.058284E2
9.651308E0,-7.192345E1,8.713377E1
9.655479E0,-6.708963E1,6.733888E1
9.659650E0,-6.075626E1,4.668820E1
9.663821E0,-5.308147E1,2.675837E1
9.667992E0,-4.442450E1,4.080015E0
9.672163E0,-3.406992E1,-1.549264E1
9.676333E0,-2.307003E1,-3.656517E1
9.680504E0,-1.221551E1,-5.812874E1
9.684675E0,-5.204899E-1,-7.647092E1
9.688846E0,1.125667E1,-9.398846E1
9.693017E0,2.264518E1,-1.102702E2
9.697188E0,3.752222E1,-1.244934E2
9.701358E0,4.886418E1,-1.293004E2
9.705529E0,6.163552E1,-1.409686E2
9.709700E0,7.061295E1,-1.496598E2
9.713871E0,7.983833E1,-1.585139E2
9.718042E0,8.845569E1,-1.652781E2
9.722212E0,9.593034E1,-1.714447E2
9.726383E0,1.025928E2,-1.758917E2
9.730554E0,1.096690E2,-1.798989E2
9.734725E0,1.157712E2,-1.824015E2
9.738896E0,1.207841E2,-1.839433E2
9.743067E0,1.250406E2,-1.844945E2
9.747237E0,1.288928E2,-1.839280E2
9.751408E0,1.328847E2,-1.825348E2
9.755579E0,1.348304E2,-1.800007E2
9.759750E0,1.359802E2,-1.767920E2
9.763921E0,1.370198E2,-1.725778E2
9.768092E0,1.371429E2,-1.676579E2
9.772263E0,1.359239E2,-1.615601E2
9.776433E0,1.346729E2,-1.546133E2
9.780604E0,1.323631E2,-1.466797E2
9.784775E0,1.295621E2,-1.384241E2
9.788946E0,1.240950E2,-1.287502E2
9.793117E0,1.194793E2,-1.183341E2
9.797287E0,1.138766E2,-1.067689E2
9.801458E0,1.059538E2,-9.457502E1
9.805629E0,9.724758E1,-8.061219E1
9.809800E0,8.667372E1,-6.455684E1
9.813971E0,7.657051E1,-4.886380E1
9.818142E0,6.444060E1,-3.096028E1
9.822313E0,4.804449E1,-1.601483E1
9.826483E0,3.435046E1,3.299869E0
9.830654E0,2.014020E1,2.200957E1
9.834825E0,4.419297E0,4.012152E1
9.838996E0,-1.024006E1,5.661450E1
9.843167E0,-2.457049E1,7.346596E1
9.847338E0,-3.498033E1,8.737709E1
9.851508E0,-4.617146E1,9.923160E1
9.855679E0,-5.689108E1,1.123758E2
9.859850E0,-6.601022E1,1.230692E2
9.864021E0,-7.608658E1,1.325980E2
9.868192E0,-8.564838E1,1.405158E2
9.872362E0,-9.442886E1,1.477571E2
9.876533E0,-1.032356E2,1.537455E2
9.880704E0,-1.101058E2,1.580008E2
9.884875E0,-1.170121E2,1.616812E2
9.889046E0,-1.232832E2,1.643675E2
9.893217E0,-1.288591E2,1.659907E2
9.897388E0,-1.329096E2,1.662431E2
9.901558E0,-1.367045E2,1.652564E2
9.905729E0,-1.395217E2,1.637995E2
9.909900E0,-1.419607E2,1.615040E2
9.914071E0,-1.431268E2,1.582805E2
9.918242E0,-1.438195E2,1.535399E2
9.922413E0,-1.435465E2,1.485046E2
9.926583E0,-1.424174E2,1.419730E2
9.930754E0,-1.399762E2,1.352845E2
9.934925E0,-1.367150E2,1.275208E2
9.939096E0,-1.322098E2,1.182836E2
9.943267E0,-1.268547E2,1.086964E2
9.947437E0,-1.203401E2,9.802104E1
9.951608E0,-1.127190E2,8.696189E1
9.955779E0,-1.039080E2,7.510569E1
9.959950E0,-9.392536E1,6.242754E1
9.964121E0,-8.231744E1,4.881461E1
9.968292E0,-6.897797E1,3.544628E1
9.972462E0,-5.550228E1,2.005513E1
9.976633E0,-3.930850E1,6.220078E0
9.980804E0,-2.202699E1,-7.381421E0
9.984975E0,-3.697083E0,-2.082769E1
9.989146E0,1.572463E1,-3.321788E1
9.993317E0,3.391048E1,-4.474465E1
9.997488E0,5.155729E1,-5.452879E1
1.000166E1,7.044337E1,-6.335213E1
1.000583E1,8.828469E1,-7.244998E1
1.001000E1,1.055973E2,-7.860608E1
1.001417E1,1.202765E2,-8.526094E1
1.001834E1,1.341415E2,-8.994289E1
1.002251E1,1.470243E2,-9.348528E1
1.002668E1,1.580083E2,-9.675023E1
1.003085E1,1.683487E2,-9.816613E1
1.003502E1,1.770193E2,-9.873082E1
1.003920E1,1.844431E2,-9.923593E1
1.004337E1,1.910296E2,-9.845696E1
1.004754E1,1.958885E2,-9.700793E1
1.005171E1,1.998899E2,-9.547850E1
1.005588E1,2.026270E2,-9.287799E1
1.006005E1,2.040871E2,-9.082542E1
1.006422E1,2.043374E2,-8.815191E1
1.006839E1,2.036582E2,-8.433193E1
1.007256E1,2.014443E2,-8.114008E1
1.007673E1,1.979512E2,-7.672700E1
1.008090E1,1.934680E2,-7.232597E1
1.008508E1,1.874260E2,-6.693024E1
1.008925E1,1.800401E2,-6.127634E1
1.009342E1,1.713030E2,-5.502784E1
1.009759E1,1.611677E2,-4.794312E1
1.010176E1,1.494948E2,-4.050589E1
1.010593E1,1.357985E2,-3.209776E1
1.011010E1,1.212210E2,-2.334129E1
1.011427E1,1.040959E2,-1.368646E1
1.011844E1,8.642640E1,-3.987820E0
1.012261E1,6.668551E1,5.611112E0
1.012678E1,4.714433E1,1.497023E1
1.013095E1,2.610019E1,2.424043E1
1.013513E1,5.012461E0,3.231336E1
1.013930E1,-1.509094E1,3.956591E1
1.014347E1,-3.308959E1,4.585248E1
1.014764E1,-4.950406E1,5.143042E1
1.015181E1,-6.540010E1,5.552916E1
1.015598E1,-8.095191E1,6.081945E1
1.016015E1,-9.483480E1,6.501094E1
1.016432E1,-1.068713E2,6.822635E1
1.016849E1,-1.212300E2,7.357058E1
1.017266E1,-1.291492E2,7.389925E1
1.017683E1,-1.387591E2,7.731828E1
1.018100E1,-1.480379E2,8.012295E1
1.018517E1,-1.544924E2,8.134921E1
1.018935E1,-1.602424E2,8.179291E1
1.019352E1,-1.649994E2,8.280158E1
1.019769E1,-1.677557E2,8.227836E1
1.020186E1,-1.703393E2,8.155950E1
1.020603E1,-1.711302E2,8.066134E1
1.021020E1,-1.708335E2,7.914240E1
1.021437E1,-1.691381E2,7.689176E1
1.021854E1,-1.670408E2,7.475658E1
1.022271E1,-1.633021E2,7.181495E1
1.022688E1,-1.576932E2,6.835027E1
1.023105E1,-1.523262E2,6.449567E1
1.023522E1,-1.451688E2,6.063588E1
1.023940E1,-1.363014E2,5.564268E1
1.024357E1,-1.250801E2,4.986317E1
1.024774E1,-1.147217E2,4.594399E1
1.025191E1,-1.014627E2,4.033375E1
1.025608E1,-8.762094E1,3.438036E1
1.026025E1,-7.319024E1,2.877789E1
1.026442E1,-5.693379E1,2.367139E1
1.026859E1,-3.929730E1,1.761440E1
1.027276E1,-2.031251E1,1.180769E1
1.027693E1,-5.587298E-1,7.446394E0
1.028110E1,2.039128E1,2.018146E0
1.028528E1,4.106446E1,-3.024191E0
1.028945E1,5.990445E1,-6.347587E0
1.029362E1,7.876223E1,-1.012218E1
1.029779E1,9.647533E1,-1.381271E1
1.030196E1,1.138411E2,-1.751539E1
1.030613E1,1.281908E2,-1.935638E1
1.031030E1,1.427345E2,-2.213985E1
1.031447E1,1.554591E2,-2.376807E1
1.031864E1,1.666305E2,-2.502205E1
1.032281E1,1.756456E2,-2.594716E1
1.032698E1,1.836015E2,-2.619029E1
1.033115E1,1.901467E2,-2.631262E1
1.033533E1,1.947937E2,-2.583893E1
1.033950E1,1.983564E2,-2.509187E1
1.034367E1,2.002482E2,-2.484791E1
1.034784E1,2.010544E2,-2.395623E1
1.035201E1,2.007777E2,-2.302796E1
1.035618E1,1.988027E2,-2.229688E1
1.036035E1,1.956950E2,-2.113500E1
1.036452E1,1.909853E2,-1.948334E1
1.036869E1,1.852634E2,-1.735560E1
1.037286E1,1.773232E2,-1.625094E1
1.037703E1,1.681857E2,-1.375437E1
1.038120E1,1.572400E2,-1.098259E1
1.038537E1,1.448012E2,-9.094803E0
1.038955E1,1.312237E2,-6.211423E0
1.039372E1,1.150981E2,-2.221866E0
1.039789E1,9.832957E1,6.939121E-1
1.040206E1,8.067060E1,3.614923E0
1.040623E1,6.216850E1,7.873413E0
1.041040E1,4.092595E1,1.177506E1
1.041457E1,2.059277E1,1.362117E1
1.041874E1,-1.204080E-1,1.878960E1
1.042291E1,-1.842330E1,2.151490E1
1.042708E1,-3.589547E1,2.497667E1
1.043125E1,-5.197326E1,2.769274E1
1.043542E1,-6.656826E1,3.007075E1
1.043960E1,-8.086262E1,3.163431E1
1.044377E1,-9.310279E1,3.342596E1
1.044794E1,-1.049747E2,3.561893E1
1.045211E1,-1.150188E2,3.724093E1
1.045628E1,-1.245337E2,3.933838E1
1.046045E1,-1.329429E2,4.066009E1
1.046462E1,-1.396519E2,4.194492E1
1.046879E1,-1.452940E2,4.229581E1
1.047296E1,-1.493941E2,4.261184E1
1.047713E1,-1.524026E2,4.265495E1
1.048130E1,-1.539981E2,4.306150E1
1.048548E1,-1.547462E2,4.274203E1
1.048965E1,-1.543922E2,4.188856E1
1.049382E1,-1.526763E2,4.118921E1
1.049799E1,-1.499527E2,3.962896E1
1.050216E1,-1.456158E2,3.838940E1
1.050633E1,-1.401351E2,3.603920E1
1.051050E1,-1.339957E2,3.464770E1
1.051467E1,-1.261691E2,3.257740E1
1.051884E1,-1.168745E2,3.020734E1
1.052301E1,-1.068879E2,2.776249E1
1.052718E1,-9.492847E1,2.482686E1
1.053135E1,-8.172716E1,2.179501E1
1.053552E1,-6.782091E1,1.988968E1
1.053970E1,-5.295480E1,1.739005E1
1.054387E1,-3.594912E1,1.412273E1
1.054804E1,-1.853287E1,1.241940E1
1.055221E1,-7.162003E-2,1.029022E1
1.055638E1,1.931011E1,7.926565E0
1.056055E1,3.969064E1,6.042964E0
1.056472E1,5.768520E1,4.918789E0
1.056889E1,7.473294E1,4.124431E0
1.057306E1,8.993137E1,3.783720E0
1.057723E1,1.048472E2,2.480417E0
1.058140E1,1.186662E2,1.306399E0
1.058558E1,1.313476E2,9.858213E-1
1.058975E1,1.423756E2,5.130558E-1
1.059392E1,1.516596E2,4.003012E-2
1.059809E1,1.596788E2,-3.663234E-1
1.060226E1,1.661959E2,-7.143094E-1
1.060643E1,1.708244E2,-1.330179E0
1.061060E1,1.743568E2,-1.205663E0
1.061477E1,1.762171E2,-1.029337E0
1.061894E1,1.768173E2,-1.181355E0
1.062311E1,1.759839E2,-9.799410E-1
1.062728E1,1.740213E2,-8.173995E-1
1.063145E1,1.703330E2,-9.497740E-1
1.063562E1,1.651272E2,3.886786E-1
1.063980E1,1.587242E2,6.235035E-1
1.064397E1,1.509819E2,8.902551E-1
1.064814E1,1.409445E2,1.697358E0
1.065231E1,1.298764E2,2.363308E0
1.065648E1,1.170955E2,2.889130E0
1.066065E1,1.028703E2,4.334515E0
1.066482E1,8.800374E1,5.162024E0
1.066899E1,7.144695E1,6.060436E0
1.067316E1,5.274370E1,7.220632E0
1.067733E1,3.391298E1,7.762395E0
1.068150E1,1.484680E1,8.803410E0
1.068567E1,-3.683879E0,1.072771E1
1.068985E1,-2.016031E1,1.172267E1
1.069402E1,-3.485969E1,1.343166E1
1.069819E1,-5.058019E1,1.504637E1
1.070236E1,-6.336648E1,1.615578E1
1.070653E1,-7.506549E1,1.720264E1
1.071070E1,-8.687136E1,1.848658E1
1.071487E1,-9.652821E1,1.965670E1
1.071904E1,-1.057756E2,2.124864E1
1.072321E1,-1.133355E2,2.169970E1
1.072738E1,-1.198732E2,2.291146E1
1.073155E1,-1.252180E2,2.351631E1
1.073573E1,-1.289568E2,2.412233E1
1.073990E1,-1.319031E2,2.467988E1
1.074407E1,-1.336415E2,2.529789E1
1.074824E1,-1.341535E2,2.507898E1
1.075241E1,-1.333086E2,2.470579E1
1.075658E1,-1.309827E2,2.471048E1
1.076075E1,-1.273850E2,2.402631E1
1.076492E1,-1.228151E2,2.372822E1
1.076909E1,-1.169833E2,2.315335E1
1.077326E1,-1.101291E2,2.257577E1
1.077743E1,-1.014953E2,2.144670E1
1.078160E1,-9.196314E1,2.041085E1
1.078577E1,-8.127754E1,1.925794E1
1.078995E1,-6.943819E1,1.782533E1
1.079412E1,-5.633513E1,1.744074E1
1.079829E1,-4.254153E1,1.654170E1
1.080246E1,-2.726647E1,1.478776E1
1.080663E1,-1.059759E1,1.421659E1
1.081080E1,7.149990E0,1.282260E1
1.081497E1,2.541603E1,1.202091E1
1.081914E1,4.305701E1,1.128796E1
1.082331E1,5.892928E1,1.129491E1
1.082748E1,7.306950E1,1.064126E1
1.083165E1,8.691226E1,1.059711E1
1.083583E1,9.908746E1,1.026046E1
1.084000E1,1.101968E2,9.410956E0
1.084417E1,1.204378E2,8.834371E0
1.084834E1,1.293094E2,7.770353E0
1.085251E1,1.365223E2,6.923660E0
1.085668E1,1.415849E2,6.447309E0
1.086085E1,1.459563E2,5.198439E0
1.086502E1,1.484712E2,3.535556E0
1.086919E1,1.500618E2,2.722359E0
1.087336E1,1.499921E2,1.954065E0
1.087753E1,1.481361E2,1.511235E-1
1.088170E1,1.458980E2,-9.803551E-1
1.088588E1,1.411926E2,-2.163646E0
1.089005E1,1.355346E2,-3.177372E0
1.089422E1,1.287262E2,-3.625712E0
1.089839E1,1.200850E2,-4.033011E0
1.090256E1,1.101143E2,-4.712023E0
1.090673E1,9.851901E1,-5.165408E0
1.091090E1,8.622443E1,-4.385098E0
1.091507E1,7.110824E1,-3.906934E0
1.091924E1,5.624414E1,-3.123926E0
1.092341E1,3.984607E1,-1.888417E0
1.092758E1,2.371431E1,9.727227E-2
1.093175E1,6.089312E0,2.242558E0
1.093592E1,-9.506692E0,5.643449E0
1.094010E1,-2.387988E1,8.309103E0
1.094427E1,-3.746017E1,1.192285E1
1.094844E1,-4.975985E1,1.540585E1
1.095261E1,-6.040254E1,1.805305E1
1.095678E1,-7.003609E1,2.053422E1
1.096095E1,-7.826864E1,2.312842E1
1.096512E1,-8.592303E1,2.574257E1
1.096929E1,-9.293769E1,2.809966E1
1.097346E1,-9.803204E1,3.036457E1
1.097763E1,-1.021126E2,3.173355E1
1.098180E1,-1.052810E2,3.379069E1
1.098597E1,-1.069878E2,3.497046E1
1.099015E1,-1.077084E2,3.609356E1
1.099432E1,-1.072774E2,3.671397E1
1.099849E1,-1.051864E2,3.717704E1
1.100266E1,-1.020858E2,3.720279E1
1.100683E1,-9.807620E1,3.729640E1
1.101100E1,-9.269664E1,3.626402E1
1.101517E1,-8.630159E1,3.544723E1
1.101934E1,-7.862873E1,3.407227E1
1.102351E1,-6.984518E1,3.250640E1
1.102768E1,-6.050950E1,3.080244E1
1.103185E1,-4.905844E1,2.843378E1
1.103603E1,-3.707373E1,2.612592E1
1.104020E1,-2.413063E1,2.344125E1
1.104437E1,-9.664457E0,1.984640E1
1.104854E1,6.143844E0,1.675938E1
1.105271E1,2.214741E1,1.322268E1
1.105688E1,3.599661E1,9.929192E0
1.106105E1,5.006456E1,5.902806E0
1.106522E1,6.187670E1,3.115725E0
1.106939E1,7.202097E1,-8.697160E-1
1.107356E1,8.207872E1,-3.676348E0
1.107773E1,9.199548E1,-5.905171E0
1.108190E1,9.992660E1,-8.379706E0
1.108608E1,1.059400E2,-1.089545E1
1.109025E1,1.108090E2,-1.251845E1
1.109442E1,1.147291E2,-1.402703E1
1.109859E1,1.171622E2,-1.538902E1
1.110276E1,1.182397E2,-1.629107E1
1.110693E1,1.178739E2,-1.655134E1
1.111110E1,1.163319E2,-1.714988E1
1.111527E1,1.139549E2,-1.623637E1
1.111944E1,1.093784E2,-1.634625E1
1.112361E1,1.038290E2,-1.490163E1
1.112778E1,9.738729E1,-1.346461E1
1.113195E1,8.708891E1,-1.291410E1
1.113612E1,7.788613E1,-1.092139E1
1.114030E1,6.671990E1,-8.624479E0
1.114447E1,5.583294E1,-4.853503E0
1.114864E1,4.267369E1,-1.690057E0
1.115281E1,2.659807E1,1.341904E0
1.115698E1,1.172795E1,5.247064E0
1.116115E1,-3.212486E-1,1.045456E1
1.116532E1,-1.302516E1,1.511933E1
1.116949E1,-2.416158E1,1.941479E1
1.117366E1,-3.480254E1,2.285277E1
1.117783E1,-4.335322E1,2.698662E1
1.118200E1,-5.163028E1,2.991853E1
1.118617E1,-5.853166E1,3.266001E1
1.119035E1,-6.479969E1,3.555370E1
1.119452E1,-7.005870E1,3.819883E1
1.119869E1,-7.345138E1,4.029084E1
1.120286E1,-7.580840E1,4.165033E1
1.120703E1,-7.761802E1,4.294296E1
1.121120E1,-7.808425E1,4.417625E1
1.121537E1,-7.722309E1,4.493927E1
1.121954E1,-7.565220E1,4.468216E1
1.122371E1,-7.293602E1,4.442292E1
1.122788E1,-6.892251E1,4.341231E1
1.123205E1,-6.388191E1,4.220670E1
1.123623E1,-5.783602E1,4.034159E1
1.124040E1,-5.012587E1,3.838194E1
1.124457E1,-4.122144E1,3.585101E1
1.124874E1,-3.204514E1,3.309670E1
1.125291E1,-2.181097E1,2.980237E1
1.125708E1,-9.822658E0,2.552316E1
1.126125E1,2.746272E0,2.090303E1
1.126542E1,1.536127E1,1.520208E1
1.126959E1,2.706433E1,8.313879E0
1.127376E1,3.797755E1,2.390381E0
1.127793E1,4.824841E1,-3.119273E0
1.128210E1,5.622906E1,-7.978433E0
1.128627E1,6.389059E1,-1.274446E1
1.129045E1,7.056562E1,-1.681602E1
1.129462E1,7.603198E1,-2.110595E1
1.129879E1,8.036072E1,-2.510781E1
1.130296E1,8.420361E1,-2.744737E1
1.130713E1,8.620782E1,-2.937225E1
1.131130E1,8.636210E1,-3.101432E1
1.131547E1,8.565500E1,-3.163193E1
1.131964E1,8.378736E1,-3.292225E1
1.132381E1,8.069387E1,-3.285194E1
1.132798E1,7.640269E1,-3.309585E1
1.133215E1,7.172963E1,-3.074700E1
1.133633E1,6.479087E1,-2.880522E1
1.134050E1,5.712582E1,-2.684043E1
1.134467E1,4.886353E1,-2.282965E1
1.134884E1,3.915587E1,-1.941766E1
1.135301E1,2.743800E1,-1.520742E1
1.135718E1,1.709708E1,-8.205995E0
1.136135E1,6.756122E0,-9.626542E-1
1.136552E1,-2.882030E0,6.889390E0
1.136969E1,-1.086494E1,1.464262E1
1.137386E1,-1.825470E1,2.116379E1
1.137803E1,-2.487037E1,2.705394E1
1.138220E1,-3.008168E1,3.370053E1
1.138637E1,-3.415711E1,3.915465E1
1.139055E1,-3.758948E1,4.398264E1
1.139472E1,-4.029445E1,4.910991E1
1.139889E1,-4.192290E1,5.218536E1
1.140306E1,-4.262440E1,5.517502E1
1.140723E1,-4.256374E1,5.682158E1
1.141140E1,-4.171894E1,5.763496E1
1.141557E1,-4.001322E1,5.799452E1
1.141974E1,-3.791971E1,5.682985E1
1.142391E1,-3.483873E1,5.483053E1
1.142808E1,-3.092395E1,5.211097E1
1.143225E1,-2.658202E1,4.786304E1
1.143642E1,-2.135428E1,4.294450E1
1.144060E1,-1.589284E1,3.623447E1
1.144477E1,-9.145533E0,2.990726E1
1.144894E1,-2.102614E0,2.123222E1
1.145311E1,5.591705E0,1.296348E1
1.145728E1,1.384226E1,3.298752E0
1.146145E1,2.125633E1,-4.401556E0
1.146562E1,2.775975E1,-1.171212E1
1.146979E1,3.360959E1,-1.757863E1
1.147396E1,3.812120E1,-2.400201E1
1.147813E1,4.236462E1,-2.833952E1
1.148230E1,4.609906E1,-3.212049E1
1.148648E1,4.834367E1,-3.606059E1
1.149065E1,5.018779E1,-3.785762E1
1.149482E1,5.206613E1,-3.847462E1
1.149899E1,5.187315E1,-3.858302E1
1.150316E1,5.190154E1,-3.764494E1
1.150733E1,5.025649E1,-3.604686E1
1.151150E1,4.841464E1,-3.310040E1
1.151567E1,4.558351E1,-2.881424E1
1.151984E1,4.205003E1,-2.436027E1
1.152401E1,3.763430E1,-1.852417E1
1.152818E1,3.200369E1,-1.199176E1
1.153235E1,2.606086E1,-4.132038E0
1.153652E1,1.823990E1,3.033724E0
1.154070E1,1.223184E1,1.169408E1
1.154487E1,4.459988E0,1.887584E1
1.154904E1,-2.038280E0,2.550081E1
1.155321E1,-6.535385E0,3.077346E1
1.155738E1,-1.121925E1,3.522317E1
1.156155E1,-1.487731E1,3.897335E1
1.156572E1,-1.804521E1,4.204370E1
1.156989E1,-2.094503E1,4.330967E1
1.157406E1,-2.346990E1,4.415627E1
1.157823E1,-2.435313E1,4.438326E1
1.158240E1,-2.497063E1,4.327949E1
1.158657E1,-2.468407E1,4.114403E1
1.159075E1,-2.310383E1,3.878974E1
1.159492E1,-2.220195E1,3.510094E1
1.159909E1,-1.934354E1,3.131440E1
1.160326E1,-1.630075E1,2.595614E1
1.160743E1,-1.182301E1,1.980678E1
1.161160E1,-6.184392E0,1.382403E1
1.161577E1,7.351045E-2,8.175689E0
1.161994E1,8.013395E0,2.536157E0
1.162411E1,1.531930E1,-2.445771E0
1.162828E1,2.136185E1,-6.170098E0
1.163245E1,2.687624E1,-8.579866E0
1.163663E1,3.154091E1,-1.108647E1
1.164080E1,3.534500E1,-1.235079E1
1.164497E1,3.797159E1,-1.307429E1
1.164914E1,4.059016E1,-1.313584E1
1.165331E1,4.149162E1,-1.340092E1
1.165748E1,4.180322E1,-1.177540E1
1.166165E1,4.057604E1,-1.053705E1
1.166582E1,3.868871E1,-8.778586E0
1.166999E1,3.580667E1,-6.064686E0
1.167416E1,3.118540E1,-3.024218E0
1.167833E1,2.531286E1,1.733058E-1
1.168250E1,1.879454E1,4.121629E0
1.168667E1,1.212670E1,8.073211E0
1.169085E1,6.120868E0,1.221622E1
1.169502E1,1.029673E0,1.496830E1
1.169919E1,-2.725655E0,1.769948E1
1.170336E1,-6.110723E0,2.020506E1
1.170753E1,-8.613679E0,2.171366E1
1.171170E1,-1.003192E1,2.255655E1
1.171587E1,-1.036565E1,2.331643E1
1.172004E1,-9.659561E0,2.315031E1
1.172421E1,-9.847261E0,2.300704E1
1.172838E1,-8.081525E0,2.184581E1
1.173255E1,-5.028838E0,2.050870E1
1.173672E1,-1.240233E0,1.877046E1
1.174090E1,3.249294E0,1.625026E1
1.174507E1,8.400466E0,1.375562E1
1.174924E1,1.312311E1,1.040460E1
1.175341E1,1.764588E1,7.928578E0
1.175758E1,2.083730E1,5.781797E0
1.176175E1,2.339294E1,4.567839E0
1.176592E1,2.393334E1,2.979902E0
1.177009E1,2.357902E1,2.324002E0
1.177426E1,2.257472E1,2.178639E0
1.177843E1,2.075062E1,2.175999E0
1.178260E1,1.845543E1,2.651585E0
1.178678E1,1.501890E1,4.240722E0
1.179095E1,1.161776E1,5.895100E0
1.179512E1,8.322013E0,7.837432E0
1.179929E1,5.023033E0,1.022176E1
1.180346E1,3.802214E0,1.219053E1
1.180763E1,2.693939E0,1.393103E1
1.181180E1,3.534805E0,1.517545E1
1.181597E1,4.675700E0,1.553915E1
1.182014E1,6.560314E0,1.586019E1
1.182431E1,8.447809E0,1.520436E1
1.182848E1,1.159862E1,1.340330E1
1.183265E1,1.452132E1,1.126731E1
1.183683E1,1.637676E1,9.122372E0
1.184100E1,1.766566E1,6.571611E0
1.184517E1,1.816266E1,4.971296E0
1.184934E1,1.749529E1,4.037429E0
1.185351E1,1.582455E1,3.336188E0
1.185768E1,1.427320E1,3.617127E0
1.186185E1,1.188368E1,4.964145E0
1.186602E1,9.876410E0,7.123959E0
1.187019E1,7.827969E0,9.669010E0
1.187436E1,6.359524E0,1.197723E1
1.187853E1,6.722669E0,1.437553E1
1.188270E1,6.904660E0,1.587543E1
1.188687E1,8.100381E0,1.637687E1
1.189105E1,9.752891E0,1.635000E1
1.189522E1,1.143841E1,1.573824E1
1.189939E1,1.263805E1,1.316532E1
1.190356E1,1.359701E1,1.059286E1
1.190773E1,1.441632E1,7.763484E0
1.191190E1,1.302047E1,5.737518E0
1.191607E1,1.226444E1,3.850821E0
1.192024E1,1.103220E1,3.673297E0
1.192441E1,9.815664E0,3.724670E0
1.192858E1,9.089156E0,4.560956E0
1.193275E1,8.250361E0,7.565588E0
1.193692E1,7.861394E0,9.808520E0
1.194110E1,8.366735E0,1.220915E1
1.194527E1,9.769601E0,1.409259E1
1.194944E1,1.111748E1,1.549958E1
1.195361E1,1.214342E1,1.581208E1
1.195778E1,1.284831E1,1.486264E1
1.196195E1,1.368176E1,1.376961E1
1.196612E1,1.303679E1,1.105528E1
1.197029E1,1.160100E1,8.859253E0
1.197446E1,1.038215E1,7.129379E0
1.197863E1,8.384157E0,6.005383E0
1.198280E1,6.830530E0,5.946298E0
1.198698E1,6.354612E0,6.089432E0
1.199115E1,6.384612E0,6.972264E0
1.199532E1,7.053544E0,8.276681E0
1.199949E1,8.795131E0,9.355214E0
1.200366E1,1.108271E1,1.041512E1
1.200783E1,1.307130E1,1.174707E1
1.201200E1,1.388494E1,1.316155E1
1.201617E1,1.500707E1,1.280685E1
1.202034E1,1.486755E1,1.229740E1
1.202451E1,1.377490E1,1.126796E1
1.202868E1,1.179210E1,1.032787E1
1.203285E1,9.698128E0,9.284743E0
1.203702E1,7.593078E0,8.465014E0
1.204120E1,6.800490E0,7.604311E0
1.204537E1,6.187682E0,7.455345E0
1.204954E1,6.708567E0,7.011115E0
1.205371E1,8.291147E0,7.294250E0
1.205788E1,9.679336E0,7.917129E0
1.206205E1,1.186264E1,8.769026E0
1.206622E1,1.306669E1,1.031095E1
1.207039E1,1.386825E1,1.164889E1
1.207456E1,1.381758E1,1.246246E1
1.207873E1,1.293218E1,1.241535E1
1.208290E1,1.129650E1,1.192189E1
1.208708E1,9.850514E0,1.019716E1
1.209125E1,8.977644E0,8.358577E0
1.209542E1,8.204861E0,7.072144E0
1.209959E1,8.430917E0,6.054300E0
1.210376E1,9.230166E0,5.441912E0
1.210793E1,9.200896E0,6.320023E0
1.211210E1,1.043216E1,6.971610E0
1.211627E1,1.041765E1,9.141394E0
1.212044E1,1.078303E1,1.073188E1
1.212461E1,1.071743E1,1.258904E1
1.212878E1,9.975453E0,1.352096E1
1.213295E1,9.613839E0,1.316729E1
1.213712E1,9.742499E0,1.184794E1
1.214130E1,9.675563E0,1.061103E1
1.214547E1,1.038948E1,8.840660E0
1.214964E1,1.100448E1,7.371509E0
1.215381E1,1.107062E1,6.629936E0
1.215798E1,1.127966E1,6.715808E0
1.216215E1,1.091267E1,7.239236E0
1.216632E1,1.061959E1,8.675640E0
1.217049E1,9.783158E0,1.023022E1
1.217466E1,9.961374E0,1.221255E1
1.217883E1,1.005888E1,1.298188E1
1.218300E1,1.053708E1,1.324873E1
1.218717E1,1.078439E1,1.221921E1
1.219135E1,1.078829E1,1.105520E1
1.219552E1,1.090647E1,8.936389E0
1.219969E1,1.053032E1,8.163683E0
1.220386E1,9.704436E0,6.887844E0
1.220803E1,9.320266E0,7.303869E0
1.221220E1,9.740081E0,7.708671E0
1.221637E1,9.783722E0,9.043308E0
1.222054E1,1.048463E1,1.027292E1
1.222471E1,1.159278E1,1.134426E1
1.222888E1,1.182942E1,1.168255E1
1.223305E1,1.199166E1,1.142898E1
1.223723E1,1.161476E1,1.047033E1
1.224140E1,1.080787E1,9.302931E0
1.224557E1,1.007690E1,8.225026E0
1.224974E1,9.638993E0,7.777914E0
1.225391E1,9.710483E0,7.470108E0
1.225808E1,1.034641E1,7.611035E0
1.226225E1,1.067048E1,8.257585E0
1.226642E1,1.064995E1,9.523515E0
1.227059E1,1.164515E1,1.049483E1
1.227476E1,1.159382E1,1.134285E1
1.227893E1,1.169797E1,1.190224E1
1.228310E1,1.023011E1,1.085218E1
1.228727E1,1.093591E1,9.952696E0
1.229145E1,1.126211E1,8.526983E0
1.229562E1,1.179429E1,8.498346E0
1.229979E1,1.129456E1,8.037321E0
1.230396E1,1.071580E1,8.680702E0
1.230813E1,1.057201E1,9.755685E0
1.231230E1,1.085014E1,1.043379E1
1.231647E1,1.124809E1,1.137545E1
1.232064E1,1.123426E1,1.168035E1
1.232481E1,1.154213E1,1.099276E1
1.232898E1,1.125140E1,1.015194E1
1.233315E1,1.082299E1,9.231576E0
1.233732E1,9.962903E0,8.171484E0
1.234150E1,1.054470E1,8.373399E0
1.234567E1,1.046272E1,8.279681E0
1.234984E1,1.078647E1,8.849512E0
1.235401E1,1.115940E1,9.798696E0
1.235818E1,1.142125E1,1.037851E1
1.236235E1,1.116502E1,1.049432E1
1.236652E1,1.102706E1,1.048016E1
1.237069E1,1.102152E1,1.000599E1
1.237486E1,1.074015E1,9.265296E0
1.237903E1,1.108860E1,8.750225E0
1.238320E1,1.073084E1,8.715733E0
1.238738E1,1.109833E1,8.923578E0
1.239155E1,1.067293E1,9.370022E0
1.239572E1,1.073547E1,1.007401E1
1.239989E1,1.113582E1,1.042452E1
1.240406E1,1.140795E1,1.029332E1
1.240823E1,1.121982E1,9.750243E0
1.241240E1,1.090907E1,9.362800E0
1.241657E1,1.064540E1,9.096533E0
1.242074E1,1.087148E1,8.760681E0
1.242491E1,1.061072E1,9.058291E0
1.242908E1,1.096003E1,9.153207E0
1.243325E1,1.073693E1,9.447597E0
1.243742E1,1.132224E1,9.669626E0
1.244160E1,1.113898E1,1.005598E1
1.244577E1,1.093806E1,9.974356E0
1.244994E1,1.105120E1,9.790555E0
1.245411E1,1.098547E1,8.962146E0
1.245828E1,1.100982E1,8.901574E0
1.246245E1,1.086013E1,8.828663E0
1.246662E1,1.106336E1,8.993888E0
1.247079E1,1.102053E1,9.622453E0
1.247496E1,1.127861E1,9.975930E0
1.247913E1,1.134323E1,1.008155E1
1.248330E1,1.184451E1,1.012951E1
1.248747E1,1.094509E1,9.363575E0
1.249165E1,1.076369E1,9.363468E0
1.249582E1,1.100223E1,9.043496E0
1.249999E1,1.071981E1,8.781718E0
1.250416E1,1.124183E1,9.290450E0
1.250833E1,1.114655E1,9.210504E0
1.251250E1,1.101631E1,9.799440E0
1.251667E1,1.091441E1,9.991424E0
1.252084E1,1.080738E1,9.604436E0
1.252501E1,1.103143E1,9.545883E0
1.252918E1,1.088880E1,9.364306E0
1.253335E1,1.084493E1,9.531436E0
1.253753E1,1.060878E1,9.499314E0
1.254170E1,1.096375E1,9.800305E0
1.254587E1,1.153517E1,1.003104E1
1.255004E1,1.096595E1,1.000317E1
1.255421E1,1.097737E1,9.906627E0
1.255838E1,1.093879E1,9.713364E0
1.256255E1,1.073299E1,9.603727E0
1.256672E1,1.095353E1,9.653409E0
1.257089E1,1.096226E1,9.810084E0
1.257506E1,1.096198E1,9.825918E0
1.257923E1,1.074242E1,1.006704E1
1.258340E1,1.095715E1,1.025927E1
1.258758E1,1.126667E1,1.002840E1
1.259175E1,1.136139E1,1.004761E1
1.259592E1,1.098048E1,9.888976E0
1.260009E1,1.130642E1,9.889419E0
1.260426E1,1.067445E1,9.960570E0
1.260843E1,1.096316E1,9.830257E0
1.261260E1,1.171619E1,1.014214E1
1.261677E1,1.129108E1,1.015749E1
1.262094E1,1.137192E1,1.015906E1
1.262511E1,1.177659E1,9.815929E0
1.262928E1,1.148089E1,9.856010E0
1.263345E1,1.113493E1,9.676570E0
1.263762E1,1.085281E1,9.921563E0
1.264180E1,1.110433E1,9.938655E0
1.264597E1,1.124364E1,9.941767E0
1.265014E1,1.070444E1,1.029690E1
1.265431E1,1.156039E1,9.912969E0
1.265848E1,1.157292E1,9.727127E0
1.266265E1,1.188167E1,9.511129E0
1.266682E1,1.181984E1,9.424190E0
1.267099E1,1.207477E1,9.658209E0
1.267516E1,1.197295E1,9.751046E0
1.267933E1,1.159771E1,9.838353E0
1.268350E1,1.169314E1,9.921090E0
1.268767E1,1.207361E1,9.954653E0
1.269185E1,1.225430E1,9.793334E0
1.269602E1,1.187327E1,9.832184E0
1.270019E1,1.189872E1,9.871641E0
1.270436E1,1.218090E1,9.490262E0
1.270853E1,1.188727E1,9.851875E0
1.271270E1,1.190084E1,9.935118E0
1.271687E1,1.228648E1,9.579007E0
1.272104E1,1.193140E1,9.939548E0
1.272521E1,1.214113E1,9.506822E0
1.272938E1,1.209411E1,9.672360E0
1.273355E1,1.228158E1,9.633098E0
1.273773E1,1.190842E1,9.452355E0
1.274190E1,1.205742E1,9.418160E0
1.274607E1,1.178642E1,9.384916E0
1.275024E1,1.212579E1,9.172699E0
1.275441E1,1.191784E1,9.311099E0
1.275858E1,1.213318E1,9.010896E0
1.276275E1,1.212538E1,9.096873E0
1.276692E1,1.190200E1,9.134931E0
1.277109E1,1.234641E1,9.005657E0
1.277526E1,1.205530E1,9.056629E0
1.277943E1,1.203199E1,8.833254E0
1.278360E1,1.229562E1,8.864699E0
1.278777E1,1.226598E1,8.747556E0
1.279195E1,1.209529E1,8.659210E0
1.279612E1,1.224943E1,8.747564E0
1.280029E1,1.224516E1,8.855808E0
1.280446E1,1.196582E1,8.778019E0
1.280863E1,1.204098E1,8.785012E0
1.281280E1,1.225484E1,8.871654E0
1.281697E1,1.248950E1,8.971137E0
1.282114E1,1.249700E1,8.939917E0
1.282531E1,1.229201E1,8.846205E0
1.282948E1,1.222659E1,8.913045E0
1.283365E1,1.228350E1,8.784810E0
1.283783E1,1.234986E1,8.895605E0
1.284200E1,1.206826E1,8.838487E0
1.284617E1,1.179130E1,8.370935E0
1.285034E1,1.212978E1,8.401787E0
1.285451E1,1.215427E1,8.142778E0
1.285868E1,1.233559E1,8.125107E0
1.286285E1,1.220363E1,8.014703E0
1.286702E1,1.240333E1,8.156117E0
1.287119E1,1.222866E1,7.942954E0
1.287536E1,1.225543E1,7.850588E0
1.287953E1,1.231398E1,7.682810E0
1.288370E1,1.237482E1,7.735018E0
1.288787E1,1.229947E1,8.042825E0
1.289205E1,1.241979E1,7.841493E0
1.289622E1,1.237748E1,7.997228E0
1.290039E1,1.265410E1,8.257135E0
1.290456E1,1.264619E1,8.156822E0
1.290873E1,1.273445E1,8.058078E0
1.291290E1,1.287335E1,8.097795E0
1.291707E1,1.292793E1,7.993291E0
1.292124E1,1.302507E1,7.802805E0
1.292541E1,1.327988E1,7.742451E0
1.292958E1,1.329524E1,7.669647E0
1.293375E1,1.314454E1,7.865328E0
1.293793E1,1.352037E1,7.507667E0
1.294210E1,1.335467E1,7.632900E0
1.294627E1,1.334050E1,7.780909E0
1.295044E1,1.351218E1,7.615666E0
1.295461E1,1.341203E1,7.772075E0
1.295878E1,1.350945E1,7.609055E0
1.296295E1,1.315115E1,7.839315E0
1.296712E1,1.323908E1,7.781617E0
1.297129E1,1.326269E1,7.722779E0
1.297546E1,1.332768E1,7.886587E0
1.297963E1,1.340391E1,7.616106E0
1.298380E1,1.324214E1,7.870046E0
1.298798E1,1.347048E1,7.571708E0
1.299215E1,1.355581E1,8.357896E0
1.299632E1,1.365458E1,8.095161E0
1.300049E1,1.391826E1,7.846755E0
1.300466E1,1.375969E1,8.138459E0
1.300883E1,1.396640E1,7.715593E0
1.301300E1,1.420894E1,7.594866E0
1.301717E1,1.400585E1,7.827477E0
1.302134E1,1.425103E1,7.502236E0
1.302551E1,1.422232E1,7.578256E0
1.302968E1,1.416282E1,7.758687E0
1.303385E1,1.377645E1,7.475748E0
1.303802E1,1.386448E1,7.229892E0
1.304220E1,1.422421E1,6.648587E0
1.304637E1,1.425022E1,6.559229E0
1.305054E1,1.376395E1,6.382594E0
1.305471E1,1.402922E1,5.853911E0
1.305888E1,1.375140E1,6.277800E0
1.306305E1,1.402868E1,5.986007E0
1.306722E1,1.394098E1,6.130468E0
1.307139E1,1.399943E1,6.074166E0
1.307556E1,1.402962E1,6.265598E0
1.307973E1,1.481683E1,7.010532E0
1.308390E1,1.515306E1,7.551970E0
1.308807E1,1.511863E1,7.644159E0
1.309225E1,1.499176E1,7.839156E0
1.309642E1,1.523238E1,7.620610E0
1.310059E1,1.498041E1,7.956143E0
1.310476E1,1.504693E1,7.858851E0
1.310893E1,1.510587E1,7.930399E0
1.311310E1,1.505320E1,7.947063E0
1.311727E1,1.503059E1,8.051194E0
1.312144E1,1.525477E1,7.791084E0
1.312561E1,1.497760E1,8.228677E0
1.312978E1,1.509668E1,7.937043E0
1.313395E1,1.518685E1,7.841769E0
1.313813E1,1.528127E1,7.740170E0
1.314230E1,1.512941E1,7.725551E0
1.314647E1,1.518193E1,7.737847E0
1.315064E1,1.518665E1,7.734220E0
1.315481E1,1.531375E1,7.694415E0
1.315898E1,1.512726E1,7.879889E0
1.316315E1,1.536556E1,7.638560E0
1.316732E1,1.521421E1,7.692933E0
1.317149E1,1.514098E1,7.870287E0
1.317566E1,1.510901E1,7.877201E0
1.317983E1,1.529691E1,7.659800E0
1.318400E1,1.514731E1,7.795345E0
1.318818E1,1.531208E1,7.531573E0
1.319235E1,1.537842E1,7.499416E0
1.319652E1,1.538185E1,7.600340E0
1.320069E1,1.485087E1,7.456013E0
1.320486E1,1.490154E1,7.342913E0
1.320903E1,1.519238E1,6.905428E0
1.321320E1,1.510550E1,6.857480E0
1.321737E1,1.534698E1,6.558642E0
1.322154E1,1.523914E1,6.636040E0
1.322571E1,1.529113E1,6.531192E0
1.322988E1,1.524077E1,6.612555E0
1.323405E1,1.484046E1,6.275433E0
1.323822E1,1.509974E1,5.974693E0
1.324240E1,1.503000E1,6.004307E0
1.324657E1,1.496250E1,5.954853E0
1.325074E1,1.511849E1,5.746869E0
1.325491E1,1.527626E1,5.594215E0
1.325908E1,1.521162E1,5.606003E0
1.326325E1,1.485047E1,5.280360E0
1.326742E1,1.508414E1,4.916345E0
1.327159E1,1.513577E1,4.831217E0
1.327576E1,1.526776E1,4.729754E0
