,mass A,,
t,x,y,
6.431425E0,3.772382E2,6.050046E1
6.435596E0,3.677744E2,6.453797E1
6.439767E0,3.569833E2,6.842751E1
6.443937E0,3.440263E2,7.227958E1
6.448108E0,3.294821E2,7.487912E1
6.452279E0,3.126375E2,7.794133E1
6.456450E0,2.945838E2,7.857529E1
6.460621E0,2.751270E2,7.984093E1
6.464792E0,2.495011E2,8.679995E1
6.468963E0,2.222563E2,8.779448E1
6.473133E0,1.921779E2,7.829472E1
6.477304E0,1.612518E2,7.633826E1
6.481475E0,1.283624E2,7.634298E1
6.485646E0,9.411851E1,7.120892E1
6.489817E0,5.872104E1,6.583874E1
6.493988E0,2.314009E1,5.837697E1
6.498158E0,-1.534701E1,4.858048E1
6.502329E0,-5.077247E1,3.957478E1
6.506500E0,-7.863990E1,3.115045E1
6.510671E0,-1.108673E2,2.597309E1
6.514842E0,-1.383112E2,1.606806E1
6.519012E0,-1.649098E2,7.830162E0
6.523183E0,-1.904530E2,-2.133746E0
6.527354E0,-2.123075E2,-1.251767E1
6.531525E0,-2.332366E2,-2.096228E1
6.535696E0,-2.510580E2,-2.800649E1
6.539867E0,-2.659620E2,-3.915209E1
6.544037E0,-2.794928E2,-4.702854E1
6.548208E0,-2.906159E2,-5.410582E1
6.552379E0,-3.006369E2,-6.065216E1
6.556550E0,-3.079634E2,-6.894697E1
6.560721E0,-3.145584E2,-7.844638E1
6.564892E0,-3.193097E2,-8.613627E1
6.569063E0,-3.232661E2,-9.238422E1
6.573233E0,-3.252178E2,-1.018784E2
6.577404E0,-3.282435E2,-1.062832E2
6.581575E0,-3.282461E2,-1.152138E2
6.585746E0,-3.282614E2,-1.219541E2
6.589917E0,-3.283319E2,-1.273576E2
6.594088E0,-3.274029E2,-1.333653E2
6.598258E0,-3.262786E2,-1.382532E2
6.602429E0,-3.244951E2,-1.436539E2
6.606600E0,-3.223356E2,-1.483908E2
6.610771E0,-3.191225E2,-1.537219E2
6.614942E0,-3.164303E2,-1.584664E2
6.619112E0,-3.130288E2,-1.618730E2
6.623283E0,-3.081219E2,-1.677862E2
6.627454E0,-3.040969E2,-1.709725E2
6.631625E0,-2.985243E2,-1.756391E2
6.635796E0,-2.921603E2,-1.790455E2
6.639967E0,-2.881687E2,-1.780533E2
6.644138E0,-2.773498E2,-1.852554E2
6.648308E0,-2.679938E2,-1.877940E2
6.652479E0,-2.583906E2,-1.893046E2
6.656650E0,-2.473599E2,-1.893457E2
6.660821E0,-2.351559E2,-1.889649E2
6.664992E0,-2.252586E2,-1.841915E2
6.669163E0,-2.071654E2,-1.858955E2
6.673333E0,-1.879720E2,-1.851494E2
6.677504E0,-1.702218E2,-1.810658E2
6.681675E0,-1.497640E2,-1.755114E2
6.685846E0,-1.291422E2,-1.682143E2
6.690017E0,-1.046700E2,-1.594977E2
6.694187E0,-7.727680E1,-1.509168E2
6.698358E0,-5.106934E1,-1.399254E2
6.702529E0,-2.336854E1,-1.257780E2
6.706700E0,3.445283E0,-1.107232E2
6.710871E0,3.046581E1,-9.394083E1
6.715042E0,5.935910E1,-7.371036E1
6.719213E0,8.751072E1,-5.289868E1
6.723383E0,1.164765E2,-2.872047E1
6.727554E0,1.442915E2,-4.718200E0
6.731725E0,1.715505E2,1.858684E1
6.735896E0,1.746641E2,1.961632E1
6.740067E0,1.950025E2,3.963429E1
6.744238E0,2.145847E2,5.938743E1
6.748408E0,2.304932E2,7.807567E1
6.752579E0,2.454514E2,9.633958E1
6.756750E0,2.583512E2,1.126393E2
6.760921E0,2.690655E2,1.283494E2
6.765092E0,2.786310E2,1.429423E2
6.769262E0,2.852885E2,1.563852E2
6.773433E0,2.918512E2,1.694189E2
6.777604E0,2.958748E2,1.810831E2
6.781775E0,2.986462E2,1.918296E2
6.785946E0,3.005161E2,2.013781E2
6.790117E0,3.017793E2,2.100950E2
6.794288E0,3.020302E2,2.181782E2
6.798458E0,3.015628E2,2.252315E2
6.802629E0,3.005110E2,2.314895E2
6.806800E0,2.989896E2,2.375732E2
6.810971E0,2.969739E2,2.429083E2
6.815142E0,2.940314E2,2.473337E2
6.819312E0,2.904628E2,2.512569E2
6.823483E0,2.870321E2,2.547713E2
6.827654E0,2.826196E2,2.576591E2
6.831825E0,2.779773E2,2.601978E2
6.835996E0,2.724526E2,2.618324E2
6.840167E0,2.667263E2,2.629747E2
6.844338E0,2.598271E2,2.632185E2
6.848508E0,2.528486E2,2.629879E2
6.852679E0,2.447647E2,2.618602E2
6.856850E0,2.361260E2,2.598630E2
6.861021E0,2.267653E2,2.570051E2
6.865192E0,2.163561E2,2.526782E2
6.869363E0,1.850253E2,2.245970E2
6.873533E0,1.710545E2,2.177230E2
6.877704E0,1.596055E2,2.118267E2
6.881875E0,1.724228E2,2.224574E2
6.886046E0,1.571145E2,2.113650E2
6.890217E0,1.395116E2,1.962507E2
6.894387E0,1.224351E2,1.810077E2
6.898558E0,6.888689E1,1.763053E2
6.902729E0,5.468979E1,1.443608E2
6.906900E0,2.920401E1,1.344074E2
6.911071E0,1.143478E1,9.560076E1
6.915242E0,-2.043066E0,1.008951E2
6.919412E0,-2.117981E1,7.432455E1
6.923583E0,-3.573555E1,4.142086E1
6.927754E0,-5.256497E1,1.156467E1
6.931925E0,-7.210574E1,-2.249836E1
6.936096E0,-8.992672E1,-5.018018E1
6.940267E0,-1.041664E2,-7.810437E1
6.944438E0,-1.162494E2,-1.050786E2
6.948608E0,-1.300277E2,-1.290746E2
6.952779E0,-1.394744E2,-1.520018E2
6.956950E0,-1.482134E2,-1.734473E2
6.961121E0,-1.557741E2,-1.925753E2
6.965292E0,-1.607748E2,-2.092883E2
6.969463E0,-1.644279E2,-2.248536E2
6.973633E0,-1.690130E2,-2.372394E2
6.977804E0,-1.702968E2,-2.502793E2
6.981975E0,-1.715282E2,-2.611604E2
6.986146E0,-1.733403E2,-2.692550E2
6.990317E0,-1.728578E2,-2.779555E2
6.994487E0,-1.699501E2,-2.860976E2
6.998658E0,-1.680126E2,-2.929826E2
7.002829E0,-1.660059E2,-2.989257E2
7.007000E0,-1.641829E2,-3.039600E2
7.011171E0,-1.602307E2,-3.090009E2
7.015342E0,-1.573723E2,-3.132131E2
7.019512E0,-1.526732E2,-3.172097E2
7.023683E0,-1.486536E2,-3.202098E2
7.027854E0,-1.456235E2,-3.223456E2
7.032025E0,-1.411850E2,-3.242601E2
7.036196E0,-1.364375E2,-3.261800E2
7.040367E0,-1.322274E2,-3.271801E2
7.044538E0,-1.262432E2,-3.280165E2
7.048708E0,-1.214457E2,-3.280836E2
7.052879E0,-1.165505E2,-3.272661E2
7.057050E0,-1.140277E2,-3.253064E2
7.061221E0,-1.083110E2,-3.233364E2
7.065392E0,-9.991927E1,-3.209138E2
7.069562E0,-9.451029E1,-3.171154E2
7.073733E0,-8.895267E1,-3.120574E2
7.077904E0,-8.020966E1,-3.060794E2
7.082075E0,-7.793977E1,-2.980865E2
7.086246E0,-7.029362E1,-2.900137E2
7.090417E0,-6.264392E1,-2.800997E2
7.094588E0,-5.430183E1,-2.679048E2
7.098758E0,-4.641572E1,-2.540097E2
7.102929E0,-3.828992E1,-2.377037E2
7.107100E0,-2.846369E1,-2.197827E2
7.111271E0,-1.864741E1,-1.993310E2
7.115442E0,-2.938803E0,-1.772456E2
7.119613E0,8.622875E0,-1.524397E2
7.123783E0,2.075573E1,-1.260517E2
7.127954E0,3.000719E1,-9.598592E1
7.132125E0,3.994041E1,-6.637149E1
7.136296E0,4.991510E1,-3.429708E1
7.140467E0,5.915489E1,-1.991786E0
7.144637E0,6.532436E1,3.146583E1
7.148808E0,7.403610E1,6.552218E1
7.152979E0,8.084722E1,9.752672E1
7.157150E0,8.713147E1,1.310986E2
7.161321E0,9.959930E1,1.589912E2
7.165492E0,1.059879E2,1.858921E2
7.169663E0,1.130413E2,2.061220E2
7.173833E0,1.163410E2,2.273753E2
7.178004E0,1.197229E2,2.447798E2
7.182175E0,1.203116E2,2.489107E2
7.186346E0,1.185810E2,2.640332E2
7.190517E0,1.182788E2,2.779461E2
7.194687E0,1.153006E2,2.897490E2
7.198858E0,1.131754E2,3.008541E2
7.203029E0,1.118275E2,3.104268E2
7.207200E0,1.087149E2,3.194059E2
7.211371E0,1.065894E2,3.266109E2
7.215542E0,1.029362E2,3.327195E2
7.219713E0,1.000215E2,3.380195E2
7.223883E0,9.632581E1,3.427447E2
7.228054E0,9.336397E1,3.462730E2
7.232225E0,8.972929E1,3.487163E2
7.236396E0,8.247661E1,3.377545E2
7.240567E0,7.841218E1,3.352584E2
7.244738E0,7.638798E1,3.466215E2
7.248908E0,7.244060E1,3.457145E2
7.253079E0,6.804430E1,3.448205E2
7.257250E0,6.392818E1,3.422300E2
7.261421E0,5.886591E1,3.389287E2
7.265592E0,5.337699E1,3.347380E2
7.269762E0,4.815256E1,3.275071E2
7.273933E0,4.240186E1,3.225257E2
7.278104E0,3.851409E1,3.144469E2
7.282275E0,3.249375E1,3.040132E2
7.286446E0,2.664186E1,2.944070E2
7.290617E0,1.994827E1,2.825603E2
7.294787E0,1.204704E1,2.686768E2
7.298958E0,6.326895E0,2.559403E2
7.303129E0,-1.544759E1,2.298852E2
7.307300E0,-1.737051E1,2.148322E2
7.311471E0,-3.325986E1,1.959553E2
7.315642E0,-3.811280E1,1.724551E2
7.319813E0,-4.255371E1,1.463204E2
7.323983E0,-4.658166E1,1.179400E2
7.328154E0,-5.019770E1,8.803288E1
7.332325E0,-5.191938E1,5.621788E1
7.336496E0,-5.217622E1,2.408315E1
7.340667E0,-4.134357E1,-1.147535E1
7.344838E0,-3.919268E1,-4.380685E1
7.349008E0,-3.389489E1,-7.300979E1
7.353179E0,-2.883284E1,-1.019978E2
7.357350E0,-2.344878E1,-1.286956E2
7.361521E0,-3.480686E1,-1.362687E2
7.365692E0,-3.020683E1,-1.632932E2
7.369862E0,-2.444406E1,-1.883119E2
7.374033E0,-1.844242E1,-2.105710E2
7.378204E0,-1.575942E1,-2.318731E2
7.382375E0,-1.274768E1,-2.517551E2
7.386546E0,-6.941992E0,-2.679621E2
7.390717E0,-1.000438E-1,-2.811167E2
7.394887E0,7.354034E0,-2.932282E2
7.399058E0,9.402115E0,-3.048666E2
7.403229E0,1.750259E1,-3.133279E2
7.407400E0,2.245129E1,-3.212822E2
7.411571E0,2.730888E1,-3.279628E2
7.415742E0,3.322511E1,-3.328756E2
7.419913E0,3.878219E1,-3.374143E2
7.424083E0,4.361553E1,-3.410409E2
7.428254E0,4.668069E1,-3.440059E2
7.432425E0,5.138175E1,-3.459090E2
7.436596E0,5.570151E1,-3.471712E2
7.440767E0,6.053086E1,-3.472063E2
7.444937E0,6.445655E1,-3.470616E2
7.449108E0,6.845305E1,-3.460199E2
7.453279E0,7.154989E1,-3.449696E2
7.457450E0,7.491421E1,-3.431207E2
7.461621E0,7.873669E1,-3.401111E2
7.465792E0,8.063847E1,-3.370412E2
7.469963E0,8.346385E1,-3.329466E2
7.474133E0,8.666465E1,-3.271302E2
7.478304E0,8.766630E1,-3.220139E2
7.482475E0,8.959551E1,-3.150267E2
7.486646E0,9.080459E1,-3.070946E2
7.490817E0,9.573747E1,-2.960659E2
7.494988E0,9.677075E1,-2.852641E2
7.499158E0,9.683447E1,-2.732533E2
7.503329E0,9.539969E1,-2.590319E2
7.507500E0,9.624855E1,-2.430572E2
7.511671E0,9.337952E1,-2.268970E2
7.515842E0,9.122570E1,-2.067791E2
7.520012E0,9.282255E1,-1.852970E2
7.524183E0,8.887686E1,-1.619621E2
7.528354E0,8.400977E1,-1.373215E2
7.532525E0,7.945793E1,-1.096250E2
7.536696E0,7.315102E1,-8.237299E1
7.540867E0,5.060558E1,-5.631788E1
7.545038E0,4.126455E1,-2.463274E1
7.549208E0,3.165193E1,8.010094E0
7.553379E0,2.055017E1,4.181540E1
7.557550E0,8.851337E0,7.268465E1
7.561721E0,8.254171E0,1.048442E2
7.565892E0,-7.673423E-1,1.337147E2
7.570062E0,2.238279E0,1.385621E2
7.574233E0,-1.041012E1,1.622954E2
7.578404E0,-2.003117E1,1.845237E2
7.582575E0,-2.941104E1,2.056724E2
7.586746E0,-3.945396E1,2.244132E2
7.590917E0,-4.907116E1,2.415001E2
7.595088E0,-6.067174E1,2.558620E2
7.599258E0,-6.995246E1,2.679393E2
7.603429E0,-7.667089E1,2.797847E2
7.607600E0,-8.342961E1,2.894582E2
7.611771E0,-8.924172E1,2.970535E2
7.615942E0,-9.630124E1,3.040994E2
7.620113E0,-1.011232E2,3.095060E2
7.624283E0,-1.065043E2,3.142369E2
7.628454E0,-9.030033E1,3.311773E2
7.632625E0,-9.430107E1,3.333171E2
7.636796E0,-9.794129E1,3.352728E2
7.640967E0,-1.013259E2,3.357250E2
7.645137E0,-1.044362E2,3.358278E2
7.649308E0,-1.077835E2,3.356405E2
7.653479E0,-1.109579E2,3.345564E2
7.657650E0,-1.135201E2,3.325139E2
7.661821E0,-1.159335E2,3.300815E2
7.665992E0,-1.184088E2,3.263710E2
7.670162E0,-1.202487E2,3.225298E2
7.674333E0,-1.223015E2,3.175009E2
7.678504E0,-1.237127E2,3.117346E2
7.682675E0,-1.250720E2,3.045010E2
7.686846E0,-1.258907E2,2.968695E2
7.691017E0,-1.268085E2,2.878769E2
7.695188E0,-1.470192E2,2.537284E2
7.699358E0,-1.453296E2,2.417563E2
7.703529E0,-1.262990E2,2.537834E2
7.707700E0,-1.459129E2,2.331047E2
7.711871E0,-1.422518E2,2.157224E2
7.716042E0,-1.376247E2,1.969312E2
7.720213E0,-1.323075E2,1.771854E2
7.724383E0,-1.286304E2,1.515485E2
7.728554E0,-1.219131E2,1.289760E2
7.732725E0,-1.097203E2,1.013460E2
7.736896E0,-8.897127E1,7.651529E1
7.741067E0,-7.608626E1,4.756012E1
7.745237E0,-6.069974E1,1.837174E1
7.749408E0,-4.209298E1,-1.233741E1
7.753579E0,-2.266487E1,-4.036895E1
7.757750E0,-8.639854E-2,-6.697316E1
7.761921E0,2.107635E1,-9.170677E1
7.766092E0,4.262276E1,-1.136353E2
7.770262E0,6.202086E1,-1.355090E2
7.774433E0,7.964059E1,-1.555838E2
7.778604E0,9.567995E1,-1.726563E2
7.782775E0,1.117650E2,-1.878293E2
7.786946E0,1.244462E2,-2.012665E2
7.791117E0,1.372098E2,-2.133067E2
7.795288E0,1.517321E2,-2.241961E2
7.799458E0,1.633720E2,-2.335092E2
7.803629E0,1.729487E2,-2.408276E2
7.807800E0,1.820967E2,-2.473927E2
7.811971E0,1.916509E2,-2.523045E2
7.816142E0,1.999006E2,-2.566508E2
7.820312E0,2.073312E2,-2.597238E2
7.824483E0,2.137951E2,-2.617691E2
7.828654E0,2.188513E2,-2.633181E2
7.832825E0,2.238306E2,-2.644491E2
7.836996E0,2.286207E2,-2.645901E2
7.841167E0,2.320569E2,-2.643336E2
7.845338E0,2.352402E2,-2.634018E2
7.849508E0,2.384266E2,-2.619031E2
7.853679E0,2.398881E2,-2.593296E2
7.857850E0,2.417522E2,-2.564359E2
7.862021E0,2.421186E2,-2.534974E2
7.866192E0,2.427595E2,-2.492520E2
7.870363E0,2.430091E2,-2.446108E2
7.874533E0,2.415960E2,-2.393827E2
7.878704E0,2.401861E2,-2.336079E2
7.882875E0,2.381515E2,-2.266208E2
7.887046E0,2.335951E2,-2.192190E2
7.891217E0,2.289742E2,-2.113622E2
7.895388E0,2.240567E2,-2.016372E2
7.899558E0,2.175863E2,-1.914513E2
7.903729E0,2.094403E2,-1.804940E2
7.907900E0,2.010138E2,-1.676252E2
7.912071E0,1.885846E2,-1.541382E2
7.916242E0,1.776831E2,-1.394863E2
7.920413E0,1.637404E2,-1.234185E2
7.924583E0,1.454794E2,-1.066628E2
7.928754E0,1.277981E2,-8.766187E1
7.932925E0,1.062227E2,-6.830687E1
7.937096E0,8.726149E1,-4.665301E1
7.941267E0,6.509290E1,-2.416122E1
7.945437E0,4.278139E1,-3.879164E-1
7.949608E0,1.920571E1,2.430192E1
7.953779E0,-4.452425E0,4.847202E1
7.957950E0,-2.590584E1,7.043706E1
7.962121E0,-4.722473E1,9.440316E1
7.966292E0,-6.629542E1,1.141608E2
7.970463E0,-8.097758E1,1.295853E2
7.974633E0,-9.780720E1,1.453292E2
7.978804E0,-1.139517E2,1.602605E2
7.982975E0,-1.281272E2,1.726062E2
7.987146E0,-1.423941E2,1.843719E2
7.991317E0,-1.545298E2,1.949224E2
7.995488E0,-1.663644E2,2.033627E2
7.999658E0,-1.767962E2,2.116742E2
8.003829E0,-1.864490E2,2.181061E2
8.008000E0,-1.944073E2,2.241551E2
8.012171E0,-2.017104E2,2.284121E2
8.016342E0,-2.081105E2,2.316677E2
8.020513E0,-2.144257E2,2.341342E2
8.024683E0,-2.198314E2,2.362139E2
8.028854E0,-2.243984E2,2.374293E2
8.033025E0,-2.283421E2,2.380171E2
8.037196E0,-2.314151E2,2.376704E2
8.041367E0,-2.340762E2,2.372096E2
8.045538E0,-2.358682E2,2.357870E2
8.049708E0,-2.371266E2,2.340174E2
8.053879E0,-2.383107E2,2.318345E2
8.058050E0,-2.384477E2,2.286155E2
8.062221E0,-2.377527E2,2.250897E2
8.066392E0,-2.371164E2,2.213744E2
8.070562E0,-2.363224E2,2.165562E2
8.074733E0,-2.341368E2,2.106791E2
8.078904E0,-2.315081E2,2.044666E2
8.083075E0,-2.279693E2,1.968633E2
8.087246E0,-2.238951E2,1.888888E2
8.091417E0,-2.182166E2,1.795206E2
8.095588E0,-2.119768E2,1.696564E2
8.099758E0,-2.042773E2,1.582577E2
8.103929E0,-1.950239E2,1.461673E2
8.108100E0,-1.842610E2,1.330272E2
8.112271E0,-1.709420E2,1.183474E2
8.116442E0,-1.572075E2,1.032555E2
8.120613E0,-1.410697E2,8.732538E1
8.124783E0,-1.238990E2,7.057022E1
8.128954E0,-1.018118E2,4.866052E1
8.133125E0,-8.011108E1,3.029579E1
8.137296E0,-6.519508E1,1.922787E1
8.141467E0,-3.024102E1,-9.353725E0
8.145637E0,-2.819694E0,-2.765684E1
8.149808E0,2.521415E1,-4.356509E1
8.153979E0,5.252135E1,-5.908541E1
8.158150E0,7.921912E1,-7.032703E1
8.162321E0,1.052216E2,-8.289443E1
8.166492E0,1.339118E2,-1.043462E2
8.170663E0,1.592599E2,-1.133030E2
8.174833E0,1.808394E2,-1.213713E2
8.179004E0,2.004055E2,-1.274175E2
8.183175E0,2.193361E2,-1.333884E2
8.187346E0,2.357799E2,-1.391483E2
8.191517E0,2.501207E2,-1.417319E2
8.195688E0,2.626370E2,-1.447264E2
8.199858E0,2.740327E2,-1.455585E2
8.204029E0,2.834047E2,-1.460338E2
8.208200E0,2.918940E2,-1.473749E2
8.212371E0,2.992350E2,-1.474293E2
8.216542E0,3.057387E2,-1.478070E2
8.220712E0,3.111919E2,-1.470201E2
8.224883E0,3.151554E2,-1.463118E2
8.229054E0,3.176867E2,-1.449313E2
8.233225E0,3.206650E2,-1.438702E2
8.237396E0,3.219663E2,-1.414658E2
8.241567E0,3.231879E2,-1.402376E2
8.245737E0,3.226899E2,-1.377556E2
8.249908E0,3.220598E2,-1.353867E2
8.254079E0,3.206749E2,-1.335852E2
8.258250E0,3.178577E2,-1.303893E2
8.262421E0,3.142614E2,-1.265015E2
8.266592E0,3.099433E2,-1.234923E2
8.270763E0,3.051665E2,-1.200354E2
8.274933E0,2.981413E2,-1.156215E2
8.279104E0,2.911006E2,-1.111400E2
8.283275E0,2.810188E2,-1.055375E2
8.287446E0,2.702871E2,-9.950351E1
8.291617E0,2.568383E2,-9.267794E1
8.295788E0,2.418110E2,-8.489645E1
8.299958E0,2.253551E2,-7.633244E1
8.304129E0,2.074522E2,-6.713441E1
8.308300E0,1.870773E2,-5.744102E1
8.312471E0,1.647476E2,-4.667795E1
8.316642E0,1.404213E2,-3.486503E1
8.320813E0,1.152766E2,-2.260395E1
8.324983E0,8.834713E1,-9.747442E0
8.329154E0,5.895108E1,-8.852056E-1
8.333325E0,2.950014E1,1.318494E1
8.337496E0,-1.007418E0,2.470382E1
8.341667E0,-2.887959E1,4.154002E1
8.345838E0,-5.475962E1,5.352497E1
8.350008E0,-7.930049E1,6.302880E1
8.354179E0,-1.022818E2,7.235341E1
8.358350E0,-1.235408E2,8.088153E1
8.362521E0,-1.442278E2,8.815701E1
8.366692E0,-1.616686E2,9.461627E1
8.370862E0,-1.790216E2,1.011940E2
8.375033E0,-1.937330E2,1.065242E2
8.379204E0,-2.079357E2,1.114601E2
8.383375E0,-2.202462E2,1.152017E2
8.387546E0,-2.317099E2,1.193479E2
8.391717E0,-2.406933E2,1.219680E2
8.395888E0,-2.489113E2,1.242917E2
8.400058E0,-2.558419E2,1.259357E2
8.404229E0,-2.624446E2,1.273472E2
8.408400E0,-2.668768E2,1.285282E2
8.412571E0,-2.709549E2,1.287319E2
8.416742E0,-2.745751E2,1.289205E2
8.420913E0,-2.769824E2,1.285791E2
8.425083E0,-2.787490E2,1.278201E2
8.429254E0,-2.797324E2,1.267889E2
8.433425E0,-2.800855E2,1.247924E2
8.437596E0,-2.794625E2,1.234251E2
8.441767E0,-2.778191E2,1.214423E2
8.445937E0,-2.759833E2,1.186568E2
8.450108E0,-2.729062E2,1.155446E2
8.454279E0,-2.693274E2,1.118042E2
8.458450E0,-2.641870E2,1.082222E2
8.462621E0,-2.582013E2,1.038254E2
8.466792E0,-2.507504E2,9.949152E1
8.470962E0,-2.426338E2,9.446014E1
8.475133E0,-2.331050E2,8.905837E1
8.479304E0,-2.221919E2,8.313052E1
8.483475E0,-2.088354E2,7.685835E1
8.487646E0,-1.950059E2,7.026828E1
8.491817E0,-1.779006E2,6.275171E1
8.495988E0,-1.609976E2,5.536291E1
8.500158E0,-1.416203E2,4.771485E1
8.504329E0,-1.202145E2,3.923456E1
8.508500E0,-9.651992E1,3.060324E1
8.512671E0,-7.030081E1,2.040069E1
8.516842E0,-4.218131E1,1.059661E1
8.521013E0,-1.220012E1,-8.620781E0
8.525183E0,1.762462E1,-1.616264E1
8.529354E0,4.691165E1,-2.443757E1
8.533525E0,7.662295E1,-3.061145E1
8.537696E0,1.044443E2,-3.712267E1
8.541867E0,1.311347E2,-4.333037E1
8.546038E0,1.574088E2,-4.918964E1
8.550208E0,1.818328E2,-5.418991E1
8.554379E0,2.041513E2,-5.857148E1
8.558550E0,2.250224E2,-6.318799E1
8.562721E0,2.431907E2,-6.966096E1
8.566892E0,2.582058E2,-7.495121E1
8.571063E0,2.717582E2,-7.808746E1
8.575233E0,2.832377E2,-8.059499E1
8.579404E0,2.708630E2,-8.222595E1
8.583575E0,2.804827E2,-8.312690E1
8.587746E0,2.880247E2,-8.366780E1
8.591917E0,2.957454E2,-8.439978E1
8.596087E0,3.013432E2,-8.409173E1
8.600258E0,3.061268E2,-8.417666E1
8.604429E0,3.095474E2,-8.493869E1
8.608600E0,3.121060E2,-8.368732E1
8.612771E0,3.137588E2,-8.354616E1
8.616942E0,3.139576E2,-8.257487E1
8.621112E0,3.130827E2,-8.153679E1
8.625283E0,3.109617E2,-7.985083E1
8.629454E0,3.082449E2,-7.842212E1
8.633625E0,3.041708E2,-7.657399E1
8.637796E0,2.989426E2,-7.489170E1
8.641967E0,2.932587E2,-7.326678E1
8.646138E0,2.852641E2,-7.032186E1
8.650308E0,2.759714E2,-6.785882E1
8.654479E0,2.657725E2,-6.494828E1
8.658650E0,2.634441E2,-7.213047E1
8.662821E0,2.508795E2,-6.892627E1
8.666992E0,2.369980E2,-6.575453E1
8.671163E0,2.218702E2,-6.216307E1
8.675333E0,2.117588E2,-5.336485E1
8.679504E0,1.936527E2,-4.915453E1
8.683675E0,1.751918E2,-4.458448E1
8.687846E0,1.592638E2,-3.474466E1
8.692017E0,1.311843E2,-3.263301E1
8.696188E0,1.070174E2,-2.541440E1
8.700358E0,7.916415E1,-1.952416E1
8.704529E0,5.040821E1,-1.389120E1
8.708700E0,2.001324E1,-8.435999E0
8.712871E0,-4.196295E1,1.817953E1
8.717042E0,-7.199965E1,2.352300E1
8.721213E0,-9.808143E1,2.786127E1
8.725383E0,-1.242097E2,9.186200E0
8.729554E0,-1.455584E2,1.204855E1
8.733725E0,-1.651734E2,1.439155E1
8.737896E0,-1.656361E2,4.062593E1
8.742067E0,-1.839185E2,4.372654E1
8.746237E0,-1.987425E2,4.456536E1
8.750408E0,-2.140476E2,3.289289E1
8.754579E0,-2.266582E2,3.207638E1
8.758750E0,-2.376586E2,3.437932E1
8.762921E0,-2.470047E2,3.490159E1
8.767092E0,-2.550363E2,3.654600E1
8.771263E0,-2.619718E2,3.877449E1
8.775433E0,-2.672493E2,4.045467E1
8.779604E0,-2.720689E2,4.037526E1
8.783775E0,-2.754442E2,3.855706E1
8.787946E0,-2.783018E2,4.025298E1
8.792117E0,-2.799685E2,3.956438E1
8.796288E0,-2.806809E2,3.865807E1
8.800458E0,-2.808655E2,3.777637E1
8.804629E0,-2.798550E2,3.722685E1
8.808800E0,-2.780300E2,3.617360E1
8.812971E0,-2.750833E2,3.460316E1
8.817142E0,-2.710736E2,3.331518E1
8.821312E0,-2.659272E2,3.146691E1
8.825483E0,-2.598706E2,2.880254E1
8.829654E0,-2.529575E2,2.653450E1
8.833825E0,-2.440347E2,2.463018E1
8.837996E0,-2.345851E2,2.150256E1
8.842167E0,-2.228784E2,1.974280E1
8.846337E0,-2.102700E2,1.774288E1
8.850508E0,-1.949363E2,1.584207E1
8.854679E0,-1.788343E2,1.215730E1
8.858850E0,-1.607974E2,1.030168E1
8.863021E0,-1.404258E2,8.869235E0
8.867192E0,-1.186849E2,4.219602E0
8.871363E0,-9.512169E1,1.127190E0
8.875533E0,-7.058053E1,-1.260459E0
8.879704E0,-4.499494E1,-4.040894E0
8.883875E0,-1.690069E1,-6.626150E0
8.888046E0,1.239111E1,-8.494706E0
8.892217E0,4.109444E1,-9.758794E0
8.896388E0,6.903426E1,-1.126737E1
8.900558E0,9.661642E1,-1.231775E1
8.904729E0,1.222114E2,-1.281706E1
8.908900E0,1.476687E2,-1.455836E1
8.913071E0,1.725983E2,-1.510488E1
8.917242E0,1.945151E2,-1.555742E1
8.921413E0,2.146241E2,-1.639621E1
8.925583E0,2.327899E2,-1.717924E1
8.929754E0,2.435968E2,-2.870962E1
8.933925E0,2.577862E2,-2.937570E1
8.938096E0,2.700905E2,-2.954569E1
8.942267E0,2.807015E2,-2.927825E1
8.946438E0,2.897380E2,-2.907990E1
8.950608E0,2.975980E2,-2.828275E1
8.954779E0,3.037985E2,-2.843569E1
8.958950E0,3.085572E2,-2.806140E1
8.963121E0,3.119628E2,-2.839209E1
8.967292E0,3.153548E2,-2.782227E1
8.971462E0,3.171826E2,-2.676002E1
8.975633E0,3.175653E2,-2.620211E1
8.979804E0,3.168130E2,-2.632598E1
8.983975E0,3.157156E2,-2.522128E1
8.988146E0,3.129328E2,-2.542281E1
8.992317E0,3.096113E2,-2.415064E1
8.996487E0,3.042671E2,-2.461942E1
9.000658E0,2.977690E2,-2.422878E1
9.004829E0,2.899308E2,-2.425103E1
9.009000E0,2.805962E2,-2.411781E1
9.013171E0,2.698488E2,-2.412753E1
9.017342E0,2.590523E2,-2.238583E1
9.021513E0,2.451255E2,-2.158379E1
9.025683E0,2.278956E2,-1.838182E1
9.029854E0,2.109969E2,-1.745271E1
9.034025E0,1.918297E2,-1.419542E1
9.038196E0,1.719461E2,-1.183586E1
9.042367E0,1.485949E2,-7.553162E0
9.046538E0,1.239661E2,-5.531519E0
9.050708E0,9.699353E1,-3.513740E0
9.054879E0,6.932463E1,-2.114764E0
9.059050E0,4.065324E1,-2.191179E0
9.063221E0,1.175792E1,-2.382038E0
9.067392E0,-1.588328E1,-3.443678E0
9.071563E0,-4.222094E1,-8.186661E0
9.075733E0,-6.695575E1,-1.041211E1
9.079904E0,-8.808521E1,-9.129468E0
9.084075E0,-1.107953E2,-1.131001E1
9.088246E0,-1.311920E2,-1.131448E1
9.092417E0,-1.491833E2,-1.060883E1
9.096588E0,-1.662528E2,-1.121224E1
9.100758E0,-1.823260E2,-1.100331E1
9.104929E0,-1.957978E2,-1.151095E1
9.109100E0,-2.080593E2,-1.069343E1
9.113271E0,-2.187458E2,-1.134556E1
9.117442E0,-2.289419E2,-1.141845E1
9.121612E0,-2.370102E2,-1.022449E1
9.125783E0,-2.439327E2,-1.044137E1
9.129954E0,-2.493568E2,-1.052552E1
9.134125E0,-2.540128E2,-1.008283E1
9.138296E0,-2.579706E2,-9.234089E0
9.142467E0,-2.603149E2,-9.096451E0
9.146638E0,-2.616616E2,-9.142085E0
9.150808E0,-2.623786E2,-9.577389E0
9.154979E0,-2.615186E2,-9.150136E0
9.159150E0,-2.602982E2,-8.571548E0
9.163321E0,-2.580202E2,-9.300483E0
9.167492E0,-2.541004E2,-8.967228E0
9.171663E0,-2.495988E2,-8.348060E0
9.175833E0,-2.440277E2,-7.830773E0
9.180004E0,-2.375213E2,-8.232164E0
9.184175E0,-2.287957E2,-7.823257E0
9.188346E0,-2.191447E2,-7.594237E0
9.192517E0,-2.087138E2,-8.994880E0
9.196687E0,-1.963126E2,-8.114777E0
9.200858E0,-1.825635E2,-5.381767E0
9.205029E0,-1.663481E2,-2.252007E0
9.209200E0,-1.490530E2,-3.231266E0
9.213371E0,-1.302238E2,-2.542374E0
9.217542E0,-1.091683E2,-7.498998E-1
9.221712E0,-8.714902E1,-1.050664E0
9.225883E0,-6.373883E1,4.415423E-1
9.230054E0,-3.891018E1,1.515726E0
9.234225E0,-1.264060E1,3.164713E0
9.238396E0,1.452807E1,5.488495E0
9.242567E0,4.208513E1,4.714621E0
9.246738E0,6.901253E1,4.767330E0
9.250908E0,9.456508E1,4.312860E0
9.255079E0,1.190989E2,3.669219E0
9.259250E0,1.423686E2,3.119871E0
9.263421E0,1.653689E2,2.393336E0
9.267592E0,1.848256E2,1.367412E0
9.271763E0,2.037391E2,1.076744E0
9.275933E0,2.216234E2,3.145757E-1
9.280104E0,2.365673E2,-9.018723E-1
9.284275E0,2.499899E2,-2.293950E0
9.288446E0,2.562460E2,-1.725391E1
9.292617E0,2.661747E2,-1.761298E1
9.296788E0,2.752608E2,-1.786443E1
9.300958E0,2.809241E2,-1.913909E1
9.305129E0,2.866227E2,-2.006187E1
9.309300E0,2.910896E2,-2.071821E1
9.313471E0,2.939198E2,-2.156101E1
9.317642E0,2.955781E2,-2.211581E1
9.321813E0,2.968056E2,-2.229643E1
9.325983E0,2.959203E2,-2.340497E1
9.330154E0,2.948053E2,-2.339706E1
9.334325E0,2.918797E2,-2.438980E1
9.338496E0,2.876456E2,-2.506361E1
9.342667E0,2.821415E2,-2.644834E1
9.346837E0,2.750319E2,-2.734375E1
9.351008E0,2.677266E2,-2.732459E1
9.355179E0,2.579994E2,-2.863258E1
9.359350E0,2.467897E2,-2.910502E1
9.363521E0,2.341849E2,-2.891890E1
9.367692E0,2.199594E2,-2.831884E1
9.371862E0,2.044227E2,-2.682316E1
9.376033E0,1.860957E2,-2.420396E1
9.380204E0,1.668645E2,-2.389499E1
9.384375E0,1.454104E2,-2.096268E1
9.388546E0,1.226182E2,-1.449775E1
9.392717E0,9.803898E1,-1.292326E1
9.396888E0,7.099309E1,-1.080425E1
9.401058E0,4.439073E1,-9.891618E0
9.405229E0,1.733722E1,-7.760318E0
9.409400E0,-8.535574E0,-5.384131E0
9.413571E0,-3.245509E1,-3.793572E0
9.417742E0,-5.536764E1,-7.398995E-1
9.421913E0,-7.708639E1,2.220195E0
9.426083E0,-9.685674E1,4.337246E0
9.430254E0,-1.168377E2,7.689981E0
9.434425E0,-1.344126E2,1.051516E1
9.438596E0,-1.507362E2,1.045588E1
9.442767E0,-1.656876E2,1.320509E1
9.446938E0,-1.795471E2,1.566075E1
9.451108E0,-1.909436E2,1.590681E1
9.455279E0,-2.022011E2,1.577766E1
9.459450E0,-2.113504E2,1.751893E1
9.463621E0,-2.187704E2,1.690061E1
9.467792E0,-2.257118E2,1.919828E1
9.471963E0,-2.307363E2,1.974201E1
9.476133E0,-2.354100E2,2.179319E1
9.480304E0,-2.384254E2,2.268387E1
9.484475E0,-2.399076E2,2.228656E1
9.488646E0,-2.407703E2,2.390777E1
9.492817E0,-2.404471E2,2.432438E1
9.496987E0,-2.393446E2,2.516175E1
9.501158E0,-2.367026E2,2.350495E1
9.505329E0,-2.330801E2,2.512582E1
9.509500E0,-2.285225E2,2.239396E1
9.513671E0,-2.229049E2,2.377009E1
9.517842E0,-2.158184E2,2.408482E1
9.522013E0,-2.076672E2,2.162222E1
9.526183E0,-1.981055E2,2.514951E1
9.530354E0,-1.880565E2,1.965617E1
9.534525E0,-1.757649E2,2.000695E1
9.538696E0,-1.619961E2,1.988182E1
9.542867E0,-1.464804E2,1.929502E1
9.547038E0,-1.295861E2,1.601006E1
9.551208E0,-1.114501E2,1.473144E1
9.555379E0,-9.106365E1,1.287885E1
9.559550E0,-6.956251E1,9.825117E0
9.563721E0,-4.682270E1,7.392903E0
9.567892E0,-2.337532E1,4.779846E0
9.572062E0,1.983858E0,2.771325E0
9.576233E0,2.799838E1,-6.894742E-1
9.580404E0,5.405500E1,-4.504993E0
9.584575E0,7.751145E1,-7.035805E0
9.588746E0,1.001403E2,-1.039944E1
9.592917E0,1.223122E2,-1.389056E1
9.597087E0,1.426102E2,-1.697010E1
9.601258E0,1.623195E2,-2.015243E1
9.605429E0,1.808632E2,-2.263345E1
9.609600E0,1.978021E2,-2.489444E1
9.613771E0,2.122140E2,-2.701237E1
9.617942E0,2.253819E2,-2.941251E1
9.622113E0,2.366539E2,-3.052682E1
9.626283E0,2.467849E2,-3.238245E1
9.630454E0,2.546359E2,-3.361969E1
9.634625E0,2.611812E2,-3.473054E1
9.638796E0,2.664979E2,-3.544680E1
9.642967E0,2.704182E2,-3.648243E1
9.647138E0,2.729140E2,-3.719953E1
9.651308E0,2.742254E2,-3.775487E1
9.655479E0,2.747401E2,-3.825768E1
9.659650E0,2.737942E2,-3.778342E1
9.663821E0,2.717141E2,-3.746975E1
9.667992E0,2.685831E2,-3.712636E1
9.672163E0,2.638954E2,-3.617285E1
9.676333E0,2.578981E2,-3.507489E1
9.680504E0,2.506070E2,-3.339739E1
9.684675E0,2.417077E2,-3.300103E1
9.688846E0,2.311893E2,-3.155258E1
9.693017E0,2.185129E2,-3.066405E1
9.697188E0,2.046096E2,-2.908456E1
9.701358E0,1.896585E2,-2.691401E1
9.705529E0,1.723188E2,-2.478530E1
9.709700E0,1.529521E2,-2.184302E1
9.713871E0,1.321359E2,-1.858490E1
9.718042E0,1.099735E2,-1.475524E1
9.722212E0,8.668420E1,-1.090304E1
9.726383E0,6.253083E1,-6.855919E0
9.730554E0,3.770470E1,-2.526103E0
9.734725E0,1.212884E1,1.218589E0
9.738896E0,-1.120420E1,4.554804E0
9.743067E0,-3.295154E1,8.046394E0
9.747237E0,-5.501435E1,1.163845E1
9.751408E0,-7.473782E1,1.505710E1
9.755579E0,-9.361008E1,1.883498E1
9.759750E0,-1.115336E2,2.139080E1
9.763921E0,-1.267235E2,2.340806E1
9.768092E0,-1.415469E2,2.591303E1
9.772263E0,-1.546128E2,2.587611E1
9.776433E0,-1.669880E2,2.758353E1
9.780604E0,-1.774177E2,2.836807E1
9.784775E0,-1.868176E2,2.780393E1
9.788946E0,-1.946707E2,2.910226E1
9.793117E0,-2.011454E2,3.106624E1
9.797287E0,-2.069420E2,3.132023E1
9.801458E0,-2.117067E2,3.055694E1
9.805629E0,-2.148186E2,3.117539E1
9.809800E0,-2.167650E2,3.138219E1
9.813971E0,-2.176443E2,3.127697E1
9.818142E0,-2.178009E2,3.071306E1
9.822313E0,-2.159760E2,3.077675E1
9.826483E0,-2.129313E2,3.067284E1
9.830654E0,-2.090824E2,3.013007E1
9.834825E0,-2.041685E2,2.902019E1
9.838996E0,-1.981736E2,2.742388E1
9.843167E0,-1.908825E2,2.454621E1
9.847338E0,-1.821811E2,2.367659E1
9.851508E0,-1.728877E2,2.087250E1
9.855679E0,-1.610097E2,2.017627E1
9.859850E0,-1.482276E2,1.895432E1
9.864021E0,-1.349564E2,1.730465E1
9.868192E0,-1.190448E2,1.461260E1
9.872362E0,-1.014364E2,9.913952E0
9.876533E0,-8.290000E1,8.230446E0
9.880704E0,-6.271031E1,4.647877E0
9.884875E0,-4.128336E1,2.062771E0
9.889046E0,-1.884455E1,-5.918974E-1
9.893217E0,4.641809E0,-2.248010E0
9.897388E0,2.993949E1,-4.580357E0
9.901558E0,5.266287E1,-6.449162E0
9.905729E0,7.538510E1,-8.316599E0
9.909900E0,9.577210E1,-9.812983E0
9.914071E0,1.163526E2,-1.112261E1
9.918242E0,1.349950E2,-1.246811E1
9.922413E0,1.530475E2,-1.375881E1
9.926583E0,1.697701E2,-1.511759E1
9.930754E0,1.846934E2,-1.587320E1
9.934925E0,1.977064E2,-1.652846E1
9.939096E0,2.094395E2,-1.714410E1
9.943267E0,2.197045E2,-1.784185E1
9.947437E0,2.282131E2,-1.749406E1
9.951608E0,2.346664E2,-1.743294E1
9.955779E0,2.407653E2,-1.770883E1
9.959950E0,2.448431E2,-1.791198E1
9.964121E0,2.476738E2,-1.773980E1
9.968292E0,2.491209E2,-1.654654E1
9.972462E0,2.493859E2,-1.617222E1
9.976633E0,2.480835E2,-1.588441E1
9.980804E0,2.457722E2,-1.559328E1
9.984975E0,2.421792E2,-1.506506E1
9.989146E0,2.368731E2,-1.476836E1
9.993317E0,2.303219E2,-1.324106E1
9.997488E0,2.219865E2,-1.290910E1
1.000166E1,2.127378E2,-1.189356E1
1.000583E1,2.017825E2,-1.127301E1
1.001000E1,1.891087E2,-1.140066E1
1.001417E1,1.748891E2,-9.604590E0
1.001834E1,1.588079E2,-8.151348E0
1.002251E1,1.418707E2,-6.845845E0
1.002668E1,1.222396E2,-5.458708E0
1.003085E1,1.018251E2,-3.920860E0
1.003502E1,7.941742E1,-1.686512E0
1.003920E1,5.557557E1,2.419664E-4
1.004337E1,3.259500E1,1.256808E0
1.004754E1,9.062895E0,2.152294E0
1.005171E1,-1.333940E1,3.359387E0
1.005588E1,-3.407919E1,4.017192E0
1.006005E1,-5.324876E1,4.073746E0
1.006422E1,-7.146984E1,5.016000E0
1.006839E1,-8.869390E1,6.224363E0
1.007256E1,-1.049261E2,7.341783E0
1.007673E1,-1.189476E2,7.530817E0
1.008090E1,-1.312589E2,7.525047E0
1.008508E1,-1.432692E2,7.038849E0
1.008925E1,-1.535987E2,5.766190E0
1.009342E1,-1.629366E2,8.817016E0
1.009759E1,-1.711061E2,5.892344E0
1.010176E1,-1.779880E2,5.577193E0
1.010593E1,-1.839596E2,4.649538E0
1.011010E1,-1.878185E2,7.660779E0
1.011427E1,-1.908027E2,7.240285E0
1.011844E1,-1.931982E2,7.389419E0
1.012261E1,-1.938216E2,7.207124E0
1.012678E1,-1.932166E2,7.527517E0
1.013095E1,-1.911555E2,9.196414E0
1.013513E1,-1.886486E2,6.755232E0
1.013930E1,-1.846152E2,5.824884E0
1.014347E1,-1.792271E2,6.324858E0
1.014764E1,-1.727533E2,5.171804E0
1.015181E1,-1.649523E2,6.687721E0
1.015598E1,-1.558948E2,8.586393E0
1.016015E1,-1.453623E2,8.301200E0
1.016432E1,-1.339582E2,5.686391E0
1.016849E1,-1.215464E2,4.441860E0
1.017266E1,-1.068065E2,4.379212E0
1.017683E1,-9.062554E1,4.565705E0
1.018100E1,-7.317968E1,4.606176E0
1.018517E1,-5.454788E1,4.057554E0
1.018935E1,-3.555374E1,3.086940E0
1.019352E1,-1.436094E1,3.438769E0
1.019769E1,7.933898E0,2.911613E0
1.020186E1,3.035775E1,1.411706E0
1.020603E1,5.320166E1,2.158724E-1
1.021020E1,7.300717E1,-1.327821E0
1.021437E1,9.271924E1,-3.101019E0
1.021854E1,1.106898E2,-4.715878E0
1.022271E1,1.271250E2,-5.765474E0
1.022688E1,1.432595E2,-7.693050E0
1.023105E1,1.585974E2,-8.667031E0
1.023522E1,1.710199E2,-9.892916E0
1.023940E1,1.829739E2,-1.167596E1
1.024357E1,1.929556E2,-1.365920E1
1.024774E1,2.011988E2,-1.478083E1
1.025191E1,2.079667E2,-1.565148E1
1.025608E1,2.128606E2,-2.209346E1
1.026025E1,2.168774E2,-2.343285E1
1.026442E1,2.197127E2,-2.473820E1
1.026859E1,2.208070E2,-2.512548E1
1.027276E1,2.208908E2,-2.580038E1
1.027693E1,2.196020E2,-2.609991E1
1.028110E1,2.171682E2,-2.689476E1
1.028528E1,2.129925E2,-2.665400E1
1.028945E1,2.073421E2,-2.743094E1
1.029362E1,2.008298E2,-2.637432E1
1.029779E1,1.921035E2,-2.706568E1
1.030196E1,1.828478E2,-2.442037E1
1.030613E1,1.710312E2,-2.504940E1
1.031030E1,1.583510E2,-2.497298E1
1.031447E1,1.432446E2,-2.324187E1
1.031864E1,1.272852E2,-2.257636E1
1.032281E1,1.107710E2,-1.974276E1
1.032698E1,8.962918E1,-1.843258E1
1.033115E1,7.074151E1,-1.533690E1
1.033533E1,5.084609E1,-1.197919E1
1.033950E1,2.842749E1,-9.829814E0
1.034367E1,7.066952E0,-7.438591E0
1.034784E1,-1.290321E1,-4.000898E0
1.035201E1,-3.159569E1,-1.841178E0
1.035618E1,-4.815075E1,2.633989E0
1.036035E1,-6.428147E1,6.601402E0
1.036452E1,-7.933963E1,8.840915E0
1.036869E1,-9.308973E1,1.093368E1
1.037286E1,-1.058817E2,1.398241E1
1.037703E1,-1.170408E2,1.640475E1
1.038120E1,-1.277097E2,1.723452E1
1.038537E1,-1.369636E2,1.861994E1
1.038955E1,-1.449098E2,1.926020E1
1.039372E1,-1.517766E2,1.931515E1
1.039789E1,-1.569768E2,2.112998E1
1.040206E1,-1.610338E2,2.229376E1
1.040623E1,-1.638299E2,2.217666E1
1.041040E1,-1.657857E2,2.317371E1
1.041457E1,-1.661308E2,2.311842E1
1.041874E1,-1.656180E2,2.266539E1
1.042291E1,-1.639507E2,2.266498E1
1.042708E1,-1.608182E2,2.260302E1
1.043125E1,-1.563273E2,2.282116E1
1.043542E1,-1.502161E2,2.361727E1
1.043960E1,-1.438853E2,1.999165E1
1.044377E1,-1.358767E2,1.900472E1
1.044794E1,-1.270220E2,1.579506E1
1.045211E1,-1.159835E2,1.633845E1
1.045628E1,-1.043582E2,1.481827E1
1.046045E1,-9.067872E1,1.107182E1
1.046462E1,-7.733944E1,9.254923E0
1.046879E1,-6.125811E1,7.426410E0
1.047296E1,-4.308359E1,4.616980E0
1.047713E1,-2.539706E1,2.274741E0
1.048130E1,-5.422507E0,-1.809284E0
1.048548E1,1.461507E1,-4.214746E0
1.048965E1,3.524553E1,-6.719297E0
1.049382E1,5.539151E1,-9.823685E0
1.049799E1,7.334063E1,-1.279474E1
1.050216E1,8.925278E1,-1.420694E1
1.050633E1,1.044874E2,-1.652910E1
1.051050E1,1.205374E2,-1.884502E1
1.051467E1,1.339905E2,-2.029552E1
1.051884E1,1.464170E2,-2.235662E1
1.052301E1,1.573544E2,-2.403997E1
1.052718E1,1.665841E2,-2.564879E1
1.053135E1,1.743730E2,-2.696357E1
1.053552E1,1.804713E2,-2.707011E1
1.053970E1,1.855007E2,-2.887532E1
1.054387E1,1.889879E2,-2.859840E1
1.054804E1,1.912055E2,-2.941007E1
1.055221E1,1.920665E2,-2.876480E1
1.055638E1,1.915049E2,-2.886266E1
1.056055E1,1.896410E2,-2.731724E1
1.056472E1,1.863638E2,-2.736417E1
1.056889E1,1.816897E2,-2.562503E1
1.057306E1,1.759084E2,-2.463601E1
1.057723E1,1.684011E2,-2.312370E1
1.058140E1,1.593167E2,-2.221941E1
1.058558E1,1.488995E2,-1.953466E1
1.058975E1,1.365775E2,-1.871740E1
1.059392E1,1.231841E2,-1.612900E1
1.059809E1,1.087189E2,-1.414475E1
1.060226E1,9.209960E1,-1.138306E1
1.060643E1,7.473098E1,-8.913178E0
1.061060E1,5.595284E1,-5.794093E0
1.061477E1,3.722698E1,-2.574251E0
1.061894E1,1.712653E1,-3.171062E-1
1.062311E1,-1.561019E0,1.540006E0
1.062728E1,-1.872726E1,3.139340E0
1.063145E1,-3.453850E1,4.882642E0
1.063562E1,-4.944106E1,6.244939E0
1.063980E1,-6.410460E1,7.832781E0
1.064397E1,-7.658431E1,8.802472E0
1.064814E1,-8.844663E1,9.638649E0
1.065231E1,-9.844241E1,1.061362E1
1.065648E1,-1.080593E2,1.130475E1
1.066065E1,-1.161755E2,1.298932E1
1.066482E1,-1.230282E2,1.362377E1
1.066899E1,-1.287124E2,1.395636E1
1.067316E1,-1.332316E2,1.325138E1
1.067733E1,-1.367849E2,1.336064E1
1.068150E1,-1.389665E2,1.277746E1
1.068567E1,-1.396281E2,1.289644E1
1.068985E1,-1.393028E2,1.286132E1
1.069402E1,-1.376166E2,1.190061E1
1.069819E1,-1.349975E2,1.210782E1
1.070236E1,-1.308286E2,1.093684E1
1.070653E1,-1.255256E2,1.069482E1
1.071070E1,-1.190573E2,1.058315E1
1.071487E1,-1.108966E2,9.712117E0
1.071904E1,-1.025791E2,7.708522E0
1.072321E1,-9.223906E1,7.948010E0
1.072738E1,-8.081611E1,6.144509E0
1.073155E1,-6.855440E1,5.440507E0
1.073573E1,-5.357857E1,5.179681E0
1.073990E1,-3.927434E1,3.564647E0
1.074407E1,-2.175326E1,2.382583E0
1.074824E1,-4.784286E0,1.763199E0
1.075241E1,1.432245E1,1.720491E-1
1.075658E1,3.311674E1,-1.227626E0
1.076075E1,5.103614E1,-3.529567E0
1.076492E1,6.718917E1,-4.775874E0
1.076909E1,8.159035E1,-6.258205E0
1.077326E1,9.476415E1,-7.822153E0
1.077743E1,1.084561E2,-8.885115E0
1.078160E1,1.197182E2,-9.447907E0
1.078577E1,1.302335E2,-1.064119E1
1.078995E1,1.394820E2,-1.131136E1
1.079412E1,1.470277E2,-1.213665E1
1.079829E1,1.529283E2,-1.299558E1
1.080246E1,1.576409E2,-1.349721E1
1.080663E1,1.610633E2,-1.424422E1
1.081080E1,1.630513E2,-1.503450E1
1.081497E1,1.636302E2,-1.578523E1
1.081914E1,1.629242E2,-1.571765E1
1.082331E1,1.606807E2,-1.562050E1
1.082748E1,1.570565E2,-1.550040E1
1.083165E1,1.521430E2,-1.525156E1
1.083583E1,1.456021E2,-1.534502E1
1.084000E1,1.380560E2,-1.481009E1
1.084417E1,1.285676E2,-1.398010E1
1.084834E1,1.178187E2,-1.289875E1
1.085251E1,1.055822E2,-1.192032E1
1.085668E1,9.276922E1,-1.030365E1
1.086085E1,7.861916E1,-8.451716E0
1.086502E1,6.256098E1,-6.999430E0
1.086919E1,4.491036E1,-4.586761E0
1.087336E1,2.696109E1,-2.511548E0
1.087753E1,9.834974E0,-2.198216E-2
1.088170E1,-5.932620E0,1.800221E0
1.088588E1,-2.132513E1,4.161487E0
1.089005E1,-3.498148E1,5.874577E0
1.089422E1,-4.733081E1,7.501363E0
1.089839E1,-5.859314E1,8.706332E0
1.090256E1,-6.964903E1,1.011200E1
1.090673E1,-7.827287E1,1.203234E1
1.091090E1,-8.654117E1,1.317537E1
1.091507E1,-9.369953E1,1.423562E1
1.091924E1,-9.998652E1,1.523897E1
1.092341E1,-1.045573E2,1.601291E1
1.092758E1,-1.082900E2,1.609065E1
1.093175E1,-1.106553E2,1.711342E1
1.093592E1,-1.117216E2,1.772977E1
1.094010E1,-1.116249E2,1.794112E1
1.094427E1,-1.102124E2,1.743547E1
1.094844E1,-1.075594E2,1.768521E1
1.095261E1,-1.039072E2,1.741450E1
1.095678E1,-9.843537E1,1.645215E1
1.096095E1,-9.218868E1,1.623932E1
1.096512E1,-8.434881E1,1.553149E1
1.096929E1,-7.582155E1,1.420257E1
1.097346E1,-6.608689E1,1.339565E1
1.097763E1,-5.489937E1,1.211906E1
1.098180E1,-4.287571E1,1.074164E1
1.098597E1,-3.004593E1,9.239246E0
1.099015E1,-1.513130E1,7.999057E0
1.099432E1,1.062909E0,5.207546E0
1.099849E1,1.731988E1,3.268309E0
1.100266E1,3.357902E1,5.719855E-1
1.100683E1,4.921233E1,-1.805752E0
1.101100E1,6.259530E1,-4.250423E0
1.101517E1,7.534488E1,-6.070946E0
1.101934E1,8.635216E1,-8.471928E0
1.102351E1,9.650248E1,-1.028416E1
1.102768E1,1.055359E2,-1.234611E1
1.103185E1,1.137158E2,-1.392000E1
1.103603E1,1.203015E2,-1.479616E1
1.104020E1,1.254632E2,-1.568655E1
1.104437E1,1.291661E2,-1.668565E1
1.104854E1,1.317935E2,-1.735260E1
1.105271E1,1.329732E2,-1.769978E1
1.105688E1,1.327335E2,-1.772323E1
1.106105E1,1.311064E2,-1.756366E1
1.106522E1,1.284872E2,-1.683894E1
1.106939E1,1.239682E2,-1.610831E1
1.107356E1,1.180530E2,-1.537645E1
1.107773E1,1.110017E2,-1.434504E1
1.108190E1,1.027710E2,-1.278905E1
1.108608E1,9.299556E1,-1.094317E1
1.109025E1,8.217362E1,-8.312946E0
1.109442E1,7.020137E1,-6.033033E0
1.109859E1,5.622944E1,-3.889942E0
1.110276E1,4.162200E1,-6.881796E-1
1.110693E1,2.539537E1,2.145567E0
1.111110E1,1.092385E1,3.810676E0
1.111527E1,-2.990240E0,5.673505E0
1.111944E1,-1.532482E1,6.705284E0
1.112361E1,-2.681555E1,7.762980E0
1.112778E1,-3.716913E1,8.727074E0
1.113195E1,-4.621080E1,9.410926E0
1.113612E1,-5.446772E1,1.048690E1
1.114030E1,-6.193978E1,1.111690E1
1.114447E1,-6.841072E1,1.159518E1
1.114864E1,-7.329092E1,1.190832E1
1.115281E1,-7.710154E1,1.223533E1
1.115698E1,-7.979105E1,1.252366E1
1.116115E1,-8.182562E1,1.247852E1
1.116532E1,-8.220512E1,1.232506E1
1.116949E1,-8.128778E1,1.220795E1
1.117366E1,-7.931119E1,1.187237E1
1.117783E1,-7.602635E1,1.147206E1
1.118200E1,-7.157607E1,1.144506E1
1.118617E1,-6.562891E1,1.084428E1
1.119035E1,-5.927467E1,9.728774E0
1.119452E1,-5.107328E1,9.257116E0
1.119869E1,-4.230664E1,8.733047E0
1.120286E1,-3.180435E1,8.007520E0
1.120703E1,-2.088874E1,7.068125E0
1.121120E1,-8.159069E0,6.093041E0
1.121537E1,5.331049E0,5.503870E0
1.121954E1,1.962003E1,3.024184E0
1.122371E1,3.356810E1,1.386035E0
1.122788E1,4.573627E1,-4.180442E-1
1.123205E1,5.717873E1,-2.119376E0
1.123623E1,6.666518E1,-3.760175E0
1.124040E1,7.493186E1,-5.610374E0
1.124457E1,8.314395E1,-6.732408E0
1.124874E1,8.977332E1,-8.157532E0
1.125291E1,9.518180E1,-9.220840E0
1.125708E1,9.935462E1,-1.032605E1
1.126125E1,1.019604E2,-1.138540E1
1.126542E1,1.035534E2,-1.178284E1
1.126959E1,1.039167E2,-1.181017E1
1.127376E1,1.028930E2,-1.212914E1
1.127793E1,1.003069E2,-1.164136E1
1.128210E1,9.634621E1,-1.110133E1
1.128627E1,9.118475E1,-9.942088E0
1.129045E1,8.458046E1,-9.557121E0
1.129462E1,7.687780E1,-7.770219E0
1.129879E1,6.798187E1,-5.842227E0
1.130296E1,5.755806E1,-4.449500E0
1.130713E1,4.681633E1,-2.293734E0
1.131130E1,3.380285E1,1.203566E-1
1.131547E1,2.052663E1,1.996916E0
1.131964E1,8.668415E0,3.456560E0
1.132381E1,-2.045800E0,4.253777E0
1.132798E1,-1.131086E1,5.607386E0
1.133215E1,-1.978525E1,6.394759E0
1.133633E1,-2.736477E1,6.780165E0
1.134050E1,-3.401074E1,7.188050E0
1.134467E1,-3.967394E1,8.326077E0
1.134884E1,-4.430322E1,8.430053E0
1.135301E1,-4.777923E1,8.839244E0
1.135718E1,-5.012338E1,8.970016E0
1.136135E1,-5.116112E1,8.473726E0
1.136552E1,-5.130095E1,8.413841E0
1.136969E1,-5.008273E1,8.338740E0
1.137386E1,-4.791451E1,8.034553E0
1.137803E1,-4.411744E1,7.536615E0
1.138220E1,-3.968158E1,7.543803E0
1.138637E1,-3.378691E1,6.984962E0
1.139055E1,-2.703709E1,6.470389E0
1.139472E1,-1.895390E1,5.956728E0
1.139889E1,-1.021475E1,5.448810E0
1.140306E1,1.763595E-2,4.666913E0
1.140723E1,1.105713E1,3.749664E0
1.141140E1,2.279985E1,3.008813E0
1.141557E1,3.364992E1,1.653473E0
1.141974E1,4.309644E1,3.926014E-1
1.142391E1,5.068222E1,-5.423099E-1
1.142808E1,5.756075E1,-1.390604E0
1.143225E1,6.293925E1,-1.620271E0
1.143642E1,6.761632E1,-2.695172E0
1.144060E1,7.119761E1,-3.451297E0
1.144477E1,7.363563E1,-3.851777E0
1.144894E1,7.466620E1,-4.424574E0
1.145311E1,7.473052E1,-4.696072E0
1.145728E1,7.340544E1,-5.313689E0
1.146145E1,7.055253E1,-5.792041E0
1.146562E1,6.659950E1,-5.733427E0
1.146979E1,6.146549E1,-5.266893E0
1.147396E1,5.462006E1,-5.525751E0
1.147813E1,4.711143E1,-4.251425E0
1.148230E1,3.831393E1,-3.413629E0
1.148648E1,2.830610E1,-2.289035E0
1.149065E1,1.853870E1,-3.238722E-1
1.149482E1,1.008559E1,1.258766E0
1.149899E1,2.435438E0,3.143031E0
1.150316E1,-3.974450E0,4.383706E0
1.150733E1,-9.286238E0,5.864185E0
1.151150E1,-1.357835E1,7.356889E0
1.151567E1,-1.754694E1,8.606427E0
1.151984E1,-2.011434E1,9.191600E0
1.152401E1,-2.150435E1,9.950566E0
1.152818E1,-2.195840E1,9.927992E0
1.153235E1,-2.127104E1,9.756967E0
1.153652E1,-1.938235E1,9.518231E0
1.154070E1,-1.632981E1,9.064539E0
1.154487E1,-1.210742E1,8.759822E0
1.154904E1,-7.283794E0,7.684670E0
1.155321E1,-1.057848E0,6.626367E0
1.155738E1,6.324562E0,5.661050E0
1.156155E1,1.389416E1,4.045919E0
1.156572E1,2.255529E1,2.076064E0
1.156989E1,3.025697E1,4.978893E-1
1.157406E1,3.671477E1,-1.021189E0
1.157823E1,4.163981E1,-2.323342E0
1.158240E1,4.559907E1,-3.374676E0
1.158657E1,4.830370E1,-4.052027E0
1.159075E1,4.967519E1,-4.861873E0
1.159492E1,5.044433E1,-5.445555E0
1.159909E1,4.997021E1,-5.888117E0
1.160326E1,4.832118E1,-5.708457E0
1.160743E1,4.551675E1,-5.288414E0
1.161160E1,4.151754E1,-5.147272E0
1.161577E1,3.657921E1,-4.611090E0
1.161994E1,3.019162E1,-3.509178E0
1.162411E1,2.349442E1,-2.195395E0
1.162828E1,1.673626E1,-3.770693E-1
1.163245E1,1.136648E1,1.314562E0
1.163663E1,6.827706E0,3.049688E0
1.164080E1,3.742777E0,4.223569E0
1.164497E1,1.594947E0,5.552366E0
1.164914E1,2.583599E-1,6.642966E0
1.165331E1,-3.238342E-1,7.176129E0
1.165748E1,7.734517E-1,7.567614E0
1.166165E1,2.216141E0,8.076033E0
1.166582E1,5.055835E0,7.989393E0
1.166999E1,8.427113E0,7.587444E0
1.167416E1,1.288648E1,6.503408E0
1.167833E1,1.810455E1,5.514406E0
1.168250E1,2.315993E1,3.526684E0
1.168667E1,2.773412E1,1.250576E0
1.169085E1,3.119861E1,-3.682639E-1
1.169502E1,3.357045E1,-1.931521E0
1.169919E1,3.462595E1,-2.590624E0
1.170336E1,3.475238E1,-3.442713E0
1.170753E1,3.378817E1,-3.865261E0
1.171170E1,3.162581E1,-3.795578E0
1.171587E1,2.918782E1,-3.418890E0
1.172004E1,2.539729E1,-2.534677E0
1.172421E1,2.106510E1,-1.314859E0
1.172838E1,1.724422E1,4.839677E-1
1.173255E1,1.422000E1,2.519718E0
1.173672E1,1.206785E1,3.960379E0
1.174090E1,1.092609E1,5.583111E0
1.174507E1,1.080937E1,6.349006E0
1.174924E1,1.136838E1,7.178271E0
1.175341E1,1.306986E1,7.267207E0
1.175758E1,1.541957E1,6.946888E0
1.176175E1,1.826076E1,6.057568E0
1.176592E1,2.182579E1,4.114979E0
1.177009E1,2.490915E1,2.314062E0
1.177426E1,2.728971E1,3.636234E-1
1.177843E1,2.844137E1,-1.171709E0
1.178260E1,2.867323E1,-2.652623E0
1.178678E1,2.830934E1,-3.087371E0
1.179095E1,2.672610E1,-3.730475E0
1.179512E1,2.467324E1,-3.427658E0
1.179929E1,2.198896E1,-2.228951E0
1.180346E1,1.905560E1,-8.619321E-2
1.180763E1,1.653365E1,2.148964E0
1.181180E1,1.516596E1,4.873423E0
1.181597E1,1.421369E1,6.816818E0
1.182014E1,1.409437E1,8.357119E0
1.182431E1,1.497400E1,8.889184E0
1.182848E1,1.664975E1,8.744819E0
1.183265E1,1.827545E1,8.263899E0
1.183683E1,2.041298E1,6.739382E0
1.184100E1,2.266124E1,3.866292E0
1.184517E1,2.400077E1,5.601296E-1
1.184934E1,2.440348E1,-1.771547E0
1.185351E1,2.428604E1,-3.670286E0
1.185768E1,2.376451E1,-5.088760E0
1.186185E1,2.275701E1,-5.366686E0
1.186602E1,2.153079E1,-4.938446E0
1.187019E1,2.016436E1,-2.586625E0
1.187436E1,1.896614E1,-1.296793E-1
1.187853E1,1.822757E1,2.947797E0
1.188270E1,1.817626E1,5.595059E0
1.188687E1,1.856986E1,7.338851E0
1.189105E1,1.930161E1,9.064857E0
1.189522E1,2.022291E1,9.403567E0
1.189939E1,2.103746E1,8.503579E0
1.190356E1,2.166144E1,6.515885E0
1.190773E1,2.196475E1,3.896295E0
1.191190E1,2.138413E1,1.129429E0
1.191607E1,2.059988E1,-1.686529E0
1.192024E1,1.972768E1,-3.332167E0
1.192441E1,1.887012E1,-4.232681E0
1.192858E1,1.792971E1,-3.893863E0
1.193275E1,1.729427E1,-2.510619E0
1.193692E1,1.707738E1,-7.338163E-1
1.194110E1,1.783892E1,1.046421E0
1.194527E1,1.939829E1,3.722922E0
1.194944E1,2.114842E1,5.439003E0
1.195361E1,2.268642E1,6.133936E0
1.195778E1,2.391277E1,6.380592E0
1.196195E1,2.458365E1,5.518667E0
1.196612E1,2.435068E1,4.603570E0
1.197029E1,2.314952E1,2.890985E0
1.197446E1,2.147511E1,9.126818E-1
1.197863E1,1.930098E1,-2.400424E-1
1.198280E1,1.714742E1,-7.587659E-1
1.198698E1,1.588768E1,-6.475431E-1
1.199115E1,1.545347E1,-2.987594E-1
1.199532E1,1.570974E1,1.535823E-1
1.199949E1,1.699763E1,7.547793E-1
1.200366E1,1.894914E1,1.490914E0
1.200783E1,2.138250E1,2.642696E0
1.201200E1,2.316818E1,3.266730E0
1.201617E1,2.413161E1,4.277609E0
1.202034E1,2.443757E1,4.688569E0
1.202451E1,2.380369E1,4.319861E0
1.202868E1,2.212490E1,4.031969E0
1.203285E1,2.038190E1,3.312323E0
1.203702E1,1.811980E1,1.774454E0
1.204120E1,1.667022E1,7.722372E-1
1.204537E1,1.593926E1,4.619096E-1
1.204954E1,1.605821E1,-2.760616E-1
1.205371E1,1.684116E1,-5.699617E-1
1.205788E1,1.820678E1,-4.440816E-3
1.206205E1,1.986726E1,6.621629E-1
1.206622E1,2.126481E1,2.461701E0
1.207039E1,2.202839E1,3.901545E0
1.207456E1,2.189931E1,5.191486E0
1.207873E1,2.181505E1,5.521489E0
1.208290E1,2.070551E1,5.181035E0
1.208708E1,1.933885E1,4.510757E0
1.209125E1,1.849356E1,2.783848E0
1.209542E1,1.807706E1,7.052129E-1
1.209959E1,1.820923E1,-6.132093E-1
1.210376E1,1.874475E1,-1.374124E0
1.210793E1,1.902671E1,-1.209436E0
1.211210E1,1.965163E1,-2.020396E-1
1.211627E1,1.986812E1,1.602072E0
1.212044E1,1.998757E1,3.503702E0
1.212461E1,2.015642E1,4.809892E0
1.212878E1,2.000885E1,5.684734E0
1.213295E1,1.969761E1,5.409894E0
1.213712E1,1.958152E1,4.081479E0
1.214130E1,1.969926E1,2.473350E0
1.214547E1,1.996935E1,7.644523E-1
1.214964E1,2.003770E1,-4.834421E-1
1.215381E1,2.004215E1,-1.199939E0
1.215798E1,1.964170E1,-8.742534E-1
1.216215E1,1.950060E1,5.675076E-1
1.216632E1,1.915415E1,1.691337E0
1.217049E1,1.923056E1,3.456416E0
1.217466E1,1.982100E1,4.435791E0
1.217883E1,2.069892E1,4.563775E0
1.218300E1,2.089519E1,4.139180E0
1.218717E1,2.090970E1,3.414740E0
1.219135E1,2.043331E1,1.954325E0
1.219552E1,1.931410E1,6.507016E-1
1.219969E1,1.873564E1,-1.981454E-1
1.220386E1,1.856195E1,-4.536188E-1
1.220803E1,1.864686E1,9.461755E-2
1.221220E1,1.930700E1,1.248345E0
1.221637E1,2.006406E1,2.372312E0
1.222054E1,2.094416E1,3.306355E0
1.222471E1,2.125921E1,4.158118E0
1.222888E1,2.102346E1,4.208154E0
1.223305E1,2.066635E1,3.423124E0
1.223723E1,1.973409E1,2.504105E0
1.224140E1,1.921785E1,1.723850E0
1.224557E1,1.889928E1,6.374070E-1
1.224974E1,1.912315E1,5.615997E-1
1.225391E1,1.934515E1,7.771332E-1
1.225808E1,1.965099E1,1.381051E0
1.226225E1,2.016945E1,2.621046E0
1.226642E1,2.053955E1,3.360826E0
1.227059E1,2.073412E1,3.871298E0
1.227476E1,2.057470E1,3.655074E0
1.227893E1,2.026879E1,3.087376E0
1.228310E1,1.971572E1,2.074998E0
1.228727E1,1.967946E1,1.124618E0
1.229145E1,1.991347E1,7.270419E-1
1.229562E1,1.976756E1,7.749338E-1
1.229979E1,1.972044E1,1.139551E0
1.230396E1,2.000255E1,2.339111E0
1.230813E1,2.037850E1,3.384065E0
1.231230E1,2.101524E1,3.732998E0
1.231647E1,2.088454E1,3.561831E0
1.232064E1,2.082482E1,2.885752E0
1.232481E1,2.027292E1,2.265810E0
1.232898E1,1.977567E1,1.539833E0
1.233315E1,1.963290E1,1.033395E0
1.233732E1,1.961912E1,1.128757E0
1.234150E1,2.000283E1,1.765611E0
1.234567E1,2.030624E1,2.421282E0
1.234984E1,2.082424E1,2.986100E0
1.235401E1,2.095042E1,3.230796E0
1.235818E1,2.082895E1,3.364282E0
1.236235E1,2.030672E1,3.416155E0
1.236652E1,2.028148E1,2.737803E0
1.237069E1,1.990112E1,1.903361E0
1.237486E1,1.988545E1,1.467223E0
1.237903E1,2.000875E1,1.600145E0
1.238320E1,1.995402E1,2.025344E0
1.238738E1,2.043268E1,2.836928E0
1.239155E1,2.061976E1,3.125318E0
1.239572E1,2.073470E1,3.438354E0
1.239989E1,2.065303E1,3.218127E0
1.240406E1,2.060632E1,2.519767E0
1.240823E1,2.028607E1,2.260565E0
1.241240E1,2.010103E1,1.845675E0
1.241657E1,2.009398E1,1.909542E0
1.242074E1,2.027473E1,1.927723E0
1.242491E1,2.033723E1,2.552112E0
1.242908E1,2.046666E1,2.972418E0
1.243325E1,2.030750E1,3.324424E0
1.243742E1,2.026894E1,3.449615E0
1.244160E1,1.999494E1,2.903561E0
1.244577E1,1.993334E1,2.168325E0
1.244994E1,1.992711E1,1.975421E0
1.245411E1,1.992790E1,1.639394E0
1.245828E1,2.011317E1,1.760105E0
1.246245E1,1.995508E1,2.345668E0
1.246662E1,2.015373E1,2.795372E0
1.247079E1,2.014559E1,3.060286E0
1.247496E1,2.021265E1,3.003038E0
1.247913E1,1.994316E1,2.650225E0
1.248330E1,1.993350E1,2.303839E0
1.248747E1,1.979566E1,1.966531E0
1.249165E1,1.985555E1,1.851906E0
1.249582E1,1.981094E1,2.055331E0
1.249999E1,2.015538E1,2.483089E0
1.250416E1,2.022006E1,2.680461E0
1.250833E1,2.014112E1,2.757776E0
1.251250E1,2.005369E1,2.564115E0
1.251667E1,1.998501E1,2.314152E0
1.252084E1,1.980864E1,2.217236E0
1.252501E1,1.979428E1,2.078843E0
1.252918E1,1.989613E1,2.229525E0
1.253335E1,1.986660E1,2.266472E0
1.253753E1,2.009054E1,2.704651E0
1.254170E1,2.019855E1,2.852275E0
1.254587E1,2.007742E1,2.528320E0
1.255004E1,2.004981E1,2.518532E0
1.255421E1,1.991446E1,2.241928E0
1.255838E1,1.972479E1,2.235754E0
1.256255E1,1.982010E1,2.479265E0
1.256672E1,1.998198E1,2.455998E0
1.257089E1,2.004408E1,2.768653E0
1.257506E1,2.016776E1,2.696644E0
1.257923E1,2.004304E1,2.956340E0
1.258340E1,1.996766E1,2.508934E0
1.258758E1,1.999797E1,2.563069E0
1.259175E1,1.984651E1,2.195258E0
1.259592E1,1.981814E1,2.201017E0
1.260009E1,1.998382E1,2.353217E0
1.260426E1,1.998450E1,2.531042E0
1.260843E1,2.007390E1,2.579250E0
1.261260E1,2.002839E1,2.806716E0
1.261677E1,2.002307E1,2.503117E0
1.262094E1,1.997390E1,2.482026E0
1.262511E1,1.995220E1,2.527216E0
1.262928E1,1.991598E1,2.330363E0
1.263345E1,2.000824E1,2.566652E0
1.263762E1,2.001536E1,2.611350E0
1.264180E1,2.003647E1,2.585853E0
1.264597E1,1.998971E1,2.538475E0
1.265014E1,1.993885E1,2.306876E0
1.265431E1,1.994170E1,2.505457E0
1.265848E1,1.990110E1,2.337297E0
1.266265E1,1.990353E1,2.372088E0
1.266682E1,2.007061E1,2.501800E0
1.267099E1,1.997178E1,2.604299E0
1.267516E1,2.011266E1,2.617326E0
1.267933E1,1.998395E1,2.452515E0
1.268350E1,2.010920E1,2.386325E0
1.268767E1,1.987501E1,2.457313E0
1.269185E1,1.992161E1,2.427246E0
1.269602E1,1.999314E1,2.543443E0
1.270019E1,1.996212E1,2.426517E0
1.270436E1,2.007102E1,2.494010E0
1.270853E1,2.011824E1,2.603655E0
1.271270E1,1.995010E1,2.589197E0
1.271687E1,1.993666E1,2.279458E0
1.272104E1,1.991100E1,2.371149E0
1.272521E1,1.997426E1,2.395022E0
1.272938E1,1.994503E1,2.525468E0
1.273355E1,2.002618E1,2.585837E0
1.273773E1,1.993045E1,2.451211E0
1.274190E1,1.993602E1,2.599414E0
1.274607E1,1.988656E1,2.347423E0
1.275024E1,2.000818E1,2.644663E0
1.275441E1,1.992309E1,2.522805E0
1.275858E1,1.994175E1,2.534048E0
1.276275E1,1.996664E1,2.550542E0
1.276692E1,2.000461E1,2.475606E0
1.277109E1,2.002474E1,2.466110E0
1.277526E1,1.994105E1,2.641078E0
1.277943E1,1.991525E1,2.637868E0
1.278360E1,2.002131E1,2.542673E0
1.278777E1,2.003466E1,2.502146E0
1.279195E1,1.983772E1,2.424746E0
1.279612E1,2.007063E1,2.740681E0
1.280029E1,2.002216E1,2.459106E0
1.280446E1,2.005385E1,2.565443E0
1.280863E1,2.002756E1,2.428624E0
1.281280E1,2.003733E1,2.463483E0
1.281697E1,2.000449E1,2.513408E0
1.282114E1,2.000961E1,2.564462E0
1.282531E1,2.001702E1,2.515027E0
1.282948E1,1.999109E1,2.603438E0
1.283365E1,1.999110E1,2.570525E0
1.283783E1,1.998322E1,2.539064E0
1.284200E1,1.994524E1,2.349676E0
1.284617E1,2.002079E1,2.558000E0
1.285034E1,1.999971E1,2.568658E0
1.285451E1,1.990325E1,2.491954E0
1.285868E1,1.994405E1,2.542562E0
1.286285E1,1.996776E1,2.620393E0
1.286702E1,1.996933E1,2.547697E0
1.287119E1,2.002121E1,2.499976E0
1.287536E1,1.995605E1,2.396548E0
1.287953E1,2.002725E1,2.563819E0
1.288370E1,1.983089E1,2.378373E0
1.288787E1,2.004171E1,2.480123E0
1.289205E1,1.996023E1,2.505440E0
1.289622E1,1.999082E1,2.454895E0
1.290039E1,2.007000E1,2.472274E0
1.290456E1,1.995417E1,2.473567E0
1.290873E1,1.984468E1,2.426822E0
1.291290E1,1.984914E1,2.402403E0
1.291707E1,2.009308E1,2.411066E0
1.292124E1,2.006844E1,2.529006E0
1.292541E1,2.006936E1,2.624033E0
1.292958E1,1.997257E1,2.499152E0
1.293375E1,1.995793E1,2.443390E0
1.293793E1,2.005052E1,2.651090E0
1.294210E1,1.997105E1,2.607156E0
1.294627E1,2.007068E1,2.629415E0
1.295044E1,1.998973E1,2.533891E0
1.295461E1,1.997193E1,2.560969E0
1.295878E1,1.999232E1,2.552847E0
1.296295E1,1.998162E1,2.515167E0
1.296712E1,2.001332E1,2.530500E0
1.297129E1,1.986870E1,2.578222E0
1.297546E1,2.001946E1,2.237531E0
1.297963E1,1.993981E1,2.524574E0
1.298380E1,1.988601E1,2.303097E0
1.298798E1,1.994113E1,2.572462E0
1.299215E1,2.003706E1,2.295248E0
1.299632E1,1.984562E1,2.614153E0
1.300049E1,1.989865E1,2.497583E0
1.300466E1,2.001531E1,2.461321E0
1.300883E1,2.003165E1,2.567289E0
1.301300E1,2.008538E1,2.510482E0
1.301717E1,2.001472E1,2.571936E0
1.302134E1,2.000926E1,2.556547E0
1.302551E1,2.003747E1,2.439771E0
1.302968E1,1.998889E1,2.453744E0
1.303385E1,1.994334E1,2.425887E0
1.303802E1,2.000168E1,2.509996E0
1.304220E1,2.002397E1,2.601165E0
1.304637E1,2.006653E1,2.606012E0
1.305054E1,1.996898E1,2.580365E0
1.305471E1,1.996742E1,2.602773E0
1.305888E1,2.000989E1,2.576330E0
1.306305E1,1.995498E1,2.304909E0
1.306722E1,2.003892E1,2.299336E0
1.307139E1,1.993132E1,2.595429E0
1.307556E1,2.006135E1,2.472567E0
1.307973E1,1.999541E1,2.382407E0
1.308390E1,1.995156E1,2.563099E0
1.308807E1,1.997250E1,2.618903E0
1.309225E1,2.001021E1,2.296845E0
1.309642E1,1.992391E1,2.517402E0
1.310059E1,2.003105E1,2.441364E0
1.310476E1,2.005102E1,2.532062E0
1.310893E1,2.003713E1,2.553817E0
1.311310E1,2.011587E1,2.579990E0
1.311727E1,2.002661E1,2.496070E0
1.312144E1,1.999778E1,2.532164E0
1.312561E1,2.004814E1,2.570064E0
1.312978E1,1.986715E1,2.507900E0
1.313395E1,2.004881E1,2.536815E0
1.313813E1,1.998086E1,2.682158E0
1.314230E1,2.006099E1,2.618338E0
1.314647E1,1.993245E1,2.488077E0
1.315064E1,1.994616E1,2.409151E0
1.315481E1,2.004315E1,2.675019E0
1.315898E1,1.992506E1,2.389716E0
1.316315E1,2.006611E1,2.498005E0
1.316732E1,1.987725E1,2.526893E0
1.317149E1,1.998762E1,2.464265E0
1.317566E1,2.002191E1,2.423690E0
1.317983E1,2.000751E1,2.476639E0
1.318400E1,1.998997E1,2.588123E0
1.318818E1,1.999192E1,2.493079E0
1.319235E1,1.992458E1,2.509483E0
1.319652E1,1.993927E1,2.285085E0
1.320069E1,1.998343E1,2.458211E0
1.320486E1,2.002467E1,2.553370E0
1.320903E1,1.995025E1,2.503304E0
1.321320E1,2.000994E1,2.472492E0
1.321737E1,1.991718E1,2.490794E0
1.322154E1,1.998515E1,2.681503E0
1.322571E1,1.994224E1,2.631076E0
1.322988E1,2.001102E1,2.552645E0
1.323405E1,1.981063E1,2.567846E0
1.323822E1,2.007271E1,2.461077E0
1.324240E1,1.990878E1,2.395981E0
1.324657E1,2.003342E1,2.549574E0
1.325074E1,1.992669E1,2.557326E0
1.325491E1,1.998306E1,2.486714E0
1.325908E1,2.000942E1,2.506045E0
1.326325E1,1.995289E1,2.380168E0
1.326742E1,1.995523E1,2.476821E0
1.327159E1,2.004174E1,2.562226E0
1.327576E1,1.995293E1,2.555081E0
1.327993E1,1.994369E1,2.451298E0
1.328410E1,1.992333E1,2.476221E0
1.328828E1,1.986408E1,2.538577E0
1.329245E1,1.994840E1,2.617191E0
1.329662E1,1.996108E1,2.402348E0
1.330079E1,1.998191E1,2.422361E0
1.330496E1,2.006897E1,2.445841E0
1.330913E1,1.992557E1,2.460782E0
1.331330E1,2.010592E1,2.638270E0
1.331747E1,2.004229E1,2.417804E0
1.332164E1,2.001386E1,2.596721E0
1.332581E1,2.002803E1,2.410003E0
1.332998E1,2.002481E1,2.503151E0
1.333415E1,2.000218E1,2.460468E0
1.333833E1,2.003388E1,2.694549E0
1.334250E1,2.000828E1,2.695358E0
1.334667E1,1.990452E1,2.511901E0
1.335084E1,1.994717E1,2.464676E0
1.335501E1,1.992542E1,2.642127E0
1.335918E1,2.000081E1,2.790093E0
1.336335E1,2.004466E1,2.722954E0
1.336752E1,2.003824E1,2.617104E0
1.337169E1,1.999394E1,2.456237E0
1.337586E1,1.999706E1,2.760549E0
1.338003E1,2.006732E1,2.665565E0
1.338420E1,2.006212E1,2.592949E0
1.338837E1,2.001077E1,2.754299E0
1.339255E1,1.991772E1,2.628620E0
1.339672E1,2.005811E1,2.589144E0
1.340089E1,1.997806E1,2.962553E0
1.340506E1,1.998982E1,2.635843E0
1.340923E1,2.003204E1,2.819888E0
1.341340E1,1.994417E1,2.470856E0
1.341757E1,2.001593E1,2.668752E0
1.342174E1,2.004491E1,2.540267E0
1.342591E1,1.989689E1,2.574901E0
1.343008E1,1.998336E1,2.622390E0
1.343425E1,2.001164E1,2.761019E0
1.343843E1,2.003930E1,2.736914E0
1.344260E1,1.998901E1,2.634545E0
1.344677E1,1.989440E1,2.483670E0
1.345094E1,1.996765E1,2.596931E0
1.345511E1,1.999398E1,2.880123E0
1.345928E1,1.995824E1,2.660498E0
1.346345E1,1.994538E1,2.748799E0
1.346762E1,1.991036E1,2.612984E0
1.347179E1,2.005286E1,2.781102E0
1.347596E1,2.000546E1,2.811233E0
1.348013E1,2.006742E1,2.688538E0
1.348430E1,1.998367E1,2.622182E0
1.348848E1,2.007015E1,2.910252E0
1.349265E1,2.000708E1,2.731614E0
1.349682E1,2.007754E1,2.722370E0
1.350099E1,1.998227E1,2.658715E0
1.350516E1,1.994817E1,2.807183E0
1.350933E1,2.004202E1,2.809303E0
1.351350E1,1.996669E1,2.821084E0
1.351767E1,1.997622E1,2.799676E0
1.352184E1,1.996581E1,2.710802E0
1.352601E1,1.996362E1,2.938901E0
1.353018E1,1.998894E1,2.652867E0
1.353435E1,2.002193E1,2.925222E0
1.353852E1,1.995247E1,2.734372E0
1.354270E1,1.981464E1,2.417157E0
1.354687E1,1.987800E1,2.571607E0
1.355104E1,1.990894E1,2.754039E0
1.355521E1,1.992227E1,2.880974E0
1.355938E1,1.989375E1,2.748147E0
1.356355E1,1.986513E1,2.858838E0
1.356772E1,1.988382E1,2.676594E0
1.357189E1,2.000489E1,2.963853E0
1.357606E1,1.991659E1,2.850115E0
1.358023E1,1.986496E1,2.791548E0
1.358440E1,1.959913E1,3.080595E0
1.358858E1,1.971932E1,2.428396E0
1.359275E1,1.965961E1,2.319776E0
1.359692E1,1.960552E1,2.124213E0
1.360109E1,1.962246E1,1.401067E0
1.360526E1,1.897586E1,1.339493E0
1.360943E1,1.889314E1,-2.112513E-1
1.361360E1,1.799654E1,-8.277791E-1
1.361777E1,1.778320E1,-1.930571E0
1.362194E1,1.750796E1,-2.125489E0
1.362611E1,1.687436E1,-2.855149E0
1.363028E1,1.717405E1,-3.074833E0
1.363445E1,1.694202E1,-3.347238E0
1.363862E1,1.717302E1,-3.021774E0
1.364280E1,1.659223E1,-1.966409E0
1.364697E1,1.674671E1,1.695788E-2
1.365114E1,1.726406E1,2.566903E0
1.365531E1,1.812948E1,4.751186E0
1.365948E1,1.870734E1,7.335468E0
1.366365E1,1.921377E1,9.853767E0
1.366782E1,1.904692E1,1.057954E1
1.367199E1,1.880385E1,1.237198E1
1.367616E1,1.879740E1,1.549839E1
1.368033E1,1.794687E1,2.023978E1
1.368450E1,1.729044E1,2.563699E1
1.368868E1,1.708643E1,2.966005E1
1.369285E1,1.648843E1,3.279187E1
1.369702E1,1.589439E1,3.329260E1
1.370119E1,1.582636E1,3.219685E1
1.370536E1,1.688330E1,2.857260E1
1.370953E1,1.689926E1,2.445639E1
1.371370E1,1.681861E1,2.025296E1
1.371787E1,1.786086E1,1.554007E1
1.372204E1,1.766669E1,1.318373E1
1.372621E1,1.786103E1,1.345473E1
1.373038E1,1.815571E1,1.289996E1
1.373455E1,1.787893E1,1.251370E1
1.373873E1,1.742402E1,1.261826E1
1.374290E1,1.704317E1,1.151395E1
1.374707E1,1.653809E1,1.115600E1
1.375124E1,1.659071E1,1.119878E1
1.375541E1,1.681918E1,1.143660E1
1.375958E1,1.701465E1,1.163366E1
1.376375E1,1.667293E1,1.211959E1
1.376792E1,1.732882E1,1.281506E1
1.377209E1,1.687264E1,1.318136E1
1.377626E1,1.743453E1,1.382337E1
1.378043E1,1.773054E1,1.363294E1
1.378460E1,1.785572E1,1.365782E1
1.378877E1,1.698635E1,1.426810E1
1.379295E1,1.700230E1,1.427547E1
1.379712E1,1.691207E1,1.445055E1
1.380129E1,1.690227E1,1.439680E1
1.380546E1,1.695128E1,1.449209E1
1.380963E1,1.683364E1,1.442090E1
1.381380E1,1.673499E1,1.429675E1
1.381797E1,1.655398E1,1.419523E1
1.382214E1,1.653690E1,1.411071E1
1.382631E1,1.655999E1,1.416254E1
1.383048E1,1.649909E1,1.459649E1
1.383465E1,1.626346E1,1.447450E1
1.383882E1,1.617022E1,1.439491E1
1.384300E1,1.601944E1,1.439977E1
1.384717E1,1.592829E1,1.432070E1
1.385134E1,1.593895E1,1.434688E1
1.385551E1,1.578058E1,1.426882E1
1.385968E1,1.649771E1,1.396556E1
1.386385E1,1.579929E1,1.346559E1
1.386802E1,1.620873E1,1.278170E1
