,mass A,,
t,x,y,
0.000000E0,-3.042817E2,0.000000E0
4.170833E-3,-3.086038E2,-2.428245E0
8.341667E-3,-3.114627E2,-5.555796E0
1.251250E-2,-3.141574E2,-7.715887E0
1.668333E-2,-3.153628E2,-1.055810E1
2.085417E-2,-3.162923E2,-1.311246E1
2.502500E-2,-3.161958E2,-1.528927E1
2.919583E-2,-3.146537E2,-1.836826E1
3.336667E-2,-3.123852E2,-2.058377E1
3.753750E-2,-3.094481E2,-2.328558E1
4.170833E-2,-3.052847E2,-2.590299E1
4.587917E-2,-3.003163E2,-2.830163E1
5.005000E-2,-2.940788E2,-3.033258E1
5.422083E-2,-2.859924E2,-3.260245E1
5.839167E-2,-2.776650E2,-3.525540E1
6.256250E-2,-2.679940E2,-3.700683E1
6.673333E-2,-2.562544E2,-3.910830E1
7.090417E-2,-2.428989E2,-4.052099E1
7.507500E-2,-2.293095E2,-4.250173E1
7.924583E-2,-2.131284E2,-4.346553E1
8.341667E-2,-1.980797E2,-4.370108E1
8.758750E-2,-1.798464E2,-4.366020E1
9.175833E-2,-1.585015E2,-4.396155E1
9.592917E-2,-1.395981E2,-4.292035E1
1.001000E-1,-1.188587E2,-4.194842E1
1.042708E-1,-7.473587E1,-4.092678E1
1.084417E-1,-4.779658E1,-3.821885E1
1.126125E-1,-1.756713E1,-3.512324E1
1.167833E-1,1.363743E1,-3.044606E1
1.209542E-1,4.227765E1,-2.597704E1
1.251250E-1,6.960431E1,-2.069598E1
1.292958E-1,9.656586E1,-1.468942E1
1.334667E-1,1.218799E2,-9.719707E0
1.376375E-1,1.460606E2,-3.903438E0
1.418083E-1,1.724305E2,2.418161E0
1.459792E-1,1.923621E2,9.853345E0
1.501500E-1,2.140935E2,1.580327E1
1.543208E-1,2.318052E2,2.188599E1
1.584917E-1,2.466694E2,3.002042E1
1.626625E-1,2.599546E2,3.582629E1
1.668333E-1,2.713921E2,4.240635E1
1.710042E-1,2.812819E2,4.866885E1
1.751750E-1,2.891802E2,5.398293E1
1.793458E-1,2.952855E2,5.967573E1
1.835167E-1,3.009558E2,6.422518E1
1.876875E-1,3.050209E2,6.811517E1
1.918583E-1,3.081427E2,7.206502E1
1.960292E-1,3.100890E2,7.577583E1
2.002000E-1,3.113679E2,7.856194E1
2.043708E-1,3.110807E2,8.100067E1
2.085417E-1,3.102743E2,8.298572E1
2.127125E-1,3.080722E2,8.463810E1
2.168833E-1,3.053041E2,8.601789E1
2.210542E-1,3.013988E2,8.685210E1
2.252250E-1,2.963706E2,8.708894E1
2.293958E-1,2.899110E2,8.695402E1
2.335667E-1,2.817026E2,8.695604E1
2.377375E-1,2.728191E2,8.576593E1
2.419083E-1,2.615234E2,8.496873E1
2.460792E-1,2.494556E2,8.228495E1
2.502500E-1,2.346213E2,8.041519E1
2.544208E-1,2.169245E2,7.767532E1
2.585917E-1,1.984605E2,7.533381E1
2.627625E-1,1.762406E2,7.287762E1
2.669333E-1,1.541912E2,6.420865E1
2.711042E-1,1.314759E2,5.972212E1
2.752750E-1,1.070459E2,5.359655E1
2.794458E-1,8.082976E1,4.867912E1
2.836167E-1,5.540511E1,3.935628E1
2.877875E-1,2.726157E1,3.127332E1
2.919583E-1,-1.124488E0,2.198817E1
2.961292E-1,-2.902450E1,1.196990E1
3.003000E-1,-5.403522E1,3.045645E0
3.044708E-1,-7.806457E1,-6.231801E0
3.086417E-1,-1.002080E2,-1.532450E1
3.128125E-1,-1.211255E2,-2.331700E1
3.169833E-1,-1.409656E2,-3.216536E1
3.211542E-1,-1.592069E2,-3.940519E1
3.253250E-1,-1.766863E2,-4.496976E1
3.294958E-1,-1.910603E2,-5.219771E1
3.336667E-1,-2.046373E2,-6.009332E1
3.378375E-1,-2.166912E2,-6.629966E1
3.420083E-1,-2.268032E2,-7.321044E1
3.461792E-1,-2.361770E2,-7.874163E1
3.503500E-1,-2.437417E2,-8.436654E1
3.545208E-1,-2.499093E2,-8.883949E1
3.586917E-1,-2.553589E2,-9.402298E1
3.628625E-1,-2.595293E2,-9.885994E1
3.670333E-1,-2.625904E2,-1.022718E2
3.712042E-1,-2.649177E2,-1.056951E2
3.753750E-1,-2.664356E2,-1.091260E2
3.795458E-1,-2.656719E2,-1.113083E2
3.837167E-1,-2.653648E2,-1.142395E2
3.878875E-1,-2.648312E2,-1.157773E2
3.920583E-1,-2.625120E2,-1.175191E2
3.962292E-1,-2.588047E2,-1.186028E2
4.004000E-1,-2.551202E2,-1.197735E2
4.045708E-1,-2.495911E2,-1.200722E2
4.087417E-1,-2.439409E2,-1.203089E2
4.129125E-1,-2.371428E2,-1.197916E2
4.170833E-1,-2.288375E2,-1.186318E2
4.212542E-1,-2.193440E2,-1.165058E2
4.254250E-1,-2.089759E2,-1.145950E2
4.295958E-1,-1.978661E2,-1.112537E2
4.337667E-1,-1.847582E2,-1.076471E2
4.379375E-1,-1.706695E2,-1.031884E2
4.421083E-1,-1.528548E2,-1.003466E2
4.462792E-1,-1.348310E2,-9.407916E1
4.504500E-1,-1.162523E2,-8.749774E1
4.546208E-1,-9.690890E1,-7.929222E1
4.587917E-1,-7.513111E1,-7.020630E1
4.629625E-1,-5.299382E1,-5.964770E1
4.671333E-1,-2.918233E1,-4.741125E1
4.713042E-1,-5.030152E0,-3.371945E1
4.754750E-1,1.897603E1,-1.932680E1
4.796458E-1,4.122380E1,-2.951489E0
4.838167E-1,6.295441E1,1.233825E1
4.879875E-1,8.353139E1,2.720780E1
4.921583E-1,1.023707E2,4.143259E1
4.963292E-1,1.225371E2,5.504384E1
5.005000E-1,1.410376E2,6.890192E1
5.046708E-1,1.581991E2,8.115290E1
5.088417E-1,1.738660E2,9.306977E1
5.130125E-1,1.882406E2,1.046209E2
5.171833E-1,2.008081E2,1.159562E2
5.213542E-1,2.105897E2,1.240486E2
5.255250E-1,2.197101E2,1.334879E2
5.296958E-1,2.270579E2,1.412839E2
5.338667E-1,2.334265E2,1.479378E2
5.380375E-1,2.383985E2,1.538529E2
5.422083E-1,2.417342E2,1.594555E2
5.463792E-1,2.446141E2,1.540935E2
5.505500E-1,2.458859E2,1.579594E2
5.547208E-1,2.464519E2,1.608855E2
5.588917E-1,2.461657E2,1.634334E2
5.630625E-1,2.445143E2,1.651129E2
5.672333E-1,2.419233E2,1.657218E2
5.714042E-1,2.384338E2,1.664095E2
5.755750E-1,2.337507E2,1.663145E2
5.797458E-1,2.280474E2,1.650381E2
5.839167E-1,2.213948E2,1.632056E2
5.880875E-1,2.137318E2,1.613479E2
5.922583E-1,2.042164E2,1.581598E2
5.964292E-1,1.937300E2,1.540381E2
6.006000E-1,1.815726E2,1.497023E2
6.047708E-1,1.676453E2,1.430888E2
6.089417E-1,1.537692E2,1.368209E2
6.131125E-1,1.375227E2,1.289809E2
6.172833E-1,1.190130E2,1.202845E2
6.214542E-1,9.832411E1,1.095667E2
6.256250E-1,7.990695E1,9.601276E1
6.297958E-1,6.047382E1,8.228287E1
6.339667E-1,3.957249E1,6.730300E1
6.381375E-1,1.918986E1,4.935587E1
6.423083E-1,-1.821836E0,3.184810E1
6.464792E-1,-2.229689E1,1.228821E1
6.506500E-1,-4.051397E1,-7.245794E0
6.548208E-1,-5.732933E1,-2.562574E1
6.589917E-1,-8.442460E1,-3.862866E1
6.631625E-1,-9.983114E1,-5.505453E1
6.673333E-1,-1.136877E2,-7.083223E1
6.715042E-1,-1.262207E2,-8.585579E1
6.756750E-1,-1.370706E2,-9.955489E1
6.798458E-1,-1.457402E2,-1.128892E2
6.840167E-1,-1.511987E2,-1.254154E2
6.881875E-1,-1.588323E2,-1.359179E2
6.923583E-1,-1.643162E2,-1.455219E2
6.965292E-1,-1.713630E2,-1.549648E2
7.007000E-1,-1.757674E2,-1.627205E2
7.048708E-1,-1.786144E2,-1.700644E2
7.090417E-1,-1.814719E2,-1.769181E2
7.132125E-1,-1.834321E2,-1.820811E2
7.173833E-1,-1.840501E2,-1.864180E2
7.215542E-1,-1.831265E2,-1.898633E2
7.257250E-1,-1.832564E2,-1.930506E2
7.298958E-1,-1.825725E2,-1.951435E2
7.340667E-1,-1.808154E2,-1.967889E2
7.382375E-1,-1.787989E2,-1.972731E2
7.424083E-1,-1.752392E2,-1.971601E2
7.465792E-1,-1.719788E2,-1.966554E2
7.507500E-1,-1.677060E2,-1.947916E2
7.549208E-1,-1.633820E2,-1.922618E2
7.590917E-1,-1.578937E2,-1.889964E2
7.632625E-1,-1.505009E2,-1.846204E2
7.674333E-1,-1.446796E2,-1.793287E2
7.716042E-1,-1.381734E2,-1.730131E2
7.757750E-1,-1.298054E2,-1.654068E2
7.799458E-1,-1.208567E2,-1.567760E2
7.841167E-1,-1.105787E2,-1.471209E2
7.882875E-1,-9.980125E1,-1.361840E2
7.924583E-1,-8.766583E1,-1.239843E2
7.966292E-1,-7.546929E1,-1.102166E2
8.008000E-1,-6.182704E1,-9.466959E1
8.049708E-1,-3.608565E1,-8.422625E1
8.091417E-1,-2.186608E1,-6.397702E1
8.133125E-1,-6.473703E0,-4.462391E1
8.174833E-1,6.022065E0,-2.116254E1
8.216542E-1,1.766686E1,3.296662E0
8.258250E-1,2.986172E1,2.583862E1
8.299958E-1,4.252059E1,4.716176E1
8.341667E-1,5.498403E1,6.723202E1
8.383375E-1,6.661769E1,8.725232E1
8.425083E-1,7.813645E1,1.051772E2
8.466792E-1,8.908380E1,1.227128E2
8.508500E-1,9.995780E1,1.392838E2
8.550208E-1,1.098679E2,1.561245E2
8.591917E-1,1.218563E2,1.670450E2
8.633625E-1,1.284408E2,1.792803E2
8.675333E-1,1.338508E2,1.891532E2
8.717042E-1,1.403451E2,1.886900E2
8.758750E-1,1.439589E2,1.971336E2
8.800458E-1,1.465553E2,2.038023E2
8.842167E-1,1.487622E2,2.091894E2
8.883875E-1,1.503466E2,2.142007E2
8.925583E-1,1.506682E2,2.175763E2
8.967292E-1,1.507400E2,2.200885E2
9.009000E-1,1.500541E2,2.217334E2
9.050708E-1,1.487930E2,2.223882E2
9.092417E-1,1.468974E2,2.219346E2
9.134125E-1,1.440958E2,2.201296E2
9.175833E-1,1.405274E2,2.177166E2
9.217542E-1,1.364408E2,2.140814E2
9.259250E-1,1.317956E2,2.093653E2
9.300958E-1,1.260813E2,2.033225E2
9.342667E-1,1.187511E2,1.964070E2
9.384375E-1,1.122619E2,1.883925E2
9.426083E-1,1.043703E2,1.783468E2
9.467792E-1,9.550445E1,1.680518E2
9.509500E-1,8.590794E1,1.552365E2
9.551208E-1,7.262536E1,1.418286E2
9.592917E-1,5.614577E1,1.277098E2
9.634625E-1,4.458921E1,1.103553E2
9.676333E-1,3.136288E1,9.196543E1
9.718042E-1,1.882514E1,7.174441E1
9.759750E-1,6.047417E0,4.991427E1
9.801458E-1,-6.606110E0,2.680845E1
9.843167E-1,-1.895794E1,2.679031E0
9.884875E-1,-2.968392E1,-2.178975E1
9.926583E-1,-3.860480E1,-4.402522E1
9.968292E-1,-3.782030E1,-6.814937E1
1.001000E0,-4.548154E1,-8.687394E1
1.005171E0,-5.292923E1,-1.057031E2
1.009342E0,-6.041672E1,-1.230066E2
1.013513E0,-6.578255E1,-1.385782E2
1.017683E0,-7.215669E1,-1.531440E2
1.021854E0,-7.634437E1,-1.648901E2
1.026025E0,-8.065358E1,-1.767311E2
1.030196E0,-8.390149E1,-1.880562E2
1.034367E0,-8.695495E1,-1.968574E2
1.038537E0,-8.994552E1,-2.033832E2
1.042708E0,-8.961880E1,-2.124560E2
1.046879E0,-9.039959E1,-2.185513E2
1.051050E0,-9.228216E1,-2.227078E2
1.055221E0,-9.267099E1,-2.265156E2
1.059392E0,-9.298252E1,-2.292510E2
1.063562E0,-9.291527E1,-2.306598E2
1.067733E0,-9.249824E1,-2.306115E2
1.071904E0,-9.218647E1,-2.301735E2
1.076075E0,-9.084557E1,-2.286163E2
1.080246E0,-8.957378E1,-2.254274E2
1.084417E0,-8.793904E1,-2.219356E2
1.088588E0,-8.579231E1,-2.167690E2
1.092758E0,-8.360940E1,-2.101188E2
1.096929E0,-8.044247E1,-2.027556E2
1.101100E0,-7.700045E1,-1.947664E2
1.105271E0,-7.330437E1,-1.845517E2
1.109442E0,-7.005315E1,-1.742291E2
1.113612E0,-6.442830E1,-1.618530E2
1.117783E0,-6.031957E1,-1.480428E2
1.121954E0,-5.477738E1,-1.330748E2
1.126125E0,-4.786191E1,-1.167463E2
1.130296E0,-4.294575E1,-9.789017E1
1.134467E0,-3.828566E1,-7.884016E1
1.138637E0,-2.652702E1,-5.665500E1
1.142808E0,-2.843927E1,-3.078147E1
1.146979E0,-1.899849E1,-5.896681E0
1.151150E0,-8.111290E0,1.778697E1
1.155321E0,1.869036E0,4.087071E1
1.159492E0,1.197842E1,6.226927E1
1.163662E0,2.220610E1,8.230035E1
1.167833E0,3.155221E1,1.012020E2
1.172004E0,4.055811E1,1.196134E2
1.176175E0,4.940087E1,1.366495E2
1.180346E0,5.804643E1,1.526180E2
1.184517E0,6.571519E1,1.677748E2
1.188687E0,7.259580E1,1.802489E2
1.192858E0,7.910040E1,1.914203E2
1.197029E0,8.496066E1,2.011553E2
1.201200E0,8.956604E1,2.091990E2
1.205371E0,9.365244E1,2.154283E2
1.209542E0,9.762033E1,2.212565E2
1.213713E0,1.005884E2,2.252352E2
1.217883E0,1.033185E2,2.287106E2
1.222054E0,1.051951E2,2.306154E2
1.226225E0,1.057678E2,2.314634E2
1.230396E0,1.063692E2,2.312351E2
1.234567E0,1.064667E2,2.298815E2
1.238738E0,1.052967E2,2.273248E2
1.242908E0,1.044785E2,2.241565E2
1.247079E0,1.022987E2,2.191354E2
1.251250E0,9.913820E1,2.131523E2
1.255421E0,9.498573E1,2.054265E2
1.259592E0,9.037807E1,1.958036E2
1.263763E0,8.463793E1,1.851348E2
1.267933E0,7.835286E1,1.739301E2
1.272104E0,7.152800E1,1.600524E2
1.276275E0,6.349984E1,1.447506E2
1.280446E0,5.549995E1,1.289006E2
1.284617E0,4.659259E1,1.109136E2
1.288787E0,3.757516E1,9.251269E1
1.292958E0,2.778503E1,7.298242E1
1.297129E0,1.758024E1,5.148847E1
1.301300E0,6.761636E0,2.990137E1
1.305471E0,-4.613727E0,6.052616E0
1.309642E0,-1.503614E1,-1.782711E1
1.313813E0,-2.566041E1,-3.952548E1
1.317983E0,-3.555165E1,-5.955626E1
1.322154E0,-4.432253E1,-7.756650E1
1.326325E0,-5.232791E1,-9.514944E1
1.330496E0,-5.876972E1,-1.111379E2
1.334667E0,-6.525842E1,-1.259235E2
1.338838E0,-7.196976E1,-1.396538E2
1.343008E0,-7.694930E1,-1.517828E2
1.347179E0,-8.213250E1,-1.626641E2
1.351350E0,-8.631773E1,-1.721052E2
1.355521E0,-9.067925E1,-1.810935E2
1.359692E0,-9.427163E1,-1.880930E2
1.363862E0,-9.778772E1,-1.940392E2
1.368033E0,-1.003726E2,-1.988490E2
1.372204E0,-1.022670E2,-2.027635E2
1.376375E0,-1.042466E2,-2.055769E2
1.380546E0,-1.057949E2,-2.072806E2
1.384717E0,-1.064503E2,-2.077442E2
1.388888E0,-1.069791E2,-2.077540E2
1.393058E0,-1.069437E2,-2.060335E2
1.397229E0,-1.062524E2,-2.034170E2
1.401400E0,-1.052386E2,-1.996397E2
1.405571E0,-1.043875E2,-1.951383E2
1.409742E0,-1.023064E2,-1.891175E2
1.413912E0,-1.000620E2,-1.822254E2
1.418083E0,-9.728732E1,-1.742947E2
1.422254E0,-9.413287E1,-1.647156E2
1.426425E0,-9.018966E1,-1.545692E2
1.430596E0,-8.503125E1,-1.435188E2
1.434767E0,-8.020581E1,-1.302631E2
1.438937E0,-7.495157E1,-1.163764E2
1.443108E0,-6.803575E1,-1.010223E2
1.447279E0,-6.070795E1,-8.419469E1
1.451450E0,-5.259958E1,-6.522733E1
1.455621E0,-4.371989E1,-4.556159E1
1.459792E0,-3.382625E1,-2.492891E1
1.463963E0,-2.230711E1,-3.011108E0
1.468133E0,-1.115611E1,1.867136E1
1.472304E0,9.698534E-1,3.931289E1
1.476475E0,1.269522E1,5.851351E1
1.480646E0,2.307925E1,7.561361E1
1.484817E0,3.359499E1,9.292894E1
1.488987E0,4.366839E1,1.091658E2
1.493158E0,5.360362E1,1.243094E2
1.497329E0,6.345596E1,1.382030E2
1.501500E0,7.178588E1,1.505149E2
1.505671E0,8.011432E1,1.611121E2
1.509842E0,8.779257E1,1.709848E2
1.514012E0,9.426753E1,1.791672E2
1.518183E0,1.002666E2,1.859204E2
1.522354E0,1.052055E2,1.914016E2
1.526525E0,1.100009E2,1.957112E2
1.530696E0,1.132616E2,1.988527E2
1.534867E0,1.162297E2,2.008397E2
1.539037E0,1.176439E2,2.013956E2
1.543208E0,1.193014E2,2.010972E2
1.547379E0,1.198023E2,1.997452E2
1.551550E0,1.191981E2,1.969760E2
1.555721E0,1.184352E2,1.931193E2
1.559892E0,1.169296E2,1.882569E2
1.564062E0,1.139876E2,1.820290E2
1.568233E0,1.102832E2,1.743803E2
1.572404E0,1.051353E2,1.650096E2
1.576575E0,9.983835E1,1.552976E2
1.580746E0,9.393018E1,1.441287E2
1.584917E0,8.630803E1,1.315861E2
1.589087E0,7.753187E1,1.167277E2
1.593258E0,6.804732E1,1.014537E2
1.597429E0,5.799634E1,8.485467E1
1.601600E0,4.798778E1,6.725068E1
1.605771E0,3.624797E1,4.911317E1
1.609942E0,2.344332E1,3.002909E1
1.614113E0,1.095088E1,9.988325E0
1.618283E0,-3.595297E0,-9.909690E0
1.622454E0,-1.659554E1,-2.854586E1
1.626625E0,-3.156790E1,-4.507849E1
1.630796E0,-4.437515E1,-6.061226E1
1.634967E0,-5.444077E1,-7.491911E1
1.639138E0,-6.624899E1,-8.786637E1
1.643308E0,-7.684514E1,-1.004672E2
1.647479E0,-8.550423E1,-1.119444E2
1.651650E0,-9.426064E1,-1.219087E2
1.655821E0,-1.029005E2,-1.309447E2
1.659992E0,-1.100183E2,-1.386445E2
1.664163E0,-1.157204E2,-1.453544E2
1.668333E0,-1.219698E2,-1.510633E2
1.672504E0,-1.269777E2,-1.554853E2
1.676675E0,-1.314902E2,-1.592896E2
1.680846E0,-1.350742E2,-1.618054E2
1.685017E0,-1.377619E2,-1.633347E2
1.689188E0,-1.399027E2,-1.639525E2
1.693358E0,-1.412556E2,-1.637253E2
1.697529E0,-1.423184E2,-1.625543E2
1.701700E0,-1.421878E2,-1.605742E2
1.705871E0,-1.414555E2,-1.577964E2
1.710042E0,-1.398015E2,-1.538586E2
1.714213E0,-1.374431E2,-1.490811E2
1.718383E0,-1.347833E2,-1.434717E2
1.722554E0,-1.308055E2,-1.370490E2
1.726725E0,-1.260242E2,-1.295626E2
1.730896E0,-1.200682E2,-1.211881E2
1.735067E0,-1.142120E2,-1.120227E2
1.739237E0,-1.067118E2,-1.016869E2
1.743408E0,-9.864227E1,-9.059242E1
1.747579E0,-8.985484E1,-7.829699E1
1.751750E0,-7.929729E1,-6.511635E1
1.755921E0,-6.704303E1,-5.098241E1
1.760092E0,-5.404636E1,-3.533925E1
1.764263E0,-3.093527E1,-2.330587E1
1.768433E0,-1.653667E1,-6.243314E0
1.772604E0,-8.298570E0,1.445242E1
1.776775E0,7.686053E0,3.015704E1
1.780946E0,2.236519E1,4.450899E1
1.785117E0,3.701280E1,5.779589E1
1.789288E0,5.097490E1,6.982036E1
1.793458E0,6.396225E1,8.039617E1
1.797629E0,7.734128E1,9.060925E1
1.801800E0,8.925272E1,1.008759E2
1.805971E0,1.005934E2,1.098032E2
1.810142E0,1.105681E2,1.178260E2
1.814312E0,1.188320E2,1.242898E2
1.818483E0,1.272848E2,1.299000E2
1.822654E0,1.345371E2,1.347243E2
1.826825E0,1.396662E2,1.377635E2
1.830996E0,1.444279E2,1.406996E2
1.835167E0,1.476772E2,1.420221E2
1.839338E0,1.502072E2,1.428151E2
1.843508E0,1.511970E2,1.421390E2
1.847679E0,1.513058E2,1.409483E2
1.851850E0,1.506146E2,1.388178E2
1.856021E0,1.486892E2,1.358419E2
1.860192E0,1.455067E2,1.319648E2
1.864362E0,1.412762E2,1.269304E2
1.868533E0,1.357535E2,1.207880E2
1.872704E0,1.290973E2,1.143956E2
1.876875E0,1.211754E2,1.063355E2
1.881046E0,1.120074E2,9.735153E1
1.885217E0,1.022355E2,8.800065E1
1.889387E0,9.002786E1,7.690802E1
1.893558E0,7.713097E1,6.541912E1
1.897729E0,6.399330E1,5.341543E1
1.901900E0,4.921051E1,4.057934E1
1.906071E0,3.311410E1,2.732168E1
1.910242E0,1.663062E1,1.372400E1
1.914413E0,-8.906936E-1,-8.794453E-2
1.918583E0,-1.845781E1,-1.334963E1
1.922754E0,-3.600189E1,-2.487058E1
1.926925E0,-5.187684E1,-3.602330E1
1.931096E0,-6.537782E1,-4.530440E1
1.935267E0,-8.012884E1,-5.449528E1
1.939437E0,-9.187313E1,-6.308895E1
1.943608E0,-1.029879E2,-7.017587E1
1.947779E0,-1.132703E2,-7.729996E1
1.951950E0,-1.244929E2,-8.369586E1
1.956121E0,-1.326997E2,-8.924216E1
1.960292E0,-1.412487E2,-9.368320E1
1.964463E0,-1.478538E2,-9.781016E1
1.968633E0,-1.539193E2,-1.009505E2
1.972804E0,-1.573393E2,-1.032286E2
1.976975E0,-1.611387E2,-1.050961E2
1.981146E0,-1.634633E2,-1.060478E2
1.985317E0,-1.651644E2,-1.063290E2
1.989487E0,-1.654533E2,-1.059238E2
1.993658E0,-1.651142E2,-1.047176E2
1.997829E0,-1.635860E2,-1.031888E2
2.002000E0,-1.615666E2,-1.009860E2
2.006171E0,-1.579029E2,-9.778855E1
2.010342E0,-1.532995E2,-9.431149E1
2.014512E0,-1.482326E2,-8.976624E1
2.018683E0,-1.411937E2,-8.463176E1
2.022854E0,-1.338467E2,-7.895165E1
2.027025E0,-1.248686E2,-7.270688E1
2.031196E0,-1.155969E2,-6.572039E1
2.035367E0,-1.048081E2,-5.771720E1
2.039538E0,-9.218629E1,-4.890892E1
2.043708E0,-7.870255E1,-4.006792E1
2.047879E0,-6.383635E1,-2.985166E1
2.052050E0,-4.756985E1,-1.909106E1
2.056221E0,-3.030939E1,-7.999844E0
2.060392E0,-5.809098E0,-5.702278E-1
2.064563E0,1.191596E1,9.434276E0
2.068733E0,2.860159E1,1.920801E1
2.072904E0,4.336731E1,2.837842E1
2.077075E0,5.647847E1,3.629316E1
2.081246E0,7.143770E1,4.356646E1
2.085417E0,8.441622E1,5.114847E1
2.089587E0,9.654211E1,5.698805E1
2.093758E0,1.083771E2,6.233709E1
2.097929E0,1.186538E2,6.643390E1
2.102100E0,1.284177E2,7.070517E1
2.106271E0,1.350253E2,7.437114E1
2.110442E0,1.422343E2,7.689264E1
2.114613E0,1.476485E2,7.881344E1
2.118783E0,1.511194E2,8.017985E1
2.122954E0,1.539315E2,8.112701E1
2.127125E0,1.555341E2,8.124613E1
2.131296E0,1.561251E2,8.073659E1
2.135467E0,1.548510E2,8.006647E1
2.139637E0,1.527770E2,7.837501E1
2.143808E0,1.496003E2,7.562859E1
2.147979E0,1.444424E2,7.330199E1
2.152150E0,1.384183E2,6.921161E1
2.156321E0,1.312809E2,6.560457E1
2.160492E0,1.225643E2,6.091052E1
2.164662E0,1.126373E2,5.538195E1
2.168833E0,1.011626E2,4.965211E1
2.173004E0,8.879133E1,4.363209E1
2.177175E0,7.526507E1,3.695196E1
2.181346E0,6.118471E1,2.896598E1
2.185517E0,4.476434E1,2.099088E1
2.189687E0,2.832223E1,1.200354E1
2.193858E0,1.162449E1,2.409246E0
2.198029E0,-6.463534E0,-6.542164E0
2.202200E0,-2.370445E1,-1.483515E1
2.206371E0,-3.784310E1,-2.067929E1
2.210542E0,-5.354349E1,-2.717462E1
2.214713E0,-6.782336E1,-3.302680E1
2.218883E0,-8.075436E1,-3.869371E1
2.223054E0,-9.191250E1,-4.449618E1
2.227225E0,-1.041981E2,-4.936577E1
2.231396E0,-1.127692E2,-5.410735E1
2.235567E0,-1.211269E2,-5.809802E1
2.239738E0,-1.285295E2,-6.125652E1
2.243908E0,-1.348402E2,-6.426751E1
2.248079E0,-1.397913E2,-6.706548E1
2.252250E0,-1.435147E2,-6.950494E1
2.256421E0,-1.461734E2,-7.216769E1
2.260592E0,-1.479753E2,-7.329445E1
2.264762E0,-1.485082E2,-7.344104E1
2.268933E0,-1.480871E2,-7.432042E1
2.273104E0,-1.464692E2,-7.362718E1
2.277275E0,-1.437601E2,-7.347872E1
2.281446E0,-1.399446E2,-7.290271E1
2.285617E0,-1.349832E2,-7.184952E1
2.289788E0,-1.292177E2,-6.938966E1
2.293958E0,-1.219543E2,-6.629772E1
2.298129E0,-1.130203E2,-6.438439E1
2.302300E0,-1.049038E2,-6.091401E1
2.306471E0,-9.372367E1,-5.666981E1
2.310642E0,-8.218600E1,-5.223356E1
2.314812E0,-6.983264E1,-4.613640E1
2.318983E0,-5.631761E1,-3.971624E1
2.323154E0,-4.188434E1,-3.323750E1
2.327325E0,-2.674214E1,-2.531875E1
2.331496E0,-1.047934E1,-1.652023E1
2.335667E0,6.145607E0,-6.764995E0
2.339838E0,2.198725E1,2.155648E0
2.344008E0,3.535843E1,1.210588E1
2.348179E0,4.817161E1,2.109054E1
2.352350E0,6.076311E1,2.940567E1
2.356521E0,7.274216E1,3.675362E1
2.360692E0,8.414955E1,4.392087E1
2.364863E0,9.449425E1,5.016600E1
2.369033E0,1.036076E2,5.625807E1
2.373204E0,1.111788E2,6.116095E1
2.377375E0,1.183735E2,6.657677E1
2.381546E0,1.232695E2,7.052995E1
2.385717E0,1.273293E2,7.324607E1
2.389887E0,1.300822E2,7.613525E1
2.394058E0,1.314247E2,7.815343E1
2.398229E0,1.318855E2,7.955608E1
2.402400E0,1.316846E2,7.971928E1
2.406571E0,1.292985E2,7.989882E1
2.410742E0,1.263296E2,7.882867E1
2.414912E0,1.220103E2,7.798230E1
2.419083E0,1.164804E2,7.526646E1
2.423254E0,1.100600E2,7.255861E1
2.427425E0,1.019211E2,6.829790E1
2.431596E0,9.333477E1,6.412027E1
2.435767E0,8.335715E1,5.911559E1
2.439938E0,7.199021E1,5.326870E1
2.444108E0,6.000914E1,4.601968E1
2.448279E0,4.669436E1,3.789381E1
2.452450E0,3.241282E1,2.974432E1
2.456621E0,1.798440E1,1.954269E1
2.460792E0,4.251835E0,8.448482E0
2.464962E0,-1.243215E1,-2.763914E0
2.469133E0,-2.744568E1,-1.467627E1
2.473304E0,-3.969066E1,-2.489839E1
2.477475E0,-5.159853E1,-3.512207E1
2.481646E0,-5.376644E1,-4.626790E1
2.485817E0,-6.321569E1,-5.446364E1
2.489988E0,-7.102362E1,-6.120640E1
2.494158E0,-7.903371E1,-6.975311E1
2.498329E0,-8.580391E1,-7.556270E1
2.502500E0,-9.120266E1,-8.169409E1
2.506671E0,-9.620716E1,-8.674910E1
2.510842E0,-9.978937E1,-9.114966E1
2.515012E0,-1.027419E2,-9.490200E1
2.519183E0,-1.050530E2,-9.734531E1
2.523354E0,-1.056549E2,-9.983327E1
2.527525E0,-1.067777E2,-9.941398E1
2.531696E0,-1.058117E2,-1.002265E2
2.535867E0,-1.040094E2,-9.980126E1
2.540037E0,-1.014855E2,-9.821853E1
2.544208E0,-9.806798E1,-9.585926E1
2.548379E0,-9.377715E1,-9.212239E1
2.552550E0,-8.867166E1,-8.790993E1
2.556721E0,-8.266774E1,-8.310672E1
2.560892E0,-7.573699E1,-7.785771E1
2.565062E0,-6.846988E1,-7.107601E1
2.569233E0,-5.949695E1,-6.357967E1
2.573404E0,-5.041772E1,-5.507597E1
2.577575E0,-3.996636E1,-4.569254E1
2.581746E0,-2.841348E1,-3.556811E1
2.585917E0,-1.628636E1,-2.404567E1
2.590088E0,-8.404171E0,-1.093856E1
2.594258E0,4.392213E0,1.470268E0
2.598429E0,1.625337E1,1.302200E1
2.602600E0,2.751651E1,2.376949E1
2.606771E0,3.783768E1,3.335245E1
2.610942E0,4.760031E1,4.236731E1
2.615113E0,5.646439E1,5.014229E1
2.619283E0,6.437746E1,5.734965E1
2.623454E0,7.201568E1,6.415877E1
2.627625E0,7.859577E1,6.931978E1
2.631796E0,8.392038E1,7.438550E1
2.635967E0,8.835246E1,7.792957E1
2.640137E0,9.191512E1,8.100197E1
2.644308E0,9.421946E1,8.304734E1
2.648479E0,9.632225E1,8.473603E1
2.652650E0,9.640911E1,8.459154E1
2.656821E0,9.588092E1,8.490546E1
2.660992E0,9.407509E1,8.352667E1
2.665163E0,9.127485E1,8.090268E1
2.669333E0,8.706888E1,7.834101E1
2.673504E0,8.227769E1,7.399456E1
2.677675E0,7.668023E1,6.947758E1
2.681846E0,6.971641E1,6.393942E1
2.686017E0,6.172801E1,5.733912E1
2.690187E0,5.276441E1,5.022866E1
2.694358E0,4.295716E1,4.172016E1
2.698529E0,3.257959E1,3.283210E1
2.702700E0,2.072777E1,2.240017E1
2.706871E0,8.455870E0,1.102147E1
2.711042E0,-4.111461E0,-9.464962E-1
2.715213E0,-1.570500E1,-1.316573E1
2.719383E0,-2.723768E1,-2.536847E1
2.723554E0,-3.691735E1,-3.471433E1
2.727725E0,-4.583638E1,-4.364522E1
2.731896E0,-4.239409E1,-5.508704E1
2.736067E0,-4.980152E1,-6.263707E1
2.740238E0,-5.661849E1,-6.968215E1
2.744408E0,-6.237683E1,-7.671189E1
2.748579E0,-6.693878E1,-8.218121E1
2.752750E0,-7.117037E1,-8.565362E1
2.756921E0,-7.445776E1,-8.997863E1
2.761092E0,-7.716061E1,-9.288639E1
2.765262E0,-7.893584E1,-9.482112E1
2.769433E0,-7.930475E1,-9.539145E1
2.773604E0,-7.952752E1,-9.519083E1
2.777775E0,-7.883713E1,-9.397512E1
2.781946E0,-7.710360E1,-9.196439E1
2.786117E0,-7.419837E1,-8.887836E1
2.790287E0,-7.094354E1,-8.550335E1
2.794458E0,-6.690826E1,-8.003880E1
2.798629E0,-6.151163E1,-7.392684E1
2.802800E0,-5.517007E1,-6.759548E1
2.806971E0,-4.902999E1,-6.007956E1
2.811142E0,-4.173331E1,-5.135506E1
2.815313E0,-3.419741E1,-4.175470E1
2.819483E0,-2.455619E1,-3.162256E1
2.823654E0,-1.421773E1,-2.051769E1
2.827825E0,-4.784532E0,-9.095799E0
2.831996E0,8.880393E0,1.962066E0
2.836167E0,1.142998E1,1.305207E1
2.840337E0,2.125838E1,2.225475E1
2.844508E0,3.057569E1,3.016785E1
2.848679E0,3.903972E1,3.705808E1
2.852850E0,4.673657E1,4.332618E1
2.857021E0,5.390345E1,4.940201E1
2.861192E0,6.033903E1,5.364106E1
2.865363E0,6.596945E1,5.845819E1
2.869533E0,6.973110E1,6.064735E1
2.873704E0,7.306681E1,6.327509E1
2.877875E0,7.601751E1,6.520348E1
2.882046E0,7.717099E1,6.547776E1
2.886217E0,7.768124E1,6.532890E1
2.890387E0,7.696061E1,6.432965E1
2.894558E0,7.522410E1,6.237135E1
2.898729E0,7.242046E1,5.975339E1
2.902900E0,6.851674E1,5.644091E1
2.907071E0,6.348696E1,5.218478E1
2.911242E0,5.745367E1,4.751307E1
2.915412E0,5.058623E1,4.168478E1
2.919583E0,4.257153E1,3.534035E1
2.923754E0,3.372589E1,2.825027E1
2.927925E0,2.355435E1,1.975219E1
2.932096E0,1.276393E1,1.048039E1
2.936267E0,1.030485E0,4.023578E-1
2.940437E0,-1.087031E1,-9.377954E0
2.944608E0,-2.184383E1,-1.841701E1
2.948779E0,-3.141932E1,-2.632106E1
2.952950E0,-3.979657E1,-3.294993E1
2.957121E0,-4.735557E1,-3.911151E1
2.961292E0,-5.567788E1,-4.490799E1
2.965463E0,-5.202592E1,-5.310097E1
2.969633E0,-5.720163E1,-5.779865E1
2.973804E0,-6.146659E1,-6.173649E1
2.977975E0,-6.449330E1,-6.423738E1
2.982146E0,-6.697132E1,-6.661747E1
2.986317E0,-6.900604E1,-6.823117E1
2.990487E0,-6.987791E1,-6.848324E1
2.994658E0,-6.970308E1,-6.873687E1
2.998829E0,-6.890968E1,-6.744898E1
3.003000E0,-6.709084E1,-6.592343E1
3.007171E0,-6.440826E1,-6.349327E1
3.011342E0,-6.072099E1,-5.973730E1
3.015512E0,-5.634670E1,-5.504435E1
3.019683E0,-5.085879E1,-4.995156E1
3.023854E0,-4.470513E1,-4.402470E1
3.028025E0,-3.857116E1,-3.767719E1
3.032196E0,-2.952941E1,-3.035879E1
3.036367E0,-2.055084E1,-2.237856E1
3.040538E0,-1.031071E1,-1.333539E1
3.044708E0,9.207221E-1,-4.192008E0
3.048879E0,9.734599E0,2.627600E0
3.053050E0,1.907947E1,9.450204E0
3.057221E0,2.808283E1,1.561649E1
3.061392E0,3.540120E1,2.073609E1
3.065562E0,4.302525E1,2.564225E1
3.069733E0,4.935651E1,2.982553E1
3.073904E0,5.438403E1,3.331038E1
3.078075E0,5.915287E1,3.573050E1
3.082246E0,6.300614E1,3.819993E1
3.086417E0,6.544933E1,3.906054E1
3.090588E0,6.671541E1,3.973522E1
3.094758E0,6.733399E1,4.015997E1
3.098929E0,6.651739E1,3.895669E1
3.103100E0,6.448077E1,3.782282E1
3.107271E0,6.166555E1,3.580084E1
3.111442E0,5.728398E1,3.338712E1
3.115613E0,5.191161E1,3.013974E1
3.119783E0,4.535014E1,2.629122E1
3.123954E0,3.788146E1,2.156077E1
3.128125E0,2.949179E1,1.701002E1
3.132296E0,2.018983E1,1.144586E1
3.136467E0,9.809900E0,4.958167E0
3.140637E0,-4.928119E-1,-1.632327E0
3.144808E0,-1.169673E1,-8.713168E0
3.148979E0,-2.171761E1,-1.525452E1
3.153150E0,-2.954767E1,-2.073079E1
3.157321E0,-3.606113E1,-2.544505E1
3.161492E0,-3.580082E1,-3.263942E1
3.165662E0,-4.177140E1,-3.659617E1
3.169833E0,-4.598272E1,-4.004450E1
3.174004E0,-4.979564E1,-4.290831E1
3.178175E0,-5.218511E1,-4.552628E1
3.182346E0,-5.361614E1,-4.720479E1
3.186517E0,-5.435874E1,-4.829335E1
3.190688E0,-5.426001E1,-4.856113E1
3.194858E0,-5.349700E1,-4.824689E1
3.199029E0,-5.158431E1,-4.690746E1
3.203200E0,-4.833983E1,-4.537040E1
3.207371E0,-4.422528E1,-4.268738E1
3.211542E0,-3.919102E1,-3.967029E1
3.215712E0,-3.322277E1,-3.561408E1
3.219883E0,-2.669151E1,-3.146943E1
3.224054E0,-1.889891E1,-2.586341E1
3.228225E0,-1.116161E1,-1.964107E1
3.232396E0,-3.233812E0,-1.227337E1
3.236567E0,6.065948E0,-5.003882E0
3.240738E0,1.407902E1,1.997866E0
3.244908E0,2.521712E1,9.998070E0
3.249079E0,3.218861E1,1.630901E1
3.253250E0,3.799038E1,2.133191E1
3.257421E0,4.281062E1,2.624754E1
3.261592E0,4.696543E1,2.998382E1
3.265763E0,4.999399E1,3.312369E1
3.269933E0,5.202968E1,3.536776E1
3.274104E0,5.321915E1,3.704309E1
3.278275E0,5.331605E1,3.760231E1
3.282446E0,5.265833E1,3.714571E1
3.286617E0,5.122123E1,3.522364E1
3.290787E0,4.848349E1,3.360494E1
3.294958E0,4.487147E1,3.013886E1
3.299129E0,4.045606E1,2.600055E1
3.303300E0,3.483467E1,2.066217E1
3.307471E0,2.830597E1,1.487149E1
3.311642E0,2.108587E1,7.595164E0
3.315812E0,1.352135E1,8.075993E-1
3.319983E0,5.633434E0,-6.196800E0
3.324154E0,-1.166623E0,-1.195800E1
3.328325E0,-7.119936E0,-1.697812E1
3.332496E0,-1.202691E1,-2.121287E1
3.336667E0,-1.627268E1,-2.447340E1
3.340838E0,-2.010291E1,-2.740413E1
3.345008E0,-2.297866E1,-2.990437E1
3.349179E0,-2.518187E1,-3.208015E1
3.353350E0,-2.659172E1,-3.289695E1
3.357521E0,-2.772591E1,-3.306789E1
3.361692E0,-2.751982E1,-3.251485E1
3.365862E0,-2.673200E1,-3.128555E1
3.370033E0,-2.483287E1,-2.919161E1
3.374204E0,-2.198497E1,-2.638705E1
3.378375E0,-1.819053E1,-2.297219E1
3.382546E0,-1.396096E1,-1.900551E1
3.386717E0,-8.276033E0,-1.453826E1
3.390888E0,-2.340477E0,-9.659819E0
3.395058E0,4.245008E0,-5.287438E0
3.399229E0,1.201792E1,7.030459E-1
3.403400E0,1.897360E1,4.876015E0
3.407571E0,2.493290E1,9.012577E0
3.411742E0,2.970660E1,1.198720E1
3.415913E0,3.381163E1,1.429741E1
3.420083E0,3.639450E1,1.610314E1
3.424254E0,3.824861E1,1.699644E1
3.428425E0,3.930282E1,1.754225E1
3.432596E0,3.944074E1,1.718121E1
3.436767E0,3.829154E1,1.625532E1
3.440937E0,3.627949E1,1.439164E1
3.445108E0,3.285067E1,1.215444E1
3.449279E0,2.870515E1,8.796044E0
3.453450E0,2.296754E1,5.659831E0
3.457621E0,1.713391E1,1.530678E0
3.461792E0,1.005224E1,-2.059575E0
3.465963E0,3.916183E0,-5.613702E0
3.470133E0,-1.749832E0,-8.146813E0
3.474304E0,-5.997902E0,-1.041780E1
3.478475E0,-9.894310E0,-1.227266E1
3.482646E0,-1.221719E1,-1.417454E1
3.486817E0,-1.366240E1,-1.476810E1
3.490988E0,-1.421045E1,-1.622255E1
3.495158E0,-1.382997E1,-1.624146E1
3.499329E0,-1.293751E1,-1.584714E1
3.503500E0,-1.047088E1,-1.524612E1
3.507671E0,-7.674156E0,-1.438685E1
3.511842E0,-3.674581E0,-1.281213E1
3.516013E0,1.113388E0,-1.127768E1
3.520183E0,6.703732E0,-9.173018E0
3.524354E0,1.199827E1,-6.033190E0
3.528525E0,1.762511E1,-2.750090E0
3.532696E0,2.140763E1,9.982695E-2
3.536867E0,2.440440E1,2.375600E0
3.541037E0,2.610571E1,4.748394E0
3.545208E0,2.739621E1,5.990366E0
3.549379E0,2.729276E1,6.719496E0
3.553550E0,2.593782E1,6.882210E0
3.557721E0,2.424718E1,6.422021E0
3.561892E0,2.113316E1,5.739294E0
3.566063E0,1.777498E1,4.093246E0
3.570233E0,1.297776E1,1.913863E0
3.574404E0,8.402319E0,-1.598890E0
3.578575E0,4.330274E0,-5.335608E0
3.582746E0,1.338966E0,-8.160757E0
3.586917E0,-1.050999E0,-1.073107E1
3.591087E0,-1.857420E0,-1.331535E1
3.595258E0,-2.001664E0,-1.470506E1
3.599429E0,-1.819556E0,-1.573523E1
3.603600E0,-8.730965E-1,-1.607366E1
3.607771E0,1.185979E0,-1.600549E1
3.611942E0,3.259836E0,-1.492172E1
3.616113E0,6.339067E0,-1.350982E1
3.620283E0,9.870516E0,-9.811654E0
3.624454E0,1.302327E1,-6.435590E0
3.628625E0,1.578141E1,-3.843518E0
3.632796E0,1.737156E1,-1.730608E0
3.636967E0,1.823399E1,3.743136E-1
3.641138E0,1.820691E1,1.009671E0
3.645308E0,1.790667E1,1.199643E0
3.649479E0,1.639425E1,4.647461E-1
3.653650E0,1.492593E1,-1.337978E0
3.657821E0,1.222680E1,-3.515548E0
3.661992E0,9.775064E0,-6.540265E0
3.666162E0,6.972818E0,-9.532548E0
3.670333E0,5.950235E0,-1.291094E1
3.674504E0,4.298652E0,-1.571577E1
3.678675E0,3.980040E0,-1.678513E1
3.682846E0,4.108470E0,-1.780835E1
3.687017E0,4.214854E0,-1.739385E1
3.691187E0,4.879590E0,-1.578315E1
3.695358E0,6.360921E0,-1.388858E1
3.699529E0,7.413812E0,-1.067175E1
3.703700E0,9.814565E0,-7.565057E0
3.707871E0,1.198446E1,-4.457009E0
3.712042E0,1.382315E1,-1.802773E0
3.716213E0,1.505019E1,-6.646468E-1
3.720383E0,1.570002E1,-2.395108E-1
3.724554E0,1.554022E1,-4.312027E-1
3.728725E0,1.498411E1,-1.692843E0
3.732896E0,1.335116E1,-3.708152E0
3.737067E0,1.165254E1,-6.226002E0
3.741237E0,9.077223E0,-9.460920E0
3.745408E0,7.026364E0,-1.195420E1
3.749579E0,5.603503E0,-1.382329E1
3.753750E0,4.685344E0,-1.502538E1
3.757921E0,3.742931E0,-1.532633E1
3.762092E0,3.894076E0,-1.456312E1
3.766263E0,4.649395E0,-1.357904E1
3.770433E0,6.017667E0,-1.188480E1
3.774604E0,7.973983E0,-9.495405E0
3.778775E0,1.088094E1,-7.252434E0
3.782946E0,1.310672E1,-4.624937E0
3.787117E0,1.488466E1,-3.456598E0
3.791287E0,1.547184E1,-2.946643E0
3.795458E0,1.575314E1,-3.114143E0
3.799629E0,1.497357E1,-3.669712E0
3.803800E0,1.381862E1,-4.826163E0
3.807971E0,1.189787E1,-6.808859E0
3.812142E0,9.505421E0,-9.121967E0
3.816312E0,6.911722E0,-1.026679E1
3.820483E0,5.772228E0,-1.167027E1
3.824654E0,4.395200E0,-1.277793E1
3.828825E0,4.024426E0,-1.310670E1
3.832996E0,4.864234E0,-1.259755E1
3.837167E0,6.128855E0,-1.232964E1
3.841338E0,8.015521E0,-1.069218E1
3.845508E0,1.028998E1,-9.227684E0
3.849679E0,1.207290E1,-6.633363E0
3.853850E0,1.327675E1,-4.747062E0
3.858021E0,1.440635E1,-3.502614E0
3.862192E0,1.438508E1,-3.040344E0
3.866363E0,1.374645E1,-3.788304E0
3.870533E0,1.247079E1,-4.813684E0
3.874704E0,1.048171E1,-6.800570E0
3.878875E0,8.781974E0,-8.834660E0
3.883046E0,7.902825E0,-1.110839E1
3.887217E0,6.741029E0,-1.263324E1
3.891388E0,6.090994E0,-1.372975E1
3.895558E0,6.095127E0,-1.372500E1
3.899729E0,6.393715E0,-1.299931E1
3.903900E0,7.707229E0,-1.137090E1
3.908071E0,8.915179E0,-8.794191E0
3.912242E0,1.038175E1,-6.968886E0
3.916412E0,1.188416E1,-4.445316E0
3.920583E0,1.277971E1,-3.033299E0
3.924754E0,1.287551E1,-3.121341E0
3.928925E0,1.281828E1,-3.515868E0
3.933096E0,1.182825E1,-5.523608E0
3.937267E0,1.042737E1,-7.745344E0
3.941438E0,8.940581E0,-9.855583E0
3.945608E0,8.015084E0,-1.098460E1
3.949779E0,6.876110E0,-1.214624E1
3.953950E0,6.531228E0,-1.268327E1
3.958121E0,6.470016E0,-1.258765E1
3.962292E0,6.828895E0,-1.153907E1
3.966463E0,8.477872E0,-9.950688E0
3.970633E0,9.678219E0,-7.934344E0
3.974804E0,1.170492E1,-6.221489E0
3.978975E0,1.219200E1,-4.623061E0
3.983146E0,1.257135E1,-4.467212E0
3.987317E0,1.232820E1,-4.754757E0
3.991488E0,1.187259E1,-5.737375E0
3.995658E0,1.020404E1,-7.437980E0
3.999829E0,8.765996E0,-9.456553E0
4.004000E0,7.834597E0,-1.095836E1
4.008171E0,7.011743E0,-1.176074E1
4.012342E0,6.889395E0,-1.216584E1
4.016513E0,7.073801E0,-1.167908E1
4.020683E0,8.028144E0,-1.089312E1
4.024854E0,9.007896E0,-9.766954E0
4.029025E0,1.024199E1,-7.715390E0
4.033196E0,1.164481E1,-5.994482E0
4.037367E0,1.202355E1,-4.972012E0
4.041537E0,1.202780E1,-4.791513E0
4.045708E0,1.176592E1,-5.026315E0
4.049879E0,1.087086E1,-6.336536E0
4.054050E0,9.666496E0,-8.678383E0
4.058221E0,9.128179E0,-9.915382E0
4.062392E0,8.470933E0,-1.125198E1
4.066562E0,8.050753E0,-1.173970E1
4.070733E0,8.195378E0,-1.143710E1
4.074904E0,8.469629E0,-1.046027E1
4.079075E0,9.155770E0,-9.181554E0
4.083246E0,1.016821E1,-7.195391E0
4.087417E0,1.077790E1,-5.676509E0
4.091588E0,1.160121E1,-5.128001E0
4.095758E0,1.153853E1,-4.964266E0
4.099929E0,1.090589E1,-5.578493E0
4.104100E0,9.908416E0,-7.112773E0
4.108271E0,9.032226E0,-8.795414E0
4.112442E0,8.683342E0,-1.025581E1
4.116613E0,8.255344E0,-1.069583E1
4.120783E0,8.394524E0,-1.107196E1
4.124954E0,8.308484E0,-1.061771E1
4.129125E0,8.643053E0,-9.671655E0
4.133296E0,9.307745E0,-8.131103E0
4.137467E0,1.078566E1,-6.049430E0
4.141637E0,1.119371E1,-5.575970E0
4.145808E0,1.127500E1,-5.499511E0
4.149979E0,1.076360E1,-5.941634E0
4.154150E0,9.616125E0,-7.068687E0
4.158321E0,8.770859E0,-8.488765E0
4.162492E0,8.522494E0,-9.940809E0
4.166663E0,8.272084E0,-1.076508E1
4.170833E0,8.192849E0,-1.096115E1
4.175004E0,8.417348E0,-1.068144E1
4.179175E0,8.546727E0,-9.491852E0
4.183346E0,9.117419E0,-7.804469E0
4.187517E0,1.001649E1,-6.372923E0
4.191687E0,1.054871E1,-5.832611E0
4.195858E0,1.056391E1,-5.860742E0
4.200029E0,9.910492E0,-6.252227E0
4.204200E0,8.655515E0,-7.668443E0
4.208371E0,8.234747E0,-9.147880E0
4.212542E0,8.298396E0,-1.001698E1
4.216712E0,8.257720E0,-1.022183E1
4.220883E0,8.266595E0,-9.939255E0
4.225054E0,8.271491E0,-9.055608E0
4.229225E0,8.884050E0,-8.020411E0
4.233396E0,9.437344E0,-6.467017E0
4.237567E0,9.893316E0,-5.866301E0
4.241738E0,1.008679E1,-5.618361E0
4.245908E0,9.674251E0,-6.050135E0
4.250079E0,8.369430E0,-7.588731E0
4.254250E0,8.481208E0,-8.304208E0
4.258421E0,8.127273E0,-9.491545E0
4.262592E0,8.092884E0,-9.713984E0
4.266762E0,8.132738E0,-9.793587E0
4.270933E0,8.367862E0,-8.811399E0
4.275104E0,8.909271E0,-7.874474E0
4.279275E0,9.463082E0,-6.903517E0
4.283446E0,9.690245E0,-6.285612E0
4.287617E0,9.777846E0,-6.289916E0
4.291788E0,9.172696E0,-6.740088E0
4.295958E0,8.842384E0,-7.777225E0
4.300129E0,8.461740E0,-8.645935E0
4.304300E0,8.414246E0,-9.484572E0
4.308471E0,8.352313E0,-9.587234E0
4.312642E0,8.331204E0,-9.002808E0
4.316813E0,8.313336E0,-8.324575E0
4.320983E0,8.973346E0,-7.559816E0
4.325154E0,9.064356E0,-6.745645E0
4.329325E0,9.463265E0,-6.578245E0
4.333496E0,8.960188E0,-6.831635E0
4.337667E0,8.717474E0,-7.542476E0
4.341837E0,8.178331E0,-8.533196E0
4.346008E0,8.200923E0,-8.903898E0
4.350179E0,8.219635E0,-9.559053E0
4.354350E0,8.238682E0,-9.195889E0
4.358521E0,8.447632E0,-8.471604E0
4.362692E0,8.844719E0,-7.667889E0
4.366862E0,9.034529E0,-7.158598E0
4.371033E0,9.160739E0,-6.900820E0
4.375204E0,8.896804E0,-7.151442E0
4.379375E0,8.766524E0,-7.159654E0
4.383546E0,8.946543E0,-7.916129E0
4.387717E0,8.687595E0,-8.876334E0
4.391888E0,8.698909E0,-8.822562E0
4.396058E0,8.748271E0,-8.715070E0
4.400229E0,8.395878E0,-8.096787E0
4.404400E0,8.722368E0,-7.707131E0
4.408571E0,8.992100E0,-7.117259E0
4.412742E0,9.003825E0,-7.081069E0
4.416913E0,8.686898E0,-7.198057E0
4.421083E0,8.412324E0,-7.615333E0
4.425254E0,8.458771E0,-8.080529E0
4.429425E0,8.335253E0,-8.457015E0
4.433596E0,8.107386E0,-8.613053E0
4.437767E0,8.425713E0,-8.408973E0
4.441937E0,8.601324E0,-7.878875E0
4.446108E0,8.460912E0,-7.628367E0
4.450279E0,8.610168E0,-7.181747E0
4.454450E0,8.562513E0,-7.231589E0
4.458621E0,8.311791E0,-7.550888E0
4.462792E0,8.127851E0,-7.895271E0
4.466962E0,8.130910E0,-8.072950E0
4.471133E0,8.164173E0,-8.110821E0
4.475304E0,8.278150E0,-7.817102E0
4.479475E0,8.250717E0,-7.702587E0
4.483646E0,8.566629E0,-7.537770E0
4.487817E0,8.232956E0,-7.490061E0
4.491988E0,8.317290E0,-7.339293E0
4.496158E0,8.310670E0,-7.642977E0
4.500329E0,8.000419E0,-7.955049E0
4.504500E0,8.133372E0,-7.916085E0
4.508671E0,8.213455E0,-8.198516E0
4.512842E0,8.193648E0,-8.053503E0
4.517012E0,8.444817E0,-7.786150E0
4.521183E0,8.347977E0,-7.569064E0
4.525354E0,8.430966E0,-7.560409E0
4.529525E0,8.416858E0,-7.587334E0
4.533696E0,8.337477E0,-7.650667E0
4.537867E0,8.319344E0,-7.807114E0
4.542038E0,8.394807E0,-8.035131E0
4.546208E0,7.879602E0,-7.808943E0
4.550379E0,8.510898E0,-7.922946E0
4.554550E0,8.270106E0,-7.925983E0
4.558721E0,8.425760E0,-7.746017E0
4.562892E0,8.089716E0,-7.487542E0
4.567062E0,8.410553E0,-7.599580E0
4.571233E0,8.233773E0,-7.572220E0
4.575404E0,8.402430E0,-7.943519E0
4.579575E0,8.168608E0,-7.904072E0
4.583746E0,8.143376E0,-7.973587E0
4.587917E0,8.136196E0,-7.737556E0
4.592087E0,8.103335E0,-7.785511E0
4.596258E0,8.345626E0,-7.588517E0
4.600429E0,8.319648E0,-7.822390E0
4.604600E0,8.281270E0,-7.786871E0
4.608771E0,8.485627E0,-7.519255E0
4.612942E0,8.067640E0,-7.406296E0
4.617113E0,8.239753E0,-7.792544E0
4.621283E0,8.313779E0,-7.854619E0
4.625454E0,8.349518E0,-7.798363E0
4.629625E0,8.590905E0,-7.801488E0
4.633796E0,8.384315E0,-7.646117E0
4.637967E0,8.151643E0,-7.610916E0
4.642137E0,8.145315E0,-7.728566E0
4.646308E0,8.118368E0,-7.852871E0
4.650479E0,8.344821E0,-7.853717E0
4.654650E0,8.197652E0,-7.922826E0
4.658821E0,8.443673E0,-7.982264E0
4.662992E0,8.331931E0,-7.852775E0
4.667163E0,8.375490E0,-7.867613E0
4.671333E0,8.319627E0,-7.806784E0
4.675504E0,8.345833E0,-7.794428E0
4.679675E0,8.195891E0,-7.683422E0
4.683846E0,8.238839E0,-7.751701E0
4.688017E0,8.228872E0,-7.810347E0
4.692188E0,8.153800E0,-7.729488E0
4.696358E0,8.479520E0,-7.819953E0
4.700529E0,7.995843E0,-7.745469E0
4.704700E0,8.336478E0,-7.791547E0
4.708871E0,8.523909E0,-7.975312E0
4.713042E0,8.030832E0,-7.861896E0
4.717212E0,8.324963E0,-7.740214E0
4.721383E0,8.294865E0,-7.847548E0
4.725554E0,8.291311E0,-7.951910E0
4.729725E0,8.264515E0,-7.670571E0
4.733896E0,8.202281E0,-7.603116E0
4.738067E0,8.178170E0,-7.773877E0
4.742237E0,8.238645E0,-7.740690E0
4.746408E0,8.117138E0,-7.692034E0
4.750579E0,8.029457E0,-7.741931E0
4.754750E0,8.211134E0,-7.820543E0
4.758921E0,8.155040E0,-7.812844E0
4.763092E0,8.274867E0,-7.749495E0
4.767263E0,8.415321E0,-7.828071E0
4.771433E0,8.389407E0,-8.057435E0
4.775604E0,8.147369E0,-7.918717E0
4.779775E0,8.248714E0,-7.875528E0
4.783946E0,8.468599E0,-7.890712E0
4.788117E0,8.283692E0,-7.743061E0
4.792288E0,8.220348E0,-7.720083E0
4.796458E0,8.423713E0,-7.871966E0
4.800629E0,8.276912E0,-7.820865E0
4.804800E0,8.492163E0,-7.829951E0
4.808971E0,8.187641E0,-7.774699E0
4.813142E0,8.296264E0,-7.633799E0
4.817312E0,8.279265E0,-7.705415E0
4.821483E0,8.522111E0,-7.683584E0
4.825654E0,8.254062E0,-7.721092E0
4.829825E0,8.283779E0,-7.617644E0
4.833996E0,8.311636E0,-7.793871E0
4.838167E0,8.161245E0,-7.690263E0
4.842337E0,7.965103E0,-7.696512E0
4.846508E0,8.343009E0,-7.755127E0
4.850679E0,8.418500E0,-7.953984E0
4.854850E0,8.198803E0,-7.712782E0
4.859021E0,8.151049E0,-7.896728E0
4.863192E0,8.330610E0,-7.540973E0
4.867363E0,8.398049E0,-7.967809E0
4.871533E0,8.477827E0,-7.929339E0
4.875704E0,8.223394E0,-7.679455E0
4.879875E0,8.387435E0,-7.887326E0
4.884046E0,8.479117E0,-7.901586E0
4.888217E0,8.402403E0,-7.742706E0
4.892387E0,8.211953E0,-7.822103E0
4.896558E0,8.308818E0,-7.827462E0
4.900729E0,8.406053E0,-7.795898E0
4.904900E0,8.430062E0,-7.812127E0
4.909071E0,8.187012E0,-7.774476E0
4.913242E0,8.359439E0,-7.894038E0
4.917413E0,8.076750E0,-7.622735E0
4.921583E0,8.408386E0,-7.820632E0
4.925754E0,8.169865E0,-7.808347E0
4.929925E0,8.269336E0,-7.706806E0
4.934096E0,8.603143E0,-8.021636E0
4.938267E0,8.307909E0,-7.631827E0
4.942437E0,8.272122E0,-7.783884E0
4.946608E0,8.285428E0,-7.990741E0
4.950779E0,8.155160E0,-7.682946E0
4.954950E0,8.181925E0,-7.748789E0
4.959121E0,8.129612E0,-7.723685E0
4.963292E0,8.138756E0,-7.769779E0
4.967462E0,8.187986E0,-7.737845E0
4.971633E0,8.366567E0,-7.784198E0
4.975804E0,8.278395E0,-7.813483E0
4.979975E0,8.127774E0,-7.875670E0
4.984146E0,8.442203E0,-7.436261E0
4.988317E0,8.605330E0,-7.836250E0
4.992488E0,8.444986E0,-7.780080E0
4.996658E0,8.218553E0,-7.762286E0
5.000829E0,8.211178E0,-7.840884E0
5.005000E0,8.070766E0,-7.782613E0
5.009171E0,8.141278E0,-7.834648E0
5.013342E0,8.257178E0,-7.645409E0
5.017512E0,8.333987E0,-7.951978E0
5.021683E0,8.053635E0,-7.800343E0
5.025854E0,8.178267E0,-7.898264E0
5.030025E0,8.279858E0,-7.935737E0
5.034196E0,8.321469E0,-7.872858E0
5.038367E0,8.073006E0,-7.670490E0
5.042538E0,8.123691E0,-7.768548E0
5.046708E0,8.402318E0,-7.727736E0
5.050879E0,8.257163E0,-7.833906E0
5.055050E0,8.192272E0,-7.843783E0
5.059221E0,8.216526E0,-7.901101E0
5.063392E0,8.511005E0,-7.801241E0
5.067563E0,8.244798E0,-7.799062E0
5.071733E0,8.043005E0,-8.018060E0
5.075904E0,8.370705E0,-7.743773E0
5.080075E0,8.145070E0,-7.644071E0
5.084246E0,8.339621E0,-7.869005E0
5.088417E0,8.525551E0,-7.790395E0
5.092587E0,8.221606E0,-7.839104E0
5.096758E0,8.254460E0,-7.804593E0
5.100929E0,8.449244E0,-7.885939E0
5.105100E0,8.406608E0,-7.847835E0
5.109271E0,8.240670E0,-7.728933E0
5.113442E0,8.180424E0,-7.645173E0
5.117612E0,8.238183E0,-7.845134E0
5.121783E0,8.158115E0,-7.844130E0
5.125954E0,8.281298E0,-7.871150E0
5.130125E0,8.450682E0,-7.938202E0
5.134296E0,8.307310E0,-7.750368E0
5.138467E0,8.211228E0,-7.788445E0
5.142638E0,8.378961E0,-7.732117E0
5.146808E0,8.127774E0,-7.649407E0
5.150979E0,8.368876E0,-7.766192E0
5.155150E0,8.211431E0,-7.806545E0
5.159321E0,8.496733E0,-7.711048E0
5.163492E0,8.240969E0,-7.812147E0
5.167663E0,7.961600E0,-7.857138E0
5.171833E0,8.714972E0,-7.958012E0
5.176004E0,8.269057E0,-7.746550E0
5.180175E0,8.348296E0,-7.834646E0
5.184346E0,8.190578E0,-7.644316E0
5.188517E0,8.254571E0,-7.805444E0
5.192687E0,8.228614E0,-7.783496E0
5.196858E0,8.126622E0,-7.690864E0
5.201029E0,8.461270E0,-8.050395E0
5.205200E0,8.392712E0,-7.797688E0
5.209371E0,8.112572E0,-7.886870E0
5.213542E0,8.449579E0,-7.936071E0
5.217712E0,7.849480E0,-7.800152E0
5.221883E0,8.486449E0,-7.901873E0
5.226054E0,8.177486E0,-7.699082E0
5.230225E0,8.077741E0,-7.812305E0
5.234396E0,8.339707E0,-7.902011E0
5.238567E0,8.358629E0,-7.861610E0
5.242738E0,8.129574E0,-7.828067E0
5.246908E0,8.212097E0,-7.819278E0
5.251079E0,8.278953E0,-7.879034E0
5.255250E0,8.316547E0,-7.877620E0
5.259421E0,8.404976E0,-7.795943E0
5.263592E0,8.147339E0,-7.815861E0
5.267762E0,8.351032E0,-7.723652E0
5.271933E0,8.330099E0,-7.757097E0
5.276104E0,8.307940E0,-7.724919E0
5.280275E0,8.276786E0,-7.743496E0
5.284446E0,8.154327E0,-7.603388E0
5.288617E0,8.196042E0,-7.841991E0
5.292788E0,8.205827E0,-7.828668E0
5.296958E0,8.307578E0,-7.639109E0
5.301129E0,8.256855E0,-7.540837E0
5.305300E0,8.224877E0,-7.915708E0
5.309471E0,8.556209E0,-7.828793E0
5.313642E0,8.433426E0,-7.750947E0
5.317812E0,8.692076E0,-7.899565E0
5.321983E0,8.131697E0,-7.887031E0
5.326154E0,8.380861E0,-7.786889E0
5.330325E0,8.181225E0,-7.907022E0
5.334496E0,8.254494E0,-7.822734E0
5.338667E0,8.328545E0,-7.820732E0
5.342837E0,8.263980E0,-7.760165E0
5.347008E0,8.376742E0,-7.712809E0
5.351179E0,8.067103E0,-7.795813E0
5.355350E0,8.186775E0,-7.743291E0
5.359521E0,8.353298E0,-7.741574E0
5.363692E0,8.150596E0,-7.802754E0
5.367863E0,8.074181E0,-7.707147E0
5.372033E0,8.578004E0,-7.792878E0
5.376204E0,8.236617E0,-7.810498E0
5.380375E0,8.393811E0,-7.745961E0
5.384546E0,8.181281E0,-7.853598E0
5.388717E0,8.249338E0,-7.905368E0
5.392887E0,8.204847E0,-7.679240E0
5.397058E0,8.075592E0,-7.694642E0
5.401229E0,8.646461E0,-7.827029E0
5.405400E0,8.187986E0,-7.595382E0
5.409571E0,8.426899E0,-7.834206E0
5.413742E0,8.272896E0,-7.618491E0
5.417913E0,8.473333E0,-7.757204E0
5.422083E0,8.264586E0,-7.641035E0
5.426254E0,8.297476E0,-7.883175E0
5.430425E0,8.173956E0,-7.847198E0
5.434596E0,8.282567E0,-7.569266E0
5.438767E0,8.246255E0,-7.851609E0
5.442938E0,8.431286E0,-7.835913E0
5.447108E0,8.232189E0,-7.909144E0
5.451279E0,8.371625E0,-7.959087E0
5.455450E0,8.324723E0,-7.825347E0
5.459621E0,8.365721E0,-7.775742E0
5.463792E0,8.179205E0,-7.816570E0
5.467962E0,8.344954E0,-7.909656E0
5.472133E0,8.534772E0,-7.848537E0
5.476304E0,8.322089E0,-7.899311E0
5.480475E0,8.239392E0,-7.759423E0
5.484646E0,8.243862E0,-7.782202E0
5.488817E0,8.271203E0,-7.772873E0
5.492987E0,8.296574E0,-7.693191E0
5.497158E0,8.410140E0,-7.828491E0
5.501329E0,8.364320E0,-7.848021E0
5.505500E0,8.230627E0,-7.814289E0
5.509671E0,8.195084E0,-7.745869E0
5.513842E0,8.269728E0,-7.781009E0
5.518013E0,8.275627E0,-7.785585E0
5.522183E0,8.094386E0,-7.690197E0
5.526354E0,8.337868E0,-7.796349E0
5.530525E0,8.200705E0,-7.741840E0
5.534696E0,8.344998E0,-7.871050E0
5.538867E0,8.316617E0,-7.719040E0
5.543038E0,8.256850E0,-7.876463E0
5.547208E0,8.480854E0,-7.794285E0
5.551379E0,8.482554E0,-7.915359E0
5.555550E0,8.320966E0,-7.785415E0
5.559721E0,8.039281E0,-7.653889E0
5.563892E0,8.367846E0,-7.814023E0
5.568062E0,8.256015E0,-7.715196E0
5.572233E0,8.316710E0,-7.751047E0
5.576404E0,8.114914E0,-7.912756E0
5.580575E0,8.079928E0,-7.781904E0
5.584746E0,8.350293E0,-7.775344E0
5.588917E0,8.443066E0,-7.642487E0
5.593087E0,8.209865E0,-7.590254E0
5.597258E0,8.413199E0,-7.781515E0
5.601429E0,8.447962E0,-7.954048E0
5.605600E0,8.295878E0,-7.986985E0
5.609771E0,8.318949E0,-7.813579E0
5.613942E0,8.232595E0,-7.783929E0
5.618113E0,8.306036E0,-7.745456E0
5.622283E0,8.393718E0,-7.928593E0
5.626454E0,8.333453E0,-7.747939E0
5.630625E0,8.265640E0,-7.646424E0
5.634796E0,8.323518E0,-7.768178E0
5.638967E0,8.364824E0,-7.868059E0
5.643137E0,8.062445E0,-7.871154E0
5.647308E0,8.213012E0,-7.705586E0
5.651479E0,8.192608E0,-7.761993E0
5.655650E0,7.969067E0,-7.912315E0
5.659821E0,8.302576E0,-7.757501E0
5.663992E0,8.309162E0,-7.767801E0
5.668163E0,8.331583E0,-7.695151E0
5.672333E0,8.221468E0,-7.766242E0
5.676504E0,8.314082E0,-7.785580E0
5.680675E0,8.159557E0,-7.832756E0
5.684846E0,8.451139E0,-7.743294E0
5.689017E0,8.096207E0,-7.651570E0
5.693187E0,8.256824E0,-7.778068E0
5.697358E0,8.130478E0,-7.736463E0
5.701529E0,8.006547E0,-7.753917E0
5.705700E0,8.209653E0,-7.903280E0
5.709871E0,8.111591E0,-7.863529E0
5.714042E0,8.191698E0,-7.952335E0
5.718212E0,8.230500E0,-7.807242E0
5.722383E0,8.366901E0,-7.928381E0
5.726554E0,8.371108E0,-8.042415E0
5.730725E0,8.031065E0,-7.713698E0
5.734896E0,8.032471E0,-7.877249E0
5.739067E0,8.172595E0,-7.871378E0
5.743238E0,8.213661E0,-8.033927E0
5.747408E0,8.017872E0,-8.075884E0
5.751579E0,8.124397E0,-7.817037E0
5.755750E0,8.188139E0,-7.738505E0
5.759921E0,7.919451E0,-7.715164E0
5.764092E0,8.062967E0,-7.870714E0
5.768262E0,8.153279E0,-7.690563E0
5.772433E0,8.046258E0,-7.814542E0
5.776604E0,8.160329E0,-7.846866E0
5.780775E0,8.194525E0,-7.905470E0
5.784946E0,8.282570E0,-7.795069E0
5.789117E0,7.976782E0,-7.892679E0
5.793287E0,8.009998E0,-7.865159E0
5.797458E0,8.014240E0,-7.805950E0
5.801629E0,7.866050E0,-8.035497E0
5.805800E0,7.855250E0,-8.041929E0
5.809971E0,8.270198E0,-7.746688E0
5.814142E0,8.152103E0,-7.824397E0
5.818313E0,7.938178E0,-7.792216E0
5.822483E0,7.863913E0,-7.742605E0
5.826654E0,7.910341E0,-7.901879E0
5.830825E0,7.776656E0,-7.728720E0
5.834996E0,8.058385E0,-7.838994E0
5.839167E0,7.983614E0,-8.039233E0
5.843337E0,7.765968E0,-7.947915E0
5.847508E0,7.899131E0,-7.942687E0
5.851679E0,8.084201E0,-8.238515E0
5.855850E0,8.009627E0,-8.101547E0
5.860021E0,8.059146E0,-7.968943E0
5.864192E0,8.162247E0,-8.013729E0
5.868362E0,7.895883E0,-7.906076E0
5.872533E0,8.149243E0,-8.293683E0
5.876704E0,7.930614E0,-7.863774E0
5.880875E0,8.000253E0,-8.065623E0
5.885046E0,7.418293E0,-8.037083E0
5.889217E0,7.709991E0,-8.003632E0
5.893388E0,7.143160E0,-7.965286E0
5.897558E0,7.036682E0,-7.909800E0
5.901729E0,7.155809E0,-7.892195E0
5.905900E0,6.946912E0,-7.825892E0
5.910071E0,7.270437E0,-8.427692E0
5.914242E0,6.889822E0,-8.281118E0
5.918413E0,6.518072E0,-7.806784E0
5.922583E0,6.513527E0,-7.561725E0
5.926754E0,6.357716E0,-7.581885E0
5.930925E0,6.483960E0,-8.330694E0
5.935096E0,6.384756E0,-7.685952E0
5.939267E0,6.459501E0,-8.289609E0
5.943437E0,6.340702E0,-7.860365E0
5.947608E0,6.636632E0,-7.999293E0
5.951779E0,6.184363E0,-8.475687E0
5.955950E0,6.187705E0,-8.213945E0
5.960121E0,6.125322E0,-8.521616E0
5.964292E0,6.361266E0,-8.232994E0
5.968462E0,6.311436E0,-8.604140E0
5.972633E0,6.150303E0,-8.552972E0
5.976804E0,6.124064E0,-8.622790E0
5.980975E0,6.136672E0,-8.685156E0
5.985146E0,5.883565E0,-8.746968E0
5.989317E0,5.880227E0,-8.682329E0
5.993488E0,6.157593E0,-8.829660E0
5.997658E0,6.086810E0,-8.744662E0
6.001829E0,5.872480E0,-9.109145E0
6.006000E0,5.660480E0,-8.748285E0
6.010171E0,5.815564E0,-9.060571E0
6.014342E0,6.003821E0,-9.108835E0
6.018512E0,5.987333E0,-9.050564E0
6.022683E0,5.965315E0,-9.027139E0
6.026854E0,6.151422E0,-9.126471E0
6.031025E0,5.881996E0,-8.728482E0
6.035196E0,6.013039E0,-9.225071E0
6.039367E0,5.730790E0,-8.577672E0
6.043538E0,5.897461E0,-8.972640E0
6.047708E0,5.743554E0,-8.967236E0
6.051879E0,5.287142E0,-8.902014E0
6.056050E0,5.336642E0,-8.985259E0
6.060221E0,5.482122E0,-8.574924E0
6.064392E0,5.328040E0,-8.847202E0
6.068562E0,5.391825E0,-9.041536E0
6.072733E0,5.248742E0,-8.720046E0
6.076904E0,5.184607E0,-8.664055E0
6.081075E0,5.444294E0,-8.671832E0
6.085246E0,5.564154E0,-8.609113E0
6.089417E0,5.433689E0,-8.704153E0
6.093587E0,5.455222E0,-8.543879E0
6.097758E0,5.355620E0,-8.633272E0
6.101929E0,5.769998E0,-8.773545E0
6.106100E0,5.788192E0,-8.623796E0
6.110271E0,5.535978E0,-8.585060E0
6.114442E0,5.449944E0,-8.779881E0
6.118613E0,5.387946E0,-8.275164E0
6.122783E0,5.282254E0,-8.271516E0
6.126954E0,5.536865E0,-7.715161E0
6.131125E0,5.305020E0,-7.734540E0
6.135296E0,5.087887E0,-6.889878E0
6.139467E0,4.867456E0,-5.725145E0
6.143637E0,4.732154E0,-3.707334E0
6.147808E0,4.414835E0,-1.828696E0
6.151979E0,4.106285E0,-1.762820E-1
6.156150E0,4.031900E0,1.248312E0
6.160321E0,4.320244E0,2.558182E0
6.164492E0,3.729444E0,4.115572E0
6.168662E0,3.575979E0,5.321963E0
6.172833E0,3.367575E0,5.247394E0
6.177004E0,3.100538E0,4.823788E0
6.181175E0,3.745468E0,3.352333E0
6.185346E0,3.978623E0,3.750002E-1
6.189517E0,3.903774E0,-3.385544E0
6.193688E0,4.288902E0,-7.044675E0
6.197858E0,4.495814E0,-9.123542E0
6.202029E0,4.281818E0,-8.574130E0
6.206200E0,4.102784E0,-9.194380E0
6.210371E0,4.570775E0,-8.869691E0
6.214542E0,4.200809E0,-8.856660E0
6.218712E0,4.205225E0,-8.917092E0
6.222883E0,3.951963E0,-8.961641E0
6.227054E0,4.189500E0,-9.007490E0
6.231225E0,4.325849E0,-9.038392E0
6.235396E0,4.155888E0,-9.021587E0
6.239567E0,4.346346E0,-8.882378E0
6.243737E0,4.224728E0,-8.775615E0
6.247908E0,4.246445E0,-8.885904E0
6.252079E0,4.143669E0,-8.722500E0
6.256250E0,4.044740E0,-9.113973E0
6.260421E0,4.327774E0,-8.990731E0
6.264592E0,4.126629E0,-9.015934E0
6.268763E0,4.029282E0,-9.026980E0
6.272933E0,4.069678E0,-8.893551E0
6.277104E0,4.129711E0,-9.201837E0
6.281275E0,3.951065E0,-8.965155E0
6.285446E0,4.124359E0,-9.076662E0
6.289617E0,3.955078E0,-9.305227E0
6.293788E0,3.773322E0,-9.104403E0
6.297958E0,4.175296E0,-9.316637E0
6.302129E0,3.632218E0,-9.195818E0
6.306300E0,4.149346E0,-9.164746E0
6.310471E0,3.535954E0,-9.113831E0
6.314642E0,3.708349E0,-9.253854E0
6.318812E0,3.462292E0,-9.533503E0
6.322983E0,3.642420E0,-9.808589E0
6.327154E0,3.240725E0,-1.016783E1
6.331325E0,3.283905E0,-1.056338E1
6.335496E0,3.082951E0,-1.069478E1
6.339667E0,2.896778E0,-1.110422E1
6.343837E0,2.917025E0,-1.107328E1
6.348008E0,2.898608E0,-1.117626E1
6.352179E0,3.039065E0,-1.166338E1
6.356350E0,3.219982E0,-1.169154E1
6.360521E0,2.640038E0,-1.192106E1
