,mass A,,
t,x,y,
7.319813E0,3.309731E2,-5.338276E1
7.323983E0,3.164166E2,-4.935938E1
7.328154E0,2.989230E2,-4.168395E1
7.332325E0,2.809411E2,-3.678180E1
7.336496E0,2.605430E2,-3.182173E1
7.340667E0,2.359211E2,-2.625930E1
7.344838E0,1.868397E2,-3.025023E1
7.349008E0,1.459129E2,-1.957368E1
7.353179E0,1.032067E2,-1.957368E1
7.357350E0,6.939759E1,-7.117702E0
7.361521E0,2.313253E1,-5.338276E0
7.365692E0,-2.313253E1,5.338276E0
7.369863E0,-5.338276E1,1.601483E1
7.374033E0,-9.608897E1,1.779425E1
7.378204E0,-1.103244E2,1.957368E1
7.382375E0,-1.512512E2,2.847081E1
7.386546E0,-1.786407E2,3.257714E1
7.390717E0,-2.036395E2,3.434408E1
7.394888E0,-2.293649E2,3.375205E1
7.399058E0,-2.513991E2,3.646253E1
7.403229E0,-2.712062E2,3.663965E1
7.407400E0,-2.884683E2,3.890671E1
7.411571E0,-3.034524E2,4.318060E1
7.415742E0,-3.147741E2,5.905724E1
7.419913E0,-3.251080E2,6.234708E1
7.424083E0,-3.354522E2,6.298507E1
7.428254E0,-3.442575E2,6.311731E1
7.432425E0,-3.512765E2,6.447254E1
7.436596E0,-3.573270E2,6.506834E1
7.440767E0,-3.622054E2,6.552823E1
7.444938E0,-3.663267E2,6.542876E1
7.449108E0,-3.697216E2,6.557466E1
7.453279E0,-3.715399E2,6.628654E1
7.457450E0,-3.734780E2,6.627237E1
7.461621E0,-3.747650E2,6.613924E1
7.465792E0,-3.760009E2,6.574966E1
7.469963E0,-3.767137E2,6.487876E1
7.474133E0,-3.763815E2,6.416952E1
7.478304E0,-3.765173E2,6.370907E1
7.482475E0,-3.756192E2,6.317309E1
7.486646E0,-3.744345E2,6.232655E1
7.490817E0,-3.731444E2,6.060371E1
7.494988E0,-3.713532E2,5.988113E1
7.499158E0,-3.684792E2,5.901846E1
7.503329E0,-3.651213E2,5.743675E1
7.507500E0,-3.607374E2,5.584682E1
7.511671E0,-3.553847E2,5.397978E1
7.515842E0,-3.489777E2,5.248808E1
7.520013E0,-3.412959E2,5.020746E1
7.524183E0,-3.336531E2,4.864189E1
7.528354E0,-3.230901E2,4.572989E1
7.532525E0,-3.110617E2,4.323843E1
7.536696E0,-2.975112E2,4.018917E1
7.540867E0,-2.819663E2,2.225752E1
7.545038E0,-2.645512E2,1.999649E1
7.549208E0,-2.438468E2,1.629593E1
7.553379E0,-2.216230E2,1.435571E1
7.557550E0,-1.958105E2,1.394517E1
7.561721E0,-1.696840E2,1.030002E1
7.565892E0,-1.416515E2,7.046620E0
7.570063E0,-1.151302E2,5.844314E0
7.574233E0,-8.635203E1,4.606502E0
7.578404E0,-5.453142E1,2.611322E0
7.582575E0,-1.901437E1,-1.034863E0
7.586746E0,1.554909E1,-6.244396E0
7.590917E0,9.430955E1,-1.779425E1
7.595088E0,1.327247E2,-2.992071E1
7.599258E0,1.578909E2,-3.212845E1
7.603429E0,1.854115E2,-3.538588E1
7.607600E0,1.908169E2,-2.815860E1
7.611771E0,2.148516E2,-3.051519E1
7.615942E0,2.363495E2,-2.705937E1
7.620113E0,2.565249E2,-2.990567E1
7.624283E0,2.737427E2,-3.376644E1
7.628454E0,2.892398E2,-3.410252E1
7.632625E0,3.024546E2,-3.433856E1
7.636796E0,3.155511E2,-3.150025E1
7.640967E0,3.266059E2,-3.265497E1
7.645138E0,3.360428E2,-3.061696E1
7.649308E0,3.443997E2,-3.239966E1
7.653479E0,3.519796E2,-3.268416E1
7.657650E0,3.578932E2,-3.234628E1
7.661821E0,3.625008E2,-3.077938E1
7.665992E0,3.663026E2,-3.091344E1
7.670163E0,3.690556E2,-3.039191E1
7.674333E0,3.718677E2,-3.136362E1
7.678504E0,3.735410E2,-3.046277E1
7.682675E0,3.663008E2,-3.162212E1
7.686846E0,3.655812E2,-3.147587E1
7.691017E0,3.650676E2,-3.054203E1
7.695188E0,3.652051E2,-3.042393E1
7.699358E0,3.537113E2,-3.039055E1
7.703529E0,3.508812E2,-3.031637E1
7.707700E0,3.493041E2,-3.042587E1
7.711871E0,3.446910E2,-3.003414E1
7.716042E0,3.432699E2,-2.947203E1
7.720213E0,3.368419E2,-2.934093E1
7.724383E0,3.264139E2,-2.935156E1
7.728554E0,3.177216E2,-2.932434E1
7.732725E0,3.214932E2,-2.613837E1
7.736896E0,3.095076E2,-2.544311E1
7.741067E0,2.961745E2,-2.456141E1
7.745238E0,2.827625E2,-1.792741E1
7.749408E0,2.664644E2,-1.690964E1
7.753579E0,2.488965E2,-1.996092E1
7.757750E0,2.271824E2,-1.809471E1
7.761921E0,2.034302E2,-1.603235E1
7.766092E0,1.776828E2,-1.356639E1
7.770263E0,1.512382E2,-1.350384E1
7.774433E0,1.244703E2,-1.355788E1
7.778604E0,1.087409E2,-1.251869E1
7.782775E0,7.582852E1,-8.194610E0
7.786946E0,3.916021E1,-4.856754E0
7.791117E0,4.003673E0,-4.035371E0
7.795288E0,-3.156723E1,-3.107144E0
7.799458E0,-6.351338E1,-2.311441E0
7.803629E0,-9.288457E1,1.218694E0
7.807800E0,-1.214659E2,1.535317E0
7.811971E0,-1.487300E2,3.188505E0
7.816142E0,-1.758554E2,6.871386E-1
7.820313E0,-1.993414E2,7.709635E-1
7.824483E0,-2.204367E2,2.323283E0
7.828654E0,-2.398135E2,2.333511E0
7.832825E0,-2.570571E2,3.205193E0
7.836996E0,-2.716434E2,4.566375E0
7.841167E0,-2.849188E2,5.621897E0
7.845338E0,-2.963605E2,5.739426E0
7.849508E0,-3.057210E2,8.197218E0
7.853679E0,-3.126351E2,1.353379E1
7.857850E0,-3.185272E2,1.805347E1
7.862021E0,-3.243880E2,2.522460E1
7.866192E0,-3.287654E2,2.510413E1
7.870363E0,-3.332069E2,2.657910E1
7.874533E0,-3.365674E2,2.648572E1
7.878704E0,-3.386715E2,2.678477E1
7.882875E0,-3.403638E2,2.713046E1
7.887046E0,-3.417819E2,2.724020E1
7.891217E0,-3.418594E2,2.479169E1
7.895388E0,-3.414211E2,2.551752E1
7.899558E0,-3.413768E2,2.507397E1
7.903729E0,-3.400986E2,2.567603E1
7.907900E0,-3.373989E2,2.634556E1
7.912071E0,-3.348312E2,2.681093E1
7.916242E0,-3.316409E2,2.789080E1
7.920413E0,-3.275232E2,2.708612E1
7.924583E0,-3.224767E2,2.652949E1
7.928754E0,-3.157815E2,2.394125E1
7.932925E0,-3.085259E2,2.353937E1
7.937096E0,-3.002722E2,2.143890E1
7.941267E0,-2.888562E2,1.780545E1
7.945438E0,-2.778835E2,2.993522E0
7.949608E0,-2.639493E2,2.645037E0
7.953779E0,-2.486720E2,8.137863E-1
7.957950E0,-2.313322E2,-8.496575E-1
7.962121E0,-2.116535E2,-5.445333E0
7.966292E0,-1.896942E2,-5.646061E0
7.970463E0,-1.642751E2,4.055144E0
7.974633E0,-1.369422E2,-1.964404E-1
7.978804E0,-1.085927E2,-2.150153E0
7.982975E0,-7.834654E1,-5.800444E0
7.987146E0,-4.736521E1,-6.897005E0
7.991317E0,-3.265019E1,-6.373624E-1
7.995488E0,3.100878E0,6.650430E-1
7.999658E0,3.651887E1,-9.467799E-3
8.003829E0,9.056712E1,-1.162719E1
8.008000E0,1.206223E2,-1.559481E1
8.012171E0,1.490580E2,-1.843487E1
8.016342E0,1.532520E2,-1.181615E1
8.020513E0,1.774670E2,-1.232992E1
8.024683E0,2.014757E2,-1.356291E1
8.028854E0,2.214197E2,-1.348032E1
8.033025E0,2.410252E2,-1.521148E1
8.037196E0,2.584487E2,-1.430842E1
8.041367E0,2.728842E2,-1.483272E1
8.045538E0,2.852213E2,-1.624812E1
8.049708E0,2.968135E2,-1.194628E1
8.053879E0,3.073841E2,-1.768056E1
8.058050E0,3.150230E2,-1.823292E1
8.062221E0,3.220699E2,-1.622558E1
8.066392E0,3.284922E2,-1.657833E1
8.070563E0,3.339953E2,-1.824084E1
8.074733E0,3.383285E2,-1.791752E1
8.078904E0,3.265556E2,-1.025113E1
8.083075E0,3.299292E2,-1.164842E1
8.087246E0,3.321729E2,-1.246092E1
8.091417E0,3.263289E2,-1.825810E1
8.095588E0,3.249212E2,-1.852577E1
8.099758E0,3.247815E2,-1.918399E1
8.103929E0,3.227086E2,-1.890235E1
8.108100E0,3.163971E2,-1.953462E1
8.112271E0,3.272227E2,-1.978066E1
8.116442E0,3.225418E2,-1.949798E1
8.120613E0,3.155448E2,-1.961780E1
8.124783E0,3.089845E2,-1.982221E1
8.128954E0,3.114184E2,-1.617667E1
8.133125E0,3.029945E2,-1.940424E1
8.137296E0,2.925081E2,-1.960362E1
8.141467E0,2.815952E2,-1.625241E1
8.145638E0,2.703792E2,-1.618314E1
8.149808E0,2.560516E2,-1.653992E1
8.153979E0,2.384304E2,-1.733658E1
8.158150E0,2.192653E2,-1.472488E1
8.162321E0,1.973474E2,-1.224826E1
8.166492E0,1.740635E2,-1.190671E1
8.170663E0,1.524167E2,-1.653905E1
8.174833E0,1.257775E2,-1.537862E1
8.179004E0,9.920976E1,-1.496345E1
8.183175E0,6.472688E1,-3.309135E0
8.187346E0,3.088448E1,-3.128655E0
8.191517E0,-2.983406E0,-4.510201E0
8.195688E0,-4.163833E1,-8.548515E0
8.199858E0,-4.759684E1,-7.589087E0
8.204029E0,-7.754386E1,-7.893920E0
8.208200E0,-1.054929E2,-7.449567E0
8.212371E0,-1.305510E2,-5.280687E0
8.216542E0,-1.549206E2,3.726436E0
8.220713E0,-1.772046E2,6.248225E0
8.224883E0,-1.995211E2,-2.092865E0
8.229054E0,-2.177041E2,-2.604666E-2
8.233225E0,-2.337759E2,2.578985E0
8.237396E0,-2.476066E2,3.772567E0
8.241567E0,-2.604603E2,4.724966E0
8.245738E0,-2.727015E2,6.178040E0
8.249908E0,-2.823032E2,5.869362E0
8.254079E0,-2.906284E2,7.330203E0
8.258250E0,-2.974381E2,7.907418E0
8.262421E0,-3.035345E2,7.728188E0
8.266592E0,-3.095557E2,4.079751E0
8.270763E0,-3.104944E2,2.250272E1
8.274933E0,-3.137169E2,2.489850E1
8.279104E0,-3.166283E2,2.809418E1
8.283275E0,-3.175928E2,2.758861E1
8.287446E0,-3.184992E2,2.832704E1
8.291617E0,-3.184546E2,2.845011E1
8.295788E0,-3.175467E2,2.878339E1
8.299958E0,-3.153695E2,2.668230E1
8.304129E0,-3.130339E2,2.521665E1
8.308300E0,-3.092760E2,2.480438E1
8.312471E0,-3.049827E2,2.334530E1
8.316642E0,-3.004174E2,2.687368E1
8.320813E0,-2.945169E2,2.579948E1
8.324983E0,-2.864252E2,1.928031E1
8.329154E0,-2.787816E2,9.361797E0
8.333325E0,-2.686731E2,9.457117E0
8.337496E0,-2.566810E2,8.972325E0
8.341667E0,-2.453058E2,1.725896E0
8.345838E0,-2.297609E2,3.582050E0
8.350008E0,-2.133430E2,3.004447E0
8.354179E0,-1.947618E2,2.630436E0
8.358350E0,-1.723185E2,4.658127E0
8.362521E0,-1.496504E2,3.463153E0
8.366692E0,-1.240885E2,8.591930E-2
8.370863E0,-9.687660E1,-8.130509E-1
8.375033E0,-6.858426E1,-5.197997E0
8.379204E0,-6.148929E1,-1.042933E1
8.383375E0,-2.432379E1,-8.328070E0
8.387546E0,1.601483E1,-5.338276E0
8.391717E0,4.795757E1,-9.093681E0
8.395888E0,7.859350E1,-1.244043E1
8.400058E0,1.050925E2,-1.808814E1
8.404229E0,1.248802E2,-1.805462E1
8.408400E0,1.491761E2,-1.789403E1
8.412571E0,1.706837E2,-1.798368E1
8.416742E0,1.918112E2,-1.914090E1
8.420913E0,2.101744E2,-1.402826E1
8.425083E0,2.296237E2,-2.003300E1
8.429254E0,2.457164E2,-1.958301E1
8.433425E0,2.591471E2,-1.608503E1
8.437596E0,2.727437E2,-1.750858E1
8.441767E0,2.830618E2,-1.581800E1
8.445938E0,2.927815E2,-1.896427E1
8.450108E0,3.015777E2,-2.024726E1
8.454279E0,3.091336E2,-1.706362E1
8.458450E0,3.152586E2,-1.800901E1
8.462621E0,3.236730E2,1.931105E0
8.466792E0,3.279886E2,1.855323E0
8.470963E0,3.303949E2,1.770277E0
8.475133E0,3.317269E2,1.897881E0
8.479304E0,3.329177E2,2.038165E0
8.483475E0,3.330793E2,2.161744E0
8.487646E0,3.314968E2,2.341969E0
8.491817E0,3.289056E2,2.583842E0
8.495988E0,3.262704E2,2.509003E0
8.500158E0,3.218079E2,2.387244E0
8.504329E0,3.159729E2,2.308263E0
8.508500E0,3.095044E2,2.552847E0
8.512671E0,3.013785E2,2.340105E0
8.516842E0,2.850405E2,-1.812892E1
8.521013E0,2.770641E2,-1.809148E1
8.525183E0,2.652190E2,-1.812021E1
8.529354E0,2.507504E2,-1.565611E1
8.533525E0,2.362831E2,-1.836982E1
8.537696E0,2.200006E2,-1.802615E1
8.541867E0,2.012648E2,-1.946157E1
8.546038E0,1.807606E2,-1.902061E1
8.550208E0,1.589424E2,-1.831249E1
8.554379E0,1.353269E2,-1.736804E1
8.558550E0,1.126749E2,-1.914604E1
8.562721E0,8.749178E1,-1.159445E1
8.566892E0,5.651417E1,-8.988471E0
8.571063E0,2.454063E1,-7.045689E0
8.575233E0,-6.865540E0,-9.088650E0
8.579404E0,-4.838184E1,-5.055704E0
8.583575E0,-7.980277E1,-6.743197E0
8.587746E0,-7.973531E1,-4.296461E0
8.591917E0,-1.048003E2,-1.993648E0
8.596088E0,-1.277761E2,1.362648E0
8.600258E0,-1.496178E2,4.037134E0
8.604429E0,-1.711349E2,9.226181E0
8.608600E0,-1.890971E2,8.938446E0
8.612771E0,-2.053743E2,8.142146E0
8.616942E0,-2.205825E2,9.470515E0
8.621113E0,-2.347442E2,7.259434E0
8.625283E0,-2.439876E2,1.167381E1
8.629454E0,-2.537963E2,1.028466E1
8.633625E0,-2.629286E2,1.046082E1
8.637796E0,-2.698265E2,1.256461E1
8.641967E0,-2.767434E2,1.163904E1
8.646138E0,-2.799700E2,2.219621E1
8.650308E0,-2.838037E2,2.352406E1
8.654479E0,-2.869849E2,2.386354E1
8.658650E0,-2.889589E2,2.383724E1
8.662821E0,-2.907067E2,2.423152E1
8.666992E0,-2.913608E2,2.428999E1
8.671163E0,-2.905440E2,2.464705E1
8.675333E0,-2.887918E2,2.455128E1
8.679504E0,-2.867274E2,2.348225E1
8.683675E0,-2.837137E2,2.343947E1
8.687846E0,-2.790321E2,2.138422E1
8.692017E0,-2.737159E2,2.145492E1
8.696188E0,-2.679395E2,1.948144E1
8.700358E0,-2.600767E2,1.771482E1
8.704529E0,-2.516407E2,1.852145E1
8.708700E0,-2.416224E2,1.744573E1
8.712871E0,-2.320795E2,7.630371E-1
8.717042E0,-2.182240E2,1.110054E0
8.721213E0,-2.016702E2,5.577846E0
8.725383E0,-1.854012E2,7.401078E0
8.729554E0,-1.670078E2,7.153019E0
8.733725E0,-1.453233E2,3.914389E0
8.737896E0,-1.225610E2,5.677116E0
8.742067E0,-9.779218E1,-5.103645E0
8.746238E0,-7.209082E1,-7.003788E0
8.750408E0,-6.943305E1,-7.292117E0
8.754579E0,-3.180393E1,-8.959082E0
8.758750E0,7.117702E0,-1.067655E1
8.762921E0,3.698445E1,-1.316174E1
8.767092E0,6.523373E1,-1.773507E1
8.771263E0,9.160705E1,-1.959329E1
8.775433E0,1.183901E2,-2.192367E1
8.779604E0,1.423813E2,-2.353013E1
8.783775E0,1.514499E2,-1.946280E1
8.787946E0,1.706648E2,-1.997043E1
8.792117E0,1.888774E2,-2.004683E1
8.796288E0,2.060511E2,-1.966400E1
8.800458E0,2.202421E2,-1.901014E1
8.804629E0,2.340389E2,-1.686405E1
8.808800E0,2.468033E2,-1.112808E1
8.812971E0,2.574520E2,-1.177118E1
8.817142E0,2.667446E2,-1.494936E1
8.821313E0,2.753771E2,-1.592157E1
8.825483E0,2.822953E2,-1.457593E1
8.829654E0,2.873041E2,-1.409272E1
8.833825E0,2.920025E2,-1.413076E1
8.837996E0,2.954421E2,-1.357247E1
8.842167E0,2.973603E2,-1.306466E1
8.846338E0,2.981893E2,-1.275904E1
8.850508E0,2.983716E2,-1.245557E1
8.854679E0,2.968821E2,-1.268724E1
8.858850E0,2.949691E2,-1.217016E1
8.863021E0,2.916314E2,-1.217357E1
8.867192E0,2.873327E2,-1.114366E1
8.871363E0,2.812322E2,-1.183312E1
8.875533E0,2.738593E2,-1.070449E1
8.879704E0,2.662772E2,-1.052792E1
8.883875E0,2.581448E2,-1.350989E1
8.888046E0,2.460987E2,-7.150386E0
8.892217E0,2.333444E2,-5.559060E0
8.896388E0,2.189628E2,-4.413014E0
8.900558E0,2.048818E2,-1.343447E1
8.904729E0,1.884922E2,-1.362527E1
8.908900E0,1.693677E2,-1.318778E1
8.913071E0,1.487298E2,-1.269196E1
8.917242E0,1.277535E2,-1.088882E1
8.921413E0,1.040302E2,-1.059949E1
8.925583E0,8.592673E1,-1.160665E1
8.929754E0,5.905634E1,-1.112984E1
8.933925E0,3.025868E1,-1.054145E1
8.938096E0,2.369502E-1,-9.338506E0
8.942267E0,-4.418642E1,8.291489E-1
8.946438E0,-7.311203E1,-5.982435E0
8.950608E0,-6.998620E1,-8.061533E0
8.954779E0,-7.559246E1,6.622054E0
8.958950E0,-1.108417E2,-7.898525E0
8.963121E0,-1.216576E2,6.962955E0
8.967292E0,-1.003754E2,3.385848E0
8.971463E0,-8.800664E1,7.637186E0
8.975633E0,-7.430130E1,9.100710E0
8.979804E0,-9.394431E1,9.073375E0
8.983975E0,-1.279225E2,7.681295E0
8.988146E0,-2.102828E2,-1.842125E1
8.992317E0,-2.163953E2,-7.434923E-1
8.996488E0,-2.139889E2,4.027664E0
9.000658E0,-2.438976E2,-1.696266E0
9.004829E0,-2.537506E2,-7.813933E0
9.009000E0,-2.568498E2,9.064294E-1
9.013171E0,-2.598201E2,3.742036E-1
9.017342E0,-2.615933E2,-2.362733E0
9.021513E0,-2.632734E2,-8.723929E-1
9.025683E0,-2.627102E2,-1.395445E-1
9.029854E0,-2.390618E2,-6.024522E0
9.034025E0,-2.389462E2,-5.868413E0
9.038196E0,-2.532921E2,-1.036334E1
9.042367E0,-2.491146E2,-1.176133E1
9.046538E0,-2.437142E2,-1.255901E1
9.050708E0,-2.444500E2,-2.741937E0
9.054879E0,-2.410851E2,-1.343969E1
9.059050E0,-2.336485E2,-1.486330E1
9.063221E0,-2.248955E2,-1.641025E1
9.067392E0,-2.129371E2,-1.637457E1
9.071563E0,-1.979345E2,-1.424766E1
9.075733E0,-1.824376E2,-1.106239E1
9.079904E0,-1.671453E2,-1.070528E1
9.084075E0,-1.495216E2,-8.688289E0
9.088246E0,-1.297900E2,-1.031965E1
9.092417E0,-1.090009E2,-1.290416E1
9.096588E0,-8.579909E1,-1.459382E1
9.100758E0,-6.115189E1,-1.466258E1
9.104929E0,-3.577794E1,-1.424477E1
9.109100E0,-8.459116E0,-1.347497E1
9.113271E0,1.932068E1,-1.412464E1
9.117442E0,4.575323E1,-1.288060E1
9.121613E0,7.161356E1,-1.020373E1
9.125783E0,9.899073E1,-9.308278E0
9.129954E0,1.221023E2,-8.921676E0
9.134125E0,1.443603E2,-1.036627E1
9.138296E0,1.649735E2,-1.089036E1
9.142467E0,1.602190E2,-4.534532E0
9.146638E0,1.764000E2,-3.346085E0
9.150808E0,1.915388E2,-1.791210E0
9.154979E0,2.045664E2,1.024962E1
9.159150E0,2.166605E2,1.192601E1
9.163321E0,2.286068E2,1.553133E0
9.167492E0,2.376171E2,2.562604E0
9.171663E0,2.455730E2,3.315716E0
9.175833E0,2.518507E2,7.076786E0
9.180004E0,2.576202E2,8.267892E0
9.184175E0,2.621071E2,8.237875E0
9.188346E0,2.652627E2,9.005787E0
9.192517E0,2.670298E2,9.446867E0
9.196688E0,2.678126E2,9.290695E0
9.200858E0,2.673805E2,9.908355E0
9.205029E0,2.657224E2,1.020324E1
9.209200E0,2.630658E2,1.020887E1
9.213371E0,2.592015E2,1.064565E1
9.217542E0,2.537187E2,1.094554E1
9.221713E0,2.477711E2,1.092212E1
9.225883E0,2.407244E2,5.469076E0
9.230054E0,2.317971E2,4.416102E0
9.234225E0,2.217790E2,4.653340E0
9.238396E0,2.098965E2,4.122149E0
9.242567E0,1.972265E2,3.313164E0
9.246738E0,1.820724E2,1.329525E0
9.250908E0,1.656720E2,2.118921E-1
9.255079E0,1.488006E2,-6.884304E-1
9.259250E0,1.294106E2,-1.921504E0
9.263421E0,1.092052E2,-3.382188E0
9.267592E0,8.686204E1,-4.290367E0
9.271763E0,6.438710E1,-4.475754E0
9.275933E0,4.041567E1,-4.181644E0
9.280104E0,1.137978E1,-5.034997E0
9.284275E0,-1.982259E1,-8.695405E0
9.288446E0,-4.923832E1,-1.092070E1
9.292617E0,-7.786785E1,-1.222017E1
9.296788E0,-7.148313E1,-1.675941E1
9.300958E0,-9.275412E1,-1.834024E1
9.305129E0,-1.126389E2,-1.967487E1
9.309300E0,-1.311398E2,-2.031777E1
9.313471E0,-1.474423E2,-2.054081E1
9.317642E0,-1.626358E2,-2.098408E1
9.321813E0,-1.766094E2,-2.056995E1
9.325983E0,-1.891292E2,-2.496262E1
9.330154E0,-2.010069E2,-2.821492E1
9.334325E0,-2.096798E2,-2.862079E1
9.338496E0,-2.180965E2,-2.852628E1
9.342667E0,-2.257304E2,-2.966490E1
9.346838E0,-2.310958E2,-2.923300E1
9.351008E0,-2.346895E2,-2.809511E1
9.355179E0,-2.386245E2,-2.877735E1
9.359350E0,-2.407875E2,-2.756936E1
9.363521E0,-2.420739E2,-2.741734E1
9.367692E0,-2.426450E2,-2.985373E1
9.371863E0,-2.417715E2,-2.955812E1
9.376033E0,-2.396226E2,-2.904076E1
9.380204E0,-2.359751E2,-2.856002E1
9.384375E0,-2.315779E2,-2.899052E1
9.388546E0,-2.277321E2,-3.074131E1
9.392717E0,-2.208628E2,-3.072554E1
9.396888E0,-2.129008E2,-3.068623E1
9.401058E0,-2.035100E2,-3.085946E1
9.405229E0,-1.909366E2,-2.848641E1
9.409400E0,-1.769270E2,-2.651742E1
9.413571E0,-1.616824E2,-1.831081E1
9.417742E0,-1.468619E2,-1.537782E1
9.421913E0,-1.300290E2,-1.580029E1
9.426083E0,-1.120007E2,-1.402045E1
9.430254E0,-9.175360E1,-1.558304E1
9.434425E0,-7.065585E1,-1.504008E1
9.438596E0,-4.700095E1,-1.384127E1
9.442767E0,-2.271729E1,-1.174745E1
9.446938E0,3.772932E0,-9.659027E0
9.451108E0,3.051102E1,-7.500855E0
9.455279E0,5.509665E1,-6.448116E0
9.459450E0,7.923288E1,-5.215209E0
9.463621E0,1.023616E2,-3.878416E0
9.467792E0,1.242384E2,-1.738326E0
9.471963E0,1.436958E2,-2.469407E0
9.476133E0,1.628347E2,-1.270968E0
9.480304E0,1.800736E2,-3.027575E0
9.484475E0,1.942370E2,-3.194689E0
9.488646E0,1.782786E2,1.500266E1
9.492817E0,1.920314E2,4.462418E0
9.496988E0,2.037300E2,4.509509E0
9.501158E0,2.124365E2,5.451915E0
9.505329E0,2.200211E2,5.899958E0
9.509500E0,2.254967E2,9.439338E0
9.513671E0,2.301843E2,9.548096E0
9.517842E0,2.342073E2,9.844849E0
9.522013E0,2.370457E2,9.636213E0
9.526183E0,2.389341E2,9.286764E0
9.530354E0,2.394309E2,9.369240E0
9.534525E0,2.385569E2,9.242893E0
9.538696E0,2.361628E2,8.623478E0
9.542867E0,2.329741E2,7.899694E0
9.547038E0,2.284109E2,8.251257E0
9.551208E0,2.226615E2,6.946752E0
9.555379E0,2.171987E2,1.452183E0
9.559550E0,2.094291E2,-3.652818E-1
9.563721E0,1.997604E2,-1.297496E0
9.567892E0,1.889925E2,-2.372638E0
9.572063E0,1.769152E2,-4.058454E0
9.576233E0,1.630145E2,-5.290619E0
9.580404E0,1.477467E2,-6.765959E0
9.584575E0,1.319571E2,-8.899707E0
9.588746E0,1.146033E2,-9.343627E0
9.592917E0,9.436016E1,-1.089126E1
9.597088E0,7.369266E1,-1.176674E1
9.601258E0,5.185373E1,-1.116190E1
9.605429E0,2.687727E1,-1.178468E1
9.609600E0,1.189507E0,-1.148177E1
9.613771E0,-2.690425E1,-1.322859E1
9.617942E0,-5.374647E1,-1.401321E1
9.622113E0,-8.092474E1,-1.249543E1
9.626283E0,-1.032498E2,-1.506089E1
9.630454E0,-9.018466E1,-1.356516E1
9.634625E0,-1.081107E2,-1.181422E1
9.638796E0,-1.255723E2,-1.009708E1
9.642967E0,-1.411344E2,-9.238705E0
9.647138E0,-1.549350E2,-6.500458E0
9.651308E0,-1.678351E2,-6.282602E0
9.655479E0,-1.779420E2,-6.212660E0
9.659650E0,-1.886693E2,-1.295840E1
9.663821E0,-2.008414E2,-1.662412E1
9.667992E0,-2.085793E2,-1.659778E1
9.672163E0,-2.141254E2,-1.531375E1
9.676333E0,-2.183412E2,-1.423213E1
9.680504E0,-2.216213E2,-1.354170E1
9.684675E0,-2.239633E2,-1.243542E1
9.688846E0,-2.248255E2,-1.155361E1
9.693017E0,-2.243178E2,-1.044076E1
9.697188E0,-2.230140E2,-9.603803E0
9.701358E0,-2.207868E2,-9.490903E0
9.705529E0,-2.180425E2,-9.356285E0
9.709700E0,-2.119809E2,-8.502694E0
9.713871E0,-2.050092E2,-7.684694E0
9.718042E0,-1.980571E2,-7.499980E0
9.722213E0,-1.896562E2,-7.630492E0
9.726383E0,-1.795810E2,-7.779504E0
9.730554E0,-1.626981E2,-2.819696E0
9.734725E0,-1.469657E2,7.754998E0
9.738896E0,-1.339286E2,1.249053E1
9.743067E0,-1.183316E2,1.212677E1
9.747238E0,-9.972580E1,1.010318E1
9.751408E0,-8.064683E1,1.001658E1
9.755579E0,-5.993964E1,6.449628E0
9.759750E0,-3.784721E1,3.735248E0
9.763921E0,-1.511158E1,2.290768E0
9.768092E0,7.615114E0,3.467637E-1
9.772263E0,3.315118E1,-1.559523E0
9.776433E0,5.559007E1,-2.619165E0
9.780604E0,7.690732E1,-6.320924E0
9.784775E0,9.758339E1,-8.512430E0
9.788946E0,1.186513E2,-1.240709E1
9.793117E0,1.382194E2,-1.679708E1
9.797288E0,1.545703E2,-2.079089E1
9.801458E0,1.698153E2,-2.331903E1
9.805629E0,1.530029E2,-1.079504E1
9.809800E0,1.656916E2,-1.416016E1
9.813971E0,1.760264E2,-1.463440E1
9.818142E0,1.858953E2,-2.731525E1
9.822313E0,1.928752E2,-2.818903E1
9.826483E0,1.988884E2,-2.660565E1
9.830654E0,2.038914E2,-2.755143E1
9.834825E0,2.078671E2,-2.928016E1
9.838996E0,2.105868E2,-2.993083E1
9.843167E0,2.116259E2,-3.067479E1
9.847338E0,2.120543E2,-3.080706E1
9.851508E0,2.108957E2,-3.174593E1
9.855679E0,2.086963E2,-3.188824E1
9.859850E0,2.051741E2,-3.189706E1
9.864021E0,2.008045E2,-3.232333E1
9.868192E0,1.947754E2,-3.271501E1
9.872363E0,1.890613E2,-3.503555E1
9.876533E0,1.801225E2,-3.491968E1
9.880704E0,1.705691E2,-3.485623E1
9.884875E0,1.597718E2,-3.326938E1
9.889046E0,1.475318E2,-3.246175E1
9.893217E0,1.340184E2,-3.081966E1
9.897388E0,1.192167E2,-2.898185E1
9.901558E0,1.024555E2,-2.722053E1
9.905729E0,8.478176E1,-2.403607E1
9.909900E0,6.632468E1,-2.109346E1
9.914071E0,4.670595E1,-1.665055E1
9.918242E0,2.457592E1,-1.677435E1
9.922413E0,-1.053640E-2,-1.337636E1
9.926583E0,-2.542547E1,-9.557299E0
9.930754E0,-5.556817E1,1.068198E1
9.934925E0,-7.731246E1,1.034584E1
9.939096E0,-9.675168E1,9.029779E0
9.943267E0,-8.076341E1,6.782920E0
9.947438E0,-9.858119E1,1.285632E1
9.951608E0,-1.140185E2,1.827599E1
9.955779E0,-1.277700E2,1.915863E1
9.959950E0,-1.406101E2,2.233486E1
9.964121E0,-1.520295E2,2.333145E1
9.968292E0,-1.615968E2,2.615139E1
9.972463E0,-1.704534E2,2.856301E1
9.976633E0,-1.781775E2,3.286812E1
9.980804E0,-1.827844E2,3.593344E1
9.984975E0,-1.846314E2,3.196981E1
9.989146E0,-1.868181E2,2.966259E1
9.993317E0,-1.974853E2,1.505817E1
9.997488E0,-1.985500E2,1.497987E1
1.000166E1,-1.989885E2,1.456809E1
1.000583E1,-1.967123E2,1.409168E1
1.001000E1,-1.947343E2,1.315436E1
1.001417E1,-1.919018E2,1.145470E1
1.001834E1,-1.868759E2,1.050704E1
1.002251E1,-1.800041E2,9.370449E0
1.002668E1,-1.723961E2,7.285998E0
1.003085E1,-1.553608E2,1.279279E1
1.003503E1,-1.446567E2,1.109201E1
1.003920E1,-1.325070E2,1.340965E1
1.004337E1,-1.204742E2,1.204618E1
1.004754E1,-1.055462E2,1.476067E1
1.005171E1,-8.987275E1,1.004567E1
1.005588E1,-7.192107E1,6.521494E0
1.006005E1,-5.378965E1,2.520913E0
1.006422E1,-3.302749E1,-1.156865E0
1.006839E1,-1.118316E1,-3.131323E0
1.007256E1,1.060468E1,-6.678740E0
1.007673E1,3.333238E1,-1.099453E1
1.008090E1,5.337335E1,-1.588454E1
1.008508E1,7.277612E1,-1.746983E1
1.008925E1,9.183760E1,-2.018410E1
1.009342E1,1.103978E2,-2.130713E1
1.009759E1,1.280707E2,-2.373133E1
1.010176E1,1.441148E2,-2.661721E1
1.010593E1,1.577855E2,-2.820800E1
1.011010E1,1.701130E2,-3.111305E1
1.011427E1,1.481112E2,-1.786419E1
1.011844E1,1.588000E2,-3.128313E1
1.012261E1,1.663676E2,-3.230522E1
1.012678E1,1.717857E2,-3.269446E1
1.013095E1,1.770383E2,-3.245887E1
1.013513E1,1.800041E2,-2.887202E1
1.013930E1,1.823391E2,-2.858011E1
1.014347E1,1.832945E2,-2.799831E1
1.014764E1,1.830618E2,-2.852719E1
1.015181E1,1.817482E2,-2.686875E1
1.015598E1,1.797719E2,-2.627837E1
1.016015E1,1.762540E2,-2.575933E1
1.016432E1,1.713962E2,-2.520117E1
1.016849E1,1.662891E2,-2.620057E1
1.017266E1,1.598217E2,-2.644941E1
1.017683E1,1.516134E2,-2.542274E1
1.018100E1,1.416368E2,-2.354399E1
1.018518E1,1.303915E2,-2.196535E1
1.018935E1,1.186446E2,-1.999237E1
1.019352E1,1.066846E2,-1.772319E1
1.019769E1,9.133799E1,-1.556978E1
1.020186E1,7.465762E1,-1.232331E1
1.020603E1,5.686794E1,-8.641730E0
1.021020E1,3.653342E1,-6.434644E0
1.021437E1,1.473495E1,-2.915924E0
1.021854E1,-7.621513E0,-1.980590E0
1.022271E1,-3.192301E1,-2.338745E0
1.022688E1,-5.383024E1,-2.907165E0
1.023105E1,-7.489845E1,-2.346452E0
1.023523E1,-9.447961E1,-1.451782E0
1.023940E1,-1.105661E2,-4.836297E0
1.024357E1,-1.257416E2,-4.986938E0
1.024774E1,-1.047792E2,1.603644E0
1.025191E1,-1.186470E2,5.008692E0
1.025608E1,-1.301859E2,5.894402E0
1.026025E1,-1.395650E2,6.434629E0
1.026442E1,-1.485274E2,8.324425E0
1.026859E1,-1.554859E2,8.524324E0
1.027276E1,-1.613566E2,8.030648E0
1.027693E1,-1.651084E2,9.355855E0
1.028110E1,-1.675361E2,9.955950E0
1.028528E1,-1.685049E2,1.051991E1
1.028945E1,-1.687606E2,1.064460E1
1.029362E1,-1.675737E2,1.168103E1
1.029779E1,-1.648613E2,1.088030E1
1.030196E1,-1.588461E2,4.307249E0
1.030613E1,-1.571733E2,-8.332650E0
1.031030E1,-1.508346E2,-8.615465E0
1.031447E1,-1.410947E2,-4.343910E0
1.031864E1,-1.320028E2,-3.536508E0
1.032281E1,-1.229046E2,-3.985393E0
1.032698E1,-1.126937E2,-2.680529E0
1.033115E1,-1.028782E2,9.940449E-1
1.033533E1,-8.957134E1,1.460181E0
1.033950E1,-7.507026E1,2.857356E0
1.034367E1,-5.861444E1,-4.981816E-1
1.034784E1,-4.017469E1,-2.974171E0
1.035201E1,-2.143797E1,-2.739724E0
1.035618E1,-1.414316E0,-2.682571E0
1.036035E1,1.873910E1,-3.210206E0
1.036452E1,3.949892E1,-5.597681E0
1.036869E1,5.746660E1,-6.814814E0
1.037286E1,7.478547E1,-6.836593E0
1.037703E1,9.138623E1,-8.408179E0
1.038120E1,1.078865E2,-4.349982E0
1.038538E1,1.224523E2,-3.739144E0
1.038955E1,1.362222E2,-5.382941E0
1.039372E1,1.480160E2,-7.270498E0
1.039789E1,1.588921E2,-7.679920E0
1.040206E1,1.677521E2,-8.649933E0
1.040623E1,1.748086E2,-8.424600E0
1.041040E1,1.490524E2,-1.789336E1
1.041457E1,1.529403E2,-1.829650E1
1.041874E1,1.552315E2,-1.756464E1
1.042291E1,1.563780E2,-1.721656E1
1.042708E1,1.567835E2,-1.889659E1
1.043125E1,1.560345E2,-1.860091E1
1.043543E1,1.541967E2,-1.864934E1
1.043960E1,1.511903E2,-1.901411E1
1.044377E1,1.472882E2,-1.957608E1
1.044794E1,1.416915E2,-2.012219E1
1.045211E1,1.360731E2,-1.955893E1
1.045628E1,1.281402E2,-1.949705E1
1.046045E1,1.187511E2,-1.939354E1
1.046462E1,1.095715E2,-1.874910E1
1.046879E1,9.729277E1,-1.828386E1
1.047296E1,8.475890E1,-1.676820E1
1.047713E1,7.065220E1,-1.554038E1
1.048130E1,5.481686E1,-1.388148E1
1.048548E1,3.710982E1,-1.217442E1
1.048965E1,1.698669E1,-1.128128E1
1.049382E1,-4.019825E0,-1.118788E1
1.049799E1,-2.461836E1,-9.811315E0
1.050216E1,-4.556007E1,-8.645503E0
1.050633E1,-6.406695E1,-8.605311E0
1.051050E1,-8.305494E1,-3.376552E0
1.051467E1,-9.855302E1,-1.808131E0
1.051884E1,-1.120702E2,-2.280986E0
1.052301E1,-8.989634E1,2.362387E0
1.052718E1,-1.017745E2,4.781295E0
1.053135E1,-1.117364E2,5.370760E0
1.053553E1,-1.201693E2,6.182542E0
1.053970E1,-1.269660E2,7.150683E0
1.054387E1,-1.325591E2,7.729453E0
1.054804E1,-1.371266E2,7.762848E0
1.055221E1,-1.401223E2,7.922356E0
1.055638E1,-1.417599E2,8.798167E0
1.056055E1,-1.422452E2,9.252269E0
1.056472E1,-1.411900E2,9.587299E0
1.056889E1,-1.387563E2,9.145808E0
1.057306E1,-1.356106E2,9.735401E0
1.057723E1,-1.314340E2,9.442708E0
1.058140E1,-1.258915E2,9.780889E0
1.058558E1,-1.189866E2,1.054456E1
1.058975E1,-1.105350E2,1.049266E1
1.059392E1,-1.013861E2,1.018932E1
1.059809E1,-9.071919E1,1.016313E1
1.060226E1,-7.872347E1,1.157002E1
1.060643E1,-6.477216E1,1.145525E1
1.061060E1,-4.969475E1,1.094883E1
1.061477E1,-3.303467E1,4.982255E0
1.061894E1,-1.580504E1,3.304023E0
1.062311E1,2.213048E0,2.228923E-1
1.062728E1,2.038486E1,-3.776163E0
1.063145E1,3.818666E1,-4.497726E0
1.063563E1,5.387672E1,-6.958422E0
1.063980E1,6.930342E1,-1.065821E1
1.064397E1,8.416322E1,-8.936826E0
1.064814E1,9.651457E1,-1.150447E1
1.065231E1,1.084376E2,-1.379021E1
1.065648E1,1.192457E2,-1.656849E1
1.066065E1,1.292047E2,-1.936933E1
1.066482E1,1.373632E2,-1.992957E1
1.066899E1,1.443011E2,-2.275259E1
1.067316E1,1.497226E2,-2.480842E1
1.067733E1,1.540010E2,-2.698831E1
1.068150E1,1.566720E2,-2.828106E1
1.068568E1,1.580528E2,-3.080859E1
1.068985E1,1.581572E2,-3.111385E1
1.069402E1,1.571092E2,-3.098727E1
1.069819E1,1.543585E2,-3.078940E1
1.070236E1,1.502972E2,-3.038096E1
1.070653E1,1.450369E2,-2.924914E1
1.071070E1,1.392782E2,-2.683750E1
1.071487E1,1.312165E2,-2.647129E1
1.071904E1,1.227989E2,-2.239926E1
1.072321E1,1.128831E2,-1.905498E1
1.072738E1,1.011054E2,-1.608560E1
1.073155E1,8.803707E1,-1.364123E1
1.073573E1,7.338163E1,-1.017900E1
1.073990E1,5.696782E1,-6.897527E0
1.074407E1,4.057023E1,-2.989927E0
1.074824E1,2.322736E1,1.232684E0
1.075241E1,5.529031E0,3.861111E0
1.075658E1,-1.095748E1,6.976723E0
1.076075E1,-2.520318E1,7.561903E0
1.076492E1,-3.911723E1,8.602274E0
1.076909E1,-5.130817E1,9.639423E0
1.077326E1,-6.275810E1,1.019938E1
1.077743E1,-7.368461E1,1.163602E1
1.078160E1,-8.307114E1,1.162243E1
1.078578E1,-9.106854E1,1.278950E1
1.078995E1,-9.814992E1,1.320090E1
1.079412E1,-1.039665E2,1.430925E1
1.079829E1,-1.085256E2,1.469058E1
1.080246E1,-1.122124E2,1.484489E1
1.080663E1,-1.141393E2,1.559030E1
1.081080E1,-1.145663E2,1.505427E1
1.081497E1,-1.142920E2,1.533783E1
1.081914E1,-1.120111E2,1.471794E1
1.082331E1,-1.090404E2,1.387152E1
1.082748E1,-1.046796E2,1.400663E1
1.083165E1,-9.933427E1,1.291167E1
1.083583E1,-9.201928E1,1.194865E1
1.084000E1,-8.428380E1,1.122132E1
1.084417E1,-7.424418E1,9.717956E0
1.084834E1,-6.377454E1,8.291056E0
1.085251E1,-5.212339E1,6.729285E0
1.085668E1,-3.860209E1,5.414566E0
1.086085E1,-2.515556E1,5.060990E0
1.086502E1,-9.174886E0,2.842384E0
1.086919E1,8.334465E0,2.926675E0
1.087336E1,2.443328E1,-4.340958E0
1.087753E1,3.997630E1,-1.582458E0
1.088170E1,5.362199E1,-4.840028E0
1.088588E1,6.648001E1,-5.770787E0
1.089005E1,7.733274E1,-7.962140E0
1.089422E1,8.803051E1,-9.576117E0
1.089839E1,9.770745E1,-1.144607E1
1.090256E1,1.060152E2,-1.336531E1
1.090673E1,1.134554E2,-1.544852E1
1.091090E1,1.187980E2,-1.683570E1
1.091507E1,1.234449E2,-1.811598E1
1.091924E1,1.264896E2,-1.871810E1
1.092341E1,1.281804E2,-1.890428E1
1.092758E1,1.285414E2,-1.913666E1
1.093175E1,1.274387E2,-1.956339E1
1.093593E1,1.254305E2,-1.919279E1
1.094010E1,1.217123E2,-1.863877E1
1.094427E1,1.175340E2,-1.813571E1
1.094844E1,1.117198E2,-1.563808E1
1.095261E1,1.048156E2,-1.457008E1
1.095678E1,9.643708E1,-1.242713E1
1.096095E1,8.640450E1,-1.071728E1
1.096512E1,7.453571E1,-6.624686E0
1.096929E1,6.207861E1,-5.058098E0
1.097346E1,4.961070E1,-2.229023E0
1.097763E1,3.431873E1,-7.992180E-2
1.098180E1,1.858233E1,2.168605E0
1.098598E1,3.454837E0,4.265276E0
1.099015E1,-9.618677E0,4.129512E0
1.099432E1,-2.253507E1,4.387399E0
1.099849E1,-3.410605E1,4.301605E0
1.100266E1,-4.400520E1,4.136897E0
1.100683E1,-5.309570E1,3.626225E0
1.101100E1,-6.077081E1,3.013064E0
1.101517E1,-6.805400E1,3.222502E0
1.101934E1,-7.421198E1,3.143217E0
1.102351E1,-7.892507E1,3.283480E0
1.102768E1,-8.254525E1,3.219082E0
1.103185E1,-8.533701E1,2.984053E0
1.103603E1,-8.603111E1,3.492913E0
1.104020E1,-8.584725E1,3.479505E0
1.104437E1,-8.449565E1,3.621846E0
1.104854E1,-8.219126E1,3.658186E0
1.105271E1,-7.790387E1,3.650212E0
1.105688E1,-7.266474E1,3.655530E0
1.106105E1,-6.616397E1,3.393599E0
1.106522E1,-5.831485E1,3.337628E0
1.106939E1,-4.966259E1,4.594957E0
1.107356E1,-3.985437E1,4.388139E0
1.107773E1,-2.860299E1,4.979830E0
1.108190E1,-1.609497E1,5.348372E0
1.108608E1,-2.105241E0,5.199095E0
1.109025E1,1.243613E1,3.761790E0
1.109442E1,2.575841E1,2.031609E0
1.109859E1,3.807399E1,5.363521E-1
1.110276E1,4.886913E1,-8.149873E-1
1.110693E1,5.890599E1,-3.147126E0
1.111110E1,6.755092E1,-3.802674E0
1.111527E1,7.498236E1,-5.127504E0
1.111944E1,8.221194E1,-6.975688E0
1.112361E1,8.811310E1,-8.421634E0
1.112778E1,9.234619E1,-9.732915E0
1.113195E1,9.577796E1,-1.143506E1
1.113613E1,9.790559E1,-1.267047E1
1.114030E1,9.853473E1,-1.316227E1
1.114447E1,9.737720E1,-1.404089E1
1.114864E1,9.532683E1,-1.413399E1
1.115281E1,9.203866E1,-1.341274E1
1.115698E1,8.786883E1,-1.380874E1
1.116115E1,8.196080E1,-1.343462E1
1.116532E1,7.523920E1,-1.265307E1
1.116949E1,6.680792E1,-1.151078E1
1.117366E1,5.749350E1,-9.528956E0
1.117783E1,4.671594E1,-6.949957E0
1.118200E1,3.529952E1,-3.942207E0
1.118618E1,2.306986E1,-1.593900E0
1.119035E1,9.949403E0,9.645510E-1
1.119452E1,-1.659051E0,2.446670E0
1.119869E1,-1.158007E1,3.682196E0
1.120286E1,-2.075282E1,4.242062E0
1.120703E1,-2.878514E1,4.745216E0
1.121120E1,-3.602745E1,5.518597E0
1.121537E1,-4.194763E1,6.779366E0
1.121954E1,-4.687288E1,6.873381E0
1.122371E1,-5.091180E1,7.443792E0
1.122788E1,-5.387089E1,7.792655E0
1.123205E1,-5.565420E1,7.710951E0
1.123623E1,-5.650853E1,7.884667E0
1.124040E1,-5.605399E1,8.444856E0
1.124457E1,-5.356753E1,8.235484E0
1.124874E1,-5.070245E1,8.270259E0
1.125291E1,-4.657951E1,8.270643E0
1.125708E1,-4.117301E1,7.228295E0
1.126125E1,-3.403459E1,6.709721E0
1.126542E1,-2.580953E1,5.640600E0
1.126959E1,-1.719925E1,4.987246E0
1.127376E1,-6.755818E0,4.100066E0
1.127793E1,4.017869E0,2.909429E0
1.128210E1,1.609894E1,1.801416E0
1.128628E1,2.620869E1,9.783252E-2
1.129045E1,3.567039E1,-1.963244E0
1.129462E1,4.330878E1,-2.976856E0
1.129879E1,4.980066E1,-4.927379E0
1.130296E1,5.508219E1,-6.096274E0
1.130713E1,5.945352E1,-6.776769E0
1.131130E1,6.294965E1,-8.093307E0
1.131547E1,6.572558E1,-8.730620E0
1.131964E1,6.732681E1,-9.922244E0
1.132381E1,6.733471E1,-1.027869E1
1.132798E1,6.598778E1,-1.066970E1
1.133215E1,6.389235E1,-1.076636E1
1.133633E1,6.022376E1,-1.019494E1
1.134050E1,5.517570E1,-1.018978E1
1.134467E1,4.912392E1,-9.457239E0
1.134884E1,4.212787E1,-8.172461E0
1.135301E1,3.397063E1,-6.370687E0
1.135718E1,2.524772E1,-4.623867E0
1.136135E1,1.527056E1,-2.405743E0
1.136552E1,5.535767E0,-4.898447E-1
1.136969E1,-2.561871E0,1.404638E0
1.137386E1,-9.453540E0,3.433944E0
1.137803E1,-1.502450E1,4.583507E0
1.138220E1,-1.974358E1,6.065009E0
1.138638E1,-2.351037E1,7.565942E0
1.139055E1,-2.644957E1,8.342254E0
1.139472E1,-2.817231E1,8.709463E0
1.139889E1,-2.837087E1,9.012465E0
1.140306E1,-2.722079E1,9.514023E0
1.140723E1,-2.551599E1,9.712451E0
1.141140E1,-2.300245E1,9.114040E0
1.141557E1,-1.893543E1,8.715084E0
1.141974E1,-1.427280E1,7.360986E0
1.142391E1,-8.059229E0,6.271774E0
1.142808E1,-1.268398E0,4.996315E0
1.143225E1,6.877328E0,3.386815E0
1.143643E1,1.482879E1,8.964022E-1
1.144060E1,2.195533E1,-1.406152E0
1.144477E1,2.721987E1,-3.708778E0
1.144894E1,3.159901E1,-5.178031E0
1.145311E1,3.468573E1,-7.642669E0
1.145728E1,3.715182E1,-8.542248E0
1.146145E1,3.839084E1,-9.383684E0
1.146562E1,3.840592E1,-1.063512E1
1.146979E1,3.793057E1,-1.087930E1
1.147396E1,3.642803E1,-1.123461E1
1.147813E1,3.382954E1,-1.144257E1
1.148230E1,3.048980E1,-1.060818E1
1.148648E1,2.579324E1,-9.719144E0
1.149065E1,2.046741E1,-8.057009E0
1.149482E1,1.463053E1,-5.882029E0
1.149899E1,9.178250E0,-3.037962E0
1.150316E1,4.995369E0,-3.132402E-1
1.150733E1,1.881695E0,1.496971E0
1.151150E1,2.162356E-2,3.814518E0
1.151567E1,-1.010104E0,5.596233E0
1.151984E1,-1.469277E0,7.090149E0
1.152401E1,-1.105780E0,8.312841E0
1.152818E1,7.182710E-1,9.094994E0
1.153235E1,2.971412E0,8.972800E0
1.153653E1,5.961245E0,8.745623E0
1.154070E1,9.895859E0,6.700591E0
1.154487E1,1.356903E1,4.158363E0
1.154904E1,1.622315E1,1.516151E0
1.155321E1,1.861835E1,-1.894531E0
1.155738E1,2.070285E1,-4.474391E0
1.156155E1,2.140370E1,-6.705580E0
1.156572E1,2.050644E1,-7.827672E0
1.156989E1,1.912965E1,-8.564357E0
1.157406E1,1.741570E1,-8.673081E0
1.157823E1,1.502651E1,-8.112474E0
1.158240E1,1.235330E1,-5.742464E0
1.158658E1,9.794623E0,-3.487788E0
1.159075E1,7.974235E0,-5.987301E-1
1.159492E1,6.954428E0,2.466115E0
1.159909E1,6.862218E0,5.286745E0
1.160326E1,7.360545E0,7.486493E0
1.160743E1,8.150098E0,8.777065E0
1.161160E1,9.410652E0,9.029909E0
1.161577E1,1.100622E1,8.301543E0
1.161994E1,1.306086E1,6.689179E0
1.162411E1,1.445840E1,4.031043E0
1.162828E1,1.510097E1,1.058468E0
1.163245E1,1.535865E1,-2.008095E0
1.163663E1,1.508677E1,-4.631528E0
1.164080E1,1.426781E1,-6.947495E0
1.164497E1,1.326954E1,-7.636522E0
1.164914E1,1.212328E1,-7.512341E0
1.165331E1,1.118141E1,-6.446601E0
1.165748E1,1.012970E1,-4.269741E0
1.166165E1,9.618368E0,-2.093332E0
1.166582E1,9.864649E0,1.906965E0
1.166999E1,1.096377E1,4.932131E0
1.167416E1,1.224123E1,7.260501E0
1.167833E1,1.349267E1,8.255369E0
1.168250E1,1.455640E1,8.253463E0
1.168668E1,1.511047E1,7.437913E0
1.169085E1,1.517775E1,5.690638E0
1.169502E1,1.507974E1,2.680214E0
1.169919E1,1.415474E1,-1.890007E-1
1.170336E1,1.238502E1,-2.905430E0
1.170753E1,1.086859E1,-4.640548E0
1.171170E1,9.665632E0,-5.571489E0
1.171587E1,8.981835E0,-5.695009E0
1.172004E1,8.673337E0,-4.867053E0
1.172421E1,9.128512E0,-2.905298E0
1.172838E1,1.019411E1,-1.518727E0
1.173255E1,1.183863E1,5.180665E-1
1.173673E1,1.449406E1,2.397639E0
1.174090E1,1.629671E1,3.518562E0
1.174507E1,1.745100E1,4.157156E0
1.174924E1,1.797066E1,3.908842E0
1.175341E1,1.815713E1,3.516037E0
1.175758E1,1.723477E1,1.692010E0
1.176175E1,1.537809E1,6.016001E-1
1.176592E1,1.276384E1,-1.069874E0
1.177009E1,1.073098E1,-1.793720E0
1.177426E1,9.229360E0,-1.875572E0
1.177843E1,7.974349E0,-1.896838E0
1.178260E1,8.054881E0,-1.787693E0
1.178678E1,8.968385E0,-1.494895E0
1.179095E1,1.079600E1,-1.781961E0
1.179512E1,1.336965E1,-2.177762E-1
1.179929E1,1.530128E1,6.300318E-1
1.180346E1,1.657828E1,1.705012E0
1.180763E1,1.704187E1,2.291480E0
1.181180E1,1.706169E1,2.964804E0
1.181597E1,1.607512E1,3.038287E0
1.182014E1,1.438298E1,3.092534E0
1.182431E1,1.246038E1,1.622095E0
1.182848E1,1.029285E1,9.001455E-2
1.183265E1,9.028736E0,-1.333041E0
1.183683E1,8.793570E0,-2.799608E0
1.184100E1,9.602116E0,-3.279980E0
1.184517E1,1.023805E1,-3.565518E0
1.184934E1,1.147999E1,-3.032079E0
1.185351E1,1.287218E1,-1.551997E0
1.185768E1,1.446623E1,4.853009E-1
1.186185E1,1.453518E1,2.418800E0
1.186602E1,1.414864E1,3.856388E0
1.187019E1,1.389887E1,4.332955E0
1.187436E1,1.340806E1,4.133395E0
1.187853E1,1.187568E1,3.073364E0
1.188270E1,1.156209E1,1.616036E0
1.188688E1,1.133346E1,-6.018926E-1
1.189105E1,1.170716E1,-2.721189E0
1.189522E1,1.290998E1,-3.305062E0
1.189939E1,1.328850E1,-3.586467E0
1.190356E1,1.347770E1,-2.279343E0
1.190773E1,1.313782E1,-7.782237E-1
1.191190E1,1.300507E1,1.585969E0
1.191607E1,1.277483E1,3.059589E0
1.192024E1,1.271118E1,4.174079E0
1.192441E1,1.282481E1,4.203723E0
1.192858E1,1.287585E1,3.880179E0
1.193275E1,1.311879E1,2.331000E0
1.193693E1,1.351126E1,4.486118E-2
1.194110E1,1.357046E1,-1.564293E0
1.194527E1,1.312573E1,-3.034592E0
1.194944E1,1.310845E1,-3.019541E0
1.195361E1,1.240470E1,-2.063758E0
1.195778E1,1.203204E1,-9.058593E-1
1.196195E1,1.203605E1,8.256926E-1
1.196612E1,1.235232E1,2.569485E0
1.197029E1,1.266033E1,3.386064E0
1.197446E1,1.354124E1,3.607681E0
1.197863E1,1.336528E1,3.029366E0
1.198280E1,1.335881E1,1.720442E0
1.198698E1,1.308577E1,-2.880980E-1
1.199115E1,1.231577E1,-1.742259E0
1.199532E1,1.178667E1,-2.572503E0
1.199949E1,1.194865E1,-2.477189E0
1.200366E1,1.197373E1,-2.097793E0
1.200783E1,1.256266E1,-2.841573E-1
1.201200E1,1.298362E1,2.393256E-1
1.201617E1,1.401332E1,1.579350E0
1.202034E1,1.446446E1,2.317802E0
1.202451E1,1.435676E1,2.337184E0
1.202868E1,1.331543E1,1.964163E0
1.203285E1,1.228732E1,9.850890E-1
1.203703E1,1.189578E1,-1.817501E-1
1.204120E1,1.177345E1,-2.081229E0
1.204537E1,1.215372E1,-2.050713E0
1.204954E1,1.248051E1,-1.653229E0
1.205371E1,1.240633E1,-4.654760E-1
1.205788E1,1.273043E1,2.877255E-2
1.206205E1,1.332137E1,1.652981E0
1.206622E1,1.310706E1,2.362789E0
1.207039E1,1.298072E1,2.099152E0
1.207456E1,1.274044E1,1.248616E0
1.207873E1,1.275043E1,1.311847E-1
1.208290E1,1.304894E1,-8.588082E-1
1.208708E1,1.302516E1,-1.472067E0
1.209125E1,1.274486E1,-1.917908E0
1.209542E1,1.298991E1,-1.118684E0
1.209959E1,1.301004E1,8.849414E-2
1.210376E1,1.326473E1,1.504687E0
1.210793E1,1.336520E1,2.405784E0
1.211210E1,1.345954E1,2.485327E0
1.211627E1,1.307498E1,2.060038E0
1.212044E1,1.283801E1,1.123795E0
1.212461E1,1.263078E1,-2.686421E-2
1.212878E1,1.261189E1,-4.754918E-1
1.213295E1,1.222011E1,-7.393083E-1
1.213713E1,1.234370E1,-4.075249E-1
1.214130E1,1.257141E1,2.142334E-1
1.214547E1,1.251556E1,1.183669E0
1.214964E1,1.296104E1,1.551958E0
1.215381E1,1.293693E1,1.841681E0
1.215798E1,1.309570E1,1.643564E0
1.216215E1,1.290441E1,5.699876E-1
1.216632E1,1.273801E1,-1.084325E-1
1.217049E1,1.304564E1,-7.210102E-1
1.217466E1,1.300097E1,-8.529086E-1
1.217883E1,1.309204E1,-4.130524E-1
1.218300E1,1.317145E1,1.664869E-1
1.218718E1,1.320335E1,1.052587E0
1.219135E1,1.346494E1,1.783904E0
1.219552E1,1.322206E1,1.286802E0
1.219969E1,1.322944E1,5.814006E-1
1.220386E1,1.277311E1,2.160548E-1
1.220803E1,1.267176E1,-1.677020E-1
1.221220E1,1.297278E1,-1.667850E-1
1.221637E1,1.298027E1,1.392475E-1
1.222054E1,1.330192E1,3.379290E-1
1.222471E1,1.314561E1,9.430488E-1
1.222888E1,1.336511E1,1.489861E0
1.223305E1,1.310843E1,1.442809E0
1.223723E1,1.306640E1,1.288753E0
1.224140E1,1.304172E1,6.562932E-1
1.224557E1,1.287070E1,-1.583362E-1
1.224974E1,1.302331E1,4.726584E-3
1.225391E1,1.302917E1,1.534272E-1
1.225808E1,1.333715E1,4.529135E-1
1.226225E1,1.310264E1,1.050724E0
1.226642E1,1.334312E1,1.520035E0
1.227059E1,1.317761E1,1.092229E0
1.227476E1,1.306635E1,1.129652E0
1.227893E1,1.299182E1,2.782209E-1
1.228310E1,1.292707E1,2.274875E-1
1.228728E1,1.287993E1,1.670699E-1
1.229145E1,1.308399E1,2.784741E-1
1.229562E1,1.315331E1,6.605235E-1
1.229979E1,1.330794E1,5.751140E-1
1.230396E1,1.313261E1,9.148409E-1
1.230813E1,1.312436E1,1.185260E0
1.231230E1,1.303444E1,1.100040E0
1.231647E1,1.293208E1,8.289416E-1
1.232064E1,1.312417E1,5.218783E-1
1.232481E1,1.294367E1,2.826967E-1
1.232898E1,1.316941E1,4.646098E-1
1.233315E1,1.318626E1,2.633956E-1
1.233733E1,1.329962E1,7.973985E-1
1.234150E1,1.321032E1,5.446916E-1
1.234567E1,1.297247E1,1.778764E-1
1.234984E1,1.290585E1,1.362379E-1
1.235401E1,1.304638E1,5.029442E-1
1.235818E1,1.298985E1,1.527335E-1
1.236235E1,1.304783E1,5.531076E-1
1.236652E1,1.308444E1,4.281299E-1
1.237069E1,1.309898E1,4.891670E-1
1.237486E1,1.314022E1,5.063014E-1
1.237903E1,1.310000E1,3.895052E-1
1.238320E1,1.308242E1,3.391489E-1
1.238738E1,1.299064E1,6.903968E-2
1.239155E1,1.293410E1,2.645553E-1
1.239572E1,1.323333E1,6.842784E-1
1.239989E1,1.311041E1,4.844453E-1
1.240406E1,1.313851E1,5.297145E-1
1.240823E1,1.314637E1,2.545379E-1
1.241240E1,1.317659E1,4.493007E-1
1.241657E1,1.303295E1,2.578212E-2
1.242074E1,1.306940E1,2.879929E-1
1.242491E1,1.300220E1,3.553262E-1
1.242908E1,1.307471E1,4.885793E-1
1.243325E1,1.323063E1,2.735150E-1
1.243743E1,1.325088E1,6.828186E-1
1.244160E1,1.302382E1,2.885004E-1
1.244577E1,1.318234E1,5.652893E-1
1.244994E1,1.309781E1,3.568978E-1
1.245411E1,1.312635E1,6.047983E-1
1.245828E1,1.308840E1,2.702741E-1
1.246245E1,1.298554E1,1.740039E-1
1.246662E1,1.323276E1,5.477097E-1
1.247079E1,1.311039E1,5.125835E-1
1.247496E1,1.312384E1,2.481909E-1
1.247913E1,1.298228E1,4.384959E-1
1.248330E1,1.310065E1,4.146203E-1
1.248748E1,1.319087E1,5.735774E-1
1.249165E1,1.286960E1,-4.089388E-2
1.249582E1,1.311732E1,3.056920E-1
1.249999E1,1.313153E1,5.828864E-1
1.250416E1,1.318481E1,4.192816E-1
1.250833E1,1.311467E1,3.806626E-1
1.251250E1,1.320333E1,3.609868E-1
1.251667E1,1.308952E1,3.839248E-1
1.252084E1,1.326632E1,4.382147E-1
1.252501E1,1.300359E1,1.832893E-1
1.252918E1,1.302600E1,2.659398E-1
1.253335E1,1.315676E1,4.512791E-1
1.253753E1,1.311073E1,4.307429E-1
1.254170E1,1.302698E1,2.768671E-1
1.254587E1,1.308916E1,4.355825E-1
1.255004E1,1.319752E1,4.064500E-1
1.255421E1,1.301563E1,3.454337E-1
1.255838E1,1.305927E1,3.072448E-1
1.256255E1,1.298960E1,4.606970E-1
1.256672E1,1.316099E1,2.117464E-1
1.257089E1,1.296241E1,2.718982E-1
1.257506E1,1.320601E1,3.082572E-1
1.257923E1,1.293592E1,1.193421E-1
1.258340E1,1.313542E1,2.326204E-1
1.258758E1,1.309188E1,4.417853E-1
1.259175E1,1.300997E1,8.390284E-2
1.259592E1,1.319818E1,4.906530E-1
1.260009E1,1.299233E1,5.990922E-2
1.260426E1,1.310384E1,4.800284E-1
1.260843E1,1.292531E1,2.688367E-1
1.261260E1,1.316562E1,2.927344E-1
1.261677E1,1.309364E1,3.994466E-1
1.262094E1,1.302884E1,2.567557E-2
1.262511E1,1.310381E1,3.301148E-1
1.262928E1,1.302945E1,1.409957E-1
1.263345E1,1.306162E1,2.860753E-1
1.263763E1,1.313467E1,3.664794E-1
1.264180E1,1.302073E1,4.094495E-1
1.264597E1,1.324370E1,3.626015E-1
1.265014E1,1.307092E1,3.487005E-1
1.265431E1,1.313514E1,2.933395E-1
1.265848E1,1.310398E1,3.853882E-1
1.266265E1,1.306354E1,2.531092E-1
1.266682E1,1.301013E1,8.105850E-2
1.267099E1,1.306604E1,3.182607E-1
1.267516E1,1.307570E1,3.684191E-1
1.267933E1,1.304405E1,4.778584E-1
1.268350E1,1.305668E1,3.409791E-1
1.268768E1,1.302962E1,1.854253E-1
1.269185E1,1.296015E1,2.995357E-1
1.269602E1,1.324296E1,4.629830E-1
1.270019E1,1.294917E1,4.017982E-1
1.270436E1,1.310049E1,2.411548E-1
1.270853E1,1.303679E1,3.017771E-1
1.271270E1,1.318123E1,4.581081E-1
1.271687E1,1.311467E1,2.780634E-1
1.272104E1,1.312571E1,3.900709E-1
1.272521E1,1.311540E1,2.439935E-1
1.272938E1,1.308134E1,5.926990E-1
1.273355E1,1.301477E1,3.256983E-1
1.273773E1,1.320896E1,3.410505E-1
1.274190E1,1.315713E1,4.344959E-1
1.274607E1,1.300669E1,4.862981E-1
1.275024E1,1.322152E1,4.728443E-1
1.275441E1,1.312339E1,3.224217E-1
1.275858E1,1.307106E1,5.008462E-1
1.276275E1,1.306742E1,4.178507E-1
1.276692E1,1.303725E1,2.760338E-1
1.277109E1,1.318262E1,6.298892E-1
1.277526E1,1.304548E1,1.616313E-1
1.277943E1,1.308213E1,4.226895E-1
1.278360E1,1.314184E1,3.414193E-1
1.278778E1,1.316543E1,4.465513E-1
1.279195E1,1.306646E1,3.947729E-1
1.279612E1,1.315714E1,5.258835E-1
1.280029E1,1.311763E1,4.514638E-1
1.280446E1,1.305731E1,3.243436E-1
1.280863E1,1.317909E1,6.211768E-1
1.281280E1,1.327538E1,2.626535E-1
1.281697E1,1.307867E1,4.951503E-1
1.282114E1,1.319364E1,6.913715E-1
1.282531E1,1.324762E1,4.621014E-1
1.282948E1,1.324545E1,6.318513E-1
1.283365E1,1.317160E1,5.570140E-1
1.283783E1,1.339009E1,4.449107E-1
1.284200E1,1.317137E1,6.183532E-1
1.284617E1,1.326034E1,5.562460E-1
1.285034E1,1.326362E1,7.880859E-1
1.285451E1,1.338084E1,4.908747E-1
1.285868E1,1.323173E1,7.387904E-1
1.286285E1,1.328879E1,5.953750E-1
1.286702E1,1.334439E1,7.839527E-1
1.287119E1,1.321688E1,5.454007E-1
1.287536E1,1.338338E1,8.101485E-1
1.287953E1,1.343490E1,7.830328E-1
1.288370E1,1.327819E1,1.069633E0
1.288788E1,1.353021E1,1.537991E0
1.289205E1,1.355255E1,1.546739E0
1.289622E1,1.342026E1,1.447151E0
1.290039E1,1.358742E1,1.376922E0
1.290456E1,1.347424E1,1.413328E0
1.290873E1,-2.267586E1,-2.448325E-1
1.291290E1,-2.249635E1,-8.784338E-1
1.291707E1,-1.405942E1,-1.702941E1
1.292124E1,-1.373492E1,-1.626191E1
1.292541E1,-1.496018E1,-1.467806E1
1.292958E1,-1.499759E1,-1.383370E1
1.293375E1,-1.506579E1,-1.395458E1
1.293793E1,-1.495907E1,-1.346249E1
1.294210E1,-1.500593E1,-1.348809E1
1.294627E1,-1.510581E1,-1.389037E1
1.295044E1,-1.508840E1,-1.380233E1
1.295461E1,-1.514349E1,-1.387572E1
1.295878E1,-1.510756E1,-1.380894E1
1.296295E1,-1.571398E1,-1.236416E1
1.296712E1,-1.579981E1,-1.246169E1
1.297129E1,-1.581658E1,-1.257444E1
1.297546E1,-1.586531E1,-1.262053E1
1.297963E1,-1.587614E1,-1.255166E1
1.298380E1,-1.601405E1,-1.263433E1
1.298798E1,-1.584791E1,-1.243913E1
1.299215E1,-1.625019E1,-1.309883E1
1.299632E1,-1.599141E1,-1.272256E1
1.300049E1,-1.624680E1,-1.308031E1
1.300466E1,-1.589972E1,-1.286574E1
1.300883E1,-1.617550E1,-1.310668E1
1.301300E1,-1.613575E1,-1.287661E1
1.301717E1,-1.582017E1,-1.335148E1
1.302134E1,-1.599937E1,-1.363264E1
1.302551E1,-1.598810E1,-1.361254E1
1.302968E1,-1.697172E1,-1.172788E1
1.303385E1,-1.697313E1,-1.167430E1
1.303803E1,-1.668967E1,-1.232155E1
1.304220E1,-1.680081E1,-1.256589E1
1.304637E1,-1.803887E1,-1.078578E1
1.305054E1,-1.803958E1,-1.078421E1
1.305471E1,-1.903790E1,-9.169259E0
1.305888E1,-1.913207E1,-9.023869E0
1.306305E1,-1.813230E1,-1.052669E1
1.306722E1,-1.712968E1,-1.298013E1
1.307139E1,-1.869155E1,-9.546474E0
1.307556E1,-1.880384E1,-9.741474E0
1.307973E1,-1.872285E1,-1.022263E1
1.308390E1,-1.853023E1,-1.040163E1
1.308808E1,-1.910736E1,-9.994466E0
1.309225E1,-1.883991E1,-9.884876E0
1.309642E1,-1.885037E1,-1.020253E1
1.310059E1,-1.908367E1,-9.981240E0
1.310476E1,-1.908062E1,-9.696188E0
1.310893E1,-1.900780E1,-9.684789E0
1.311310E1,-1.899476E1,-9.995180E0
1.311727E1,-1.910135E1,-9.693357E0
1.312144E1,-1.892187E1,-9.419393E0
1.312561E1,-1.915517E1,-1.003989E1
1.312978E1,-1.904262E1,-9.495515E0
1.313395E1,-1.920625E1,-9.987749E0
1.313813E1,-1.922542E1,-1.000106E1
1.314230E1,-1.910529E1,-9.853559E0
1.314647E1,-1.915944E1,-9.981149E0
1.315064E1,-1.918863E1,-1.011580E1
1.315481E1,-1.879384E1,-1.025979E1
1.315898E1,-1.898672E1,-1.033906E1
1.316315E1,-1.876173E1,-1.045702E1
1.316732E1,-1.884165E1,-1.023533E1
1.317149E1,-1.912159E1,-1.074953E1
1.317566E1,-1.696872E1,-1.497572E1
1.317983E1,-1.955024E1,-9.212417E0
1.318400E1,-1.964537E1,-9.687437E0
1.318818E1,-1.961112E1,-9.519759E0
1.319235E1,-1.981626E1,-9.679131E0
1.319652E1,-1.966653E1,-9.582435E0
1.320069E1,-1.973837E1,-9.893620E0
1.320486E1,-1.972343E1,-9.663078E0
1.320903E1,-1.965720E1,-9.625208E0
1.321320E1,-1.970171E1,-9.724931E0
1.321737E1,-1.971265E1,-9.735179E0
1.322154E1,-1.961654E1,-9.477289E0
1.322571E1,-1.985228E1,-9.608566E0
1.322988E1,-1.969370E1,-9.204719E0
1.323405E1,-1.980177E1,-9.206791E0
1.323823E1,-1.973695E1,-9.803327E0
1.324240E1,-1.977958E1,-9.397770E0
1.324657E1,-1.975711E1,-9.748271E0
1.325074E1,-1.978424E1,-9.859825E0
1.325491E1,-1.967282E1,-9.686432E0
1.325908E1,-1.991907E1,-8.912150E0
1.326325E1,-2.009734E1,-8.872243E0
1.326742E1,-1.996730E1,-8.471522E0
1.327159E1,-1.813482E1,-1.307907E1
1.327576E1,-1.999769E1,-8.796145E0
1.327993E1,-2.001205E1,-8.834841E0
1.328410E1,-2.013605E1,-8.902556E0
1.328828E1,-1.727296E1,-1.511002E1
1.329245E1,-1.726577E1,-1.510191E1
1.329662E1,-1.980598E1,-9.879049E0
1.330079E1,-1.982946E1,-9.367113E0
1.330496E1,-2.005154E1,-1.005951E1
1.330913E1,-1.873445E1,-1.258007E1
1.331330E1,-2.069130E1,-8.591279E0
1.331747E1,-2.074193E1,-8.613322E0
1.332164E1,-1.854546E1,-1.328357E1
1.332581E1,-2.003421E1,-1.071787E1
1.332998E1,-1.989868E1,-1.078095E1
