,mass A,,
t,x,y,
6.723383E0,3.363114E2,-3.736793E1
6.727554E0,3.254587E2,-3.234415E1
6.731725E0,3.125281E2,-2.732626E1
6.735896E0,2.985526E2,-2.245643E1
6.740067E0,2.832307E2,-1.829395E1
6.744238E0,2.651278E2,-1.280408E1
6.748408E0,2.468671E2,-7.441052E0
6.752579E0,2.170899E2,0.000000E0
6.756750E0,1.924619E2,1.246951E1
6.760921E0,1.641619E2,2.252367E1
6.765092E0,1.329292E2,2.937897E1
6.769262E0,1.010952E2,3.535900E1
6.773433E0,6.580892E1,4.049988E1
6.777604E0,3.082799E1,4.487726E1
6.781775E0,-6.090217E0,4.808760E1
6.785946E0,-4.235121E1,4.739976E1
6.790117E0,-7.820471E1,4.245950E1
6.794288E0,-1.158822E2,4.036006E1
6.798458E0,-1.452067E2,3.965251E1
6.802629E0,-1.617228E2,3.948803E1
6.806800E0,-1.857335E2,3.792150E1
6.810971E0,-2.084787E2,3.623157E1
6.815142E0,-2.286050E2,3.591101E1
6.819312E0,-2.481685E2,3.349623E1
6.823483E0,-2.636468E2,3.234859E1
6.827654E0,-2.786417E2,3.087269E1
6.831825E0,-2.911977E2,2.869179E1
6.835996E0,-3.029026E2,2.441011E1
6.840167E0,-3.126225E2,2.230930E1
6.844338E0,-3.211204E2,1.931053E1
6.848508E0,-3.282584E2,1.695734E1
6.852679E0,-3.339299E2,1.408495E1
6.856850E0,-3.387078E2,1.124486E1
6.861021E0,-3.428673E2,8.155293E0
6.865192E0,-3.457534E2,4.326649E0
6.869363E0,-3.483193E2,1.408914E0
6.873533E0,-3.496932E2,-2.074367E0
6.877704E0,-3.506667E2,-5.639415E0
6.881875E0,-3.506070E2,-9.058215E0
6.886046E0,-3.499447E2,-1.312217E1
6.890217E0,-3.484146E2,-1.658635E1
6.894387E0,-3.467823E2,-2.007660E1
6.898558E0,-3.441067E2,-2.317169E1
6.902729E0,-3.406184E2,-2.667497E1
6.906900E0,-3.360151E2,-3.088744E1
6.911071E0,-3.307268E2,-3.388802E1
6.915242E0,-3.244156E2,-3.758657E1
6.919412E0,-3.168555E2,-4.136051E1
6.923583E0,-3.079739E2,-4.522759E1
6.927754E0,-2.972286E2,-5.043826E1
6.931925E0,-2.852415E2,-5.314941E1
6.936096E0,-2.722157E2,-5.583121E1
6.940267E0,-2.571280E2,-6.012160E1
6.944438E0,-2.401285E2,-6.419683E1
6.948608E0,-2.203551E2,-6.577733E1
6.952779E0,-1.996604E2,-6.810073E1
6.956950E0,-1.767428E2,-6.911572E1
6.961121E0,-1.509079E2,-6.638478E1
6.965292E0,-1.239846E2,-6.396346E1
6.969463E0,-9.365191E1,-5.943640E1
6.973633E0,-6.241750E1,-5.343002E1
6.977804E0,-2.881656E1,-4.911240E1
6.981975E0,-1.779425E0,-4.982391E1
6.986146E0,3.174758E1,-4.214901E1
6.990317E0,6.328548E1,-3.360656E1
6.994487E0,9.306187E1,-2.641665E1
6.998658E0,1.197651E2,-1.858731E1
7.002829E0,1.466921E2,-9.653833E0
7.007000E0,1.713084E2,-2.538160E0
7.011171E0,1.991017E2,-1.664584E0
7.015342E0,2.201229E2,8.018151E0
7.019512E0,2.391023E2,1.593261E1
7.023683E0,2.562734E2,2.404315E1
7.027854E0,2.726741E2,3.231615E1
7.032025E0,2.865652E2,3.926329E1
7.036196E0,2.980341E2,4.286254E1
7.040367E0,3.083988E2,4.894731E1
7.044538E0,3.178454E2,5.365225E1
7.048708E0,3.256234E2,5.807547E1
7.052879E0,3.323811E2,6.011921E1
7.057050E0,3.374111E2,6.544100E1
7.061221E0,3.413762E2,6.912854E1
7.065392E0,3.449964E2,7.213605E1
7.069562E0,3.473118E2,7.598793E1
7.073733E0,3.491751E2,7.837494E1
7.077904E0,3.490707E2,8.298582E1
7.082075E0,3.492337E2,8.587223E1
7.086246E0,3.482810E2,8.908713E1
7.090417E0,3.468087E2,9.068628E1
7.094588E0,3.443753E2,9.341913E1
7.098758E0,3.412970E2,9.531673E1
7.102929E0,3.373598E2,9.709711E1
7.107100E0,3.329451E2,9.687218E1
7.111271E0,3.271238E2,9.827954E1
7.115442E0,3.212094E2,9.851318E1
7.119613E0,3.134887E2,9.922851E1
7.123783E0,3.042796E2,9.827809E1
7.127954E0,2.946348E2,9.754752E1
7.132125E0,2.822052E2,9.592912E1
7.136296E0,2.689505E2,9.381816E1
7.140467E0,2.521951E2,9.216220E1
7.144637E0,2.270077E2,1.018739E2
7.148808E0,2.070209E2,9.677646E1
7.152979E0,1.872553E2,9.051882E1
7.157150E0,1.649947E2,8.392985E1
7.161321E0,1.401574E2,7.703114E1
7.165492E0,1.140765E2,6.895375E1
7.169663E0,8.696380E1,6.021933E1
7.173833E0,5.801313E1,5.025495E1
7.178004E0,2.801592E1,3.992877E1
7.182175E0,-4.002389E0,2.796926E1
7.186346E0,-3.675170E1,1.521764E1
7.190517E0,-6.234584E1,-7.736415E0
7.194687E0,-8.939279E1,-2.353703E1
7.198858E0,-1.151330E2,-3.802609E1
7.203029E0,-1.404830E2,-5.276495E1
7.207200E0,-1.438321E2,-4.318607E1
7.211371E0,-1.654220E2,-5.247676E1
7.215542E0,-1.845684E2,-6.363709E1
7.219713E0,-2.020358E2,-7.281573E1
7.223883E0,-2.172103E2,-8.098313E1
7.228054E0,-2.309997E2,-8.831205E1
7.232225E0,-2.419036E2,-9.625120E1
7.236396E0,-2.520758E2,-1.030685E2
7.240567E0,-2.609648E2,-1.091640E2
7.244738E0,-2.677029E2,-1.151043E2
7.248908E0,-2.731541E2,-1.202692E2
7.253079E0,-2.779165E2,-1.251636E2
7.257250E0,-2.814357E2,-1.289328E2
7.261421E0,-2.845204E2,-1.333114E2
7.265592E0,-2.864853E2,-1.369542E2
7.269762E0,-2.871338E2,-1.408411E2
7.273933E0,-2.874035E2,-1.436950E2
7.278104E0,-2.867763E2,-1.473393E2
7.282275E0,-2.856337E2,-1.501603E2
7.286446E0,-2.837136E2,-1.522053E2
7.290617E0,-2.810560E2,-1.543008E2
7.294787E0,-2.777843E2,-1.559393E2
7.298958E0,-2.741358E2,-1.570790E2
7.303129E0,-2.695120E2,-1.575652E2
7.307300E0,-2.637514E2,-1.581082E2
7.311471E0,-2.582979E2,-1.574147E2
7.315642E0,-2.511802E2,-1.562611E2
7.319813E0,-2.426105E2,-1.552324E2
7.323983E0,-2.339249E2,-1.535696E2
7.328154E0,-2.226159E2,-1.504788E2
7.332325E0,-2.107478E2,-1.467686E2
7.336496E0,-1.978611E2,-1.419015E2
7.340667E0,-1.823153E2,-1.363395E2
7.344838E0,-1.647716E2,-1.308059E2
7.349008E0,-1.446771E2,-1.245996E2
7.353179E0,-1.245576E2,-1.168500E2
7.357350E0,-1.027761E2,-1.056707E2
7.361521E0,-7.950775E1,-9.393634E1
7.365692E0,-5.461167E1,-8.147553E1
7.369862E0,-2.730523E1,-6.970483E1
7.374033E0,-1.989583E0,-5.364945E1
7.378204E0,2.432405E1,-3.668158E1
7.382375E0,4.925019E1,-1.911027E1
7.386546E0,7.265949E1,6.345475E0
7.390717E0,9.543996E1,2.564668E1
7.394887E0,1.174033E2,4.556690E1
7.399058E0,1.366471E2,6.538055E1
7.403229E0,1.391463E2,8.213935E1
7.407400E0,1.565454E2,9.802646E1
7.411571E0,1.710289E2,1.122432E2
7.415742E0,1.834051E2,1.192903E2
7.419913E0,2.024379E2,1.159146E2
7.424083E0,2.141591E2,1.294067E2
7.428254E0,2.231388E2,1.401507E2
7.432425E0,2.312851E2,1.522320E2
7.436596E0,2.393303E2,1.606316E2
7.440767E0,2.463877E2,1.684372E2
7.444937E0,2.503632E2,1.774830E2
7.449108E0,2.539884E2,1.846814E2
7.453279E0,2.580810E2,1.900662E2
7.457450E0,2.601326E2,1.959641E2
7.461621E0,2.602839E2,2.022754E2
7.465792E0,2.600683E2,2.067599E2
7.469963E0,2.604092E2,2.103973E2
7.474133E0,2.600469E2,2.120501E2
7.478304E0,2.586058E2,2.145419E2
7.482475E0,2.563827E2,2.156646E2
7.486646E0,2.542431E2,2.152687E2
7.490817E0,2.504848E2,2.155488E2
7.494988E0,2.461721E2,2.146414E2
7.499158E0,2.401446E2,2.150046E2
7.503329E0,2.350409E2,2.109829E2
7.507500E0,2.282034E2,2.072792E2
7.511671E0,2.199526E2,2.037486E2
7.515842E0,2.101991E2,1.999363E2
7.520012E0,2.004661E2,1.946571E2
7.524183E0,1.903240E2,1.864834E2
7.528354E0,1.779954E2,1.778902E2
7.532525E0,1.642422E2,1.689543E2
7.536696E0,1.499433E2,1.577408E2
7.540867E0,1.337931E2,1.457494E2
7.545038E0,1.159431E2,1.329956E2
7.549208E0,9.631184E1,1.181604E2
7.553379E0,7.701362E1,1.011062E2
7.557550E0,5.638706E1,8.338316E1
7.561721E0,3.433004E1,6.416770E1
7.565892E0,1.340558E1,4.230258E1
7.570062E0,-7.799658E0,1.831200E1
7.574233E0,-3.153220E1,-7.576374E0
7.578404E0,-5.449373E1,-3.084056E1
7.582575E0,-7.687875E1,-5.160985E1
7.586746E0,-9.745439E1,-7.068853E1
7.590917E0,-1.159526E2,-8.850954E1
7.595088E0,-1.324801E2,-9.926028E1
7.599258E0,-1.249757E2,-1.090659E2
7.603429E0,-1.367950E2,-1.239745E2
7.607600E0,-1.469791E2,-1.379035E2
7.611771E0,-1.566379E2,-1.513509E2
7.615942E0,-1.723741E2,-1.599033E2
7.620113E0,-1.785550E2,-1.707942E2
7.624283E0,-1.852465E2,-1.798873E2
7.628454E0,-1.899189E2,-1.886700E2
7.632625E0,-1.938099E2,-1.969420E2
7.636796E0,-1.981889E2,-2.038340E2
7.640967E0,-2.011016E2,-2.095535E2
7.645137E0,-2.033610E2,-2.147966E2
7.649308E0,-2.043039E2,-2.195121E2
7.653479E0,-2.048572E2,-2.235592E2
7.657650E0,-2.049684E2,-2.266614E2
7.661821E0,-2.048041E2,-2.289341E2
7.665992E0,-2.036018E2,-2.307236E2
7.670162E0,-2.024304E2,-2.318517E2
7.674333E0,-2.000150E2,-2.326635E2
7.678504E0,-1.970100E2,-2.326824E2
7.682675E0,-1.940341E2,-2.318448E2
7.686846E0,-1.896628E2,-2.305801E2
7.691017E0,-1.851923E2,-2.286694E2
7.695188E0,-1.800753E2,-2.255232E2
7.699358E0,-1.748122E2,-2.216106E2
7.703529E0,-1.684761E2,-2.166279E2
7.707700E0,-1.597559E2,-2.109060E2
7.711871E0,-1.530797E2,-2.040586E2
7.716042E0,-1.433449E2,-1.957880E2
7.720213E0,-1.349172E2,-1.865510E2
7.724383E0,-1.247500E2,-1.763995E2
7.728554E0,-1.151580E2,-1.647477E2
7.732725E0,-9.102503E1,-1.550517E2
7.736896E0,-7.766508E1,-1.397468E2
7.741067E0,-6.268238E1,-1.206139E2
7.745237E0,-4.730666E1,-1.017822E2
7.749408E0,-3.031800E1,-7.935262E1
7.753579E0,-1.255688E1,-5.692343E1
7.757750E0,7.119435E0,-3.303024E1
7.761921E0,2.539974E1,-8.596015E0
7.766092E0,4.108313E1,1.618265E1
7.770262E0,5.552337E1,4.110381E1
7.774433E0,6.728996E1,6.419626E1
7.778604E0,8.927649E1,7.951930E1
7.782775E0,8.007414E1,9.964782E1
7.786946E0,9.430955E1,1.192215E2
7.791117E0,9.367188E1,1.577106E2
7.795288E0,1.014845E2,1.782511E2
7.799458E0,1.089219E2,1.965971E2
7.803629E0,1.156072E2,2.134262E2
7.807800E0,1.215978E2,2.277156E2
7.811971E0,1.272165E2,2.399184E2
7.816142E0,1.322094E2,2.506383E2
7.820312E0,1.362444E2,2.601416E2
7.824483E0,1.397984E2,2.685980E2
7.828654E0,1.425284E2,2.766162E2
7.832825E0,1.447773E2,2.826013E2
7.836996E0,1.468845E2,2.881810E2
7.841167E0,1.476313E2,2.927057E2
7.845338E0,1.485919E2,2.959092E2
7.849508E0,1.483507E2,2.992079E2
7.853679E0,1.473989E2,3.010763E2
7.857850E0,1.467952E2,3.010382E2
7.862021E0,1.451141E2,3.011432E2
7.866192E0,1.426336E2,2.999549E2
7.870363E0,1.408467E2,2.971581E2
7.874533E0,1.373060E2,2.950865E2
7.878704E0,1.338834E2,2.909274E2
7.882875E0,1.292507E2,2.856583E2
7.887046E0,1.253630E2,2.795058E2
7.891217E0,1.201274E2,2.713621E2
7.895388E0,1.145434E2,2.621070E2
7.899558E0,1.089631E2,2.525554E2
7.903729E0,1.013887E2,2.409188E2
7.907900E0,9.428446E1,2.272227E2
7.912071E0,8.502542E1,2.128332E2
7.916242E0,7.724515E1,1.961532E2
7.920413E0,6.731238E1,1.772757E2
7.924583E0,5.760886E1,1.553605E2
7.928754E0,4.615770E1,1.330445E2
7.932925E0,3.493356E1,1.079823E2
7.937096E0,3.202966E1,6.761816E1
7.941267E0,2.064543E1,3.974866E1
7.945437E0,6.666414E0,1.113216E1
7.949608E0,-8.076544E0,-1.726653E1
7.953779E0,-2.211878E1,-4.245541E1
7.957950E0,-3.608446E1,-6.482544E1
7.962121E0,-4.737743E1,-8.659154E1
7.966292E0,-5.895898E1,-1.067441E2
7.970463E0,-6.924941E1,-1.260823E2
7.974633E0,-7.938765E1,-1.445870E2
7.978804E0,-9.186587E1,-1.602787E2
7.982975E0,-1.033220E2,-1.748579E2
7.987146E0,-1.083525E2,-1.886704E2
7.991317E0,-1.093091E2,-2.028260E2
7.995488E0,-1.211305E2,-2.119865E2
7.999658E0,-1.263022E2,-2.204179E2
8.003829E0,-1.167019E2,-2.392278E2
8.008000E0,-1.187413E2,-2.480708E2
8.012171E0,-1.212521E2,-2.546540E2
8.016342E0,-1.232907E2,-2.600446E2
8.020513E0,-1.248093E2,-2.643178E2
8.024683E0,-1.265688E2,-2.684201E2
8.028854E0,-1.273199E2,-2.707505E2
8.033025E0,-1.277375E2,-2.723935E2
8.037196E0,-1.285473E2,-2.725508E2
8.041367E0,-1.277612E2,-2.731095E2
8.045538E0,-1.276963E2,-2.727152E2
8.049708E0,-1.263326E2,-2.713021E2
8.053879E0,-1.252573E2,-2.691253E2
8.058050E0,-1.234737E2,-2.661254E2
8.062221E0,-1.213350E2,-2.625991E2
8.066392E0,-1.189273E2,-2.577412E2
8.070562E0,-1.157978E2,-2.513806E2
8.074733E0,-1.126213E2,-2.439508E2
8.078904E0,-1.091952E2,-2.366800E2
8.083075E0,-1.048889E2,-2.265820E2
8.087246E0,-1.010886E2,-2.136125E2
8.091417E0,-9.378947E1,-2.020966E2
8.095588E0,-8.710871E1,-1.892362E2
8.099758E0,-7.881501E1,-1.750133E2
8.103929E0,-7.091195E1,-1.584290E2
8.108100E0,-6.162317E1,-1.401013E2
8.112271E0,-5.192063E1,-1.210774E2
8.116442E0,-4.118959E1,-1.003845E2
8.120613E0,-2.913993E1,-7.823059E1
8.124783E0,-1.780529E1,-5.376098E1
8.128954E0,-5.720640E0,-2.793687E1
8.133125E0,7.174102E0,-4.548583E-1
8.137296E0,1.960838E1,2.643094E1
8.141467E0,3.123815E1,5.393396E1
8.145637E0,4.244371E1,7.860345E1
8.149808E0,5.313816E1,1.027329E2
8.153979E0,6.445356E1,1.265388E2
8.158150E0,7.464996E1,1.474064E2
8.162321E0,8.412631E1,1.664119E2
8.166492E0,9.304931E1,1.840376E2
8.170663E0,1.002798E2,2.001131E2
8.174833E0,7.882982E1,1.778186E2
8.179004E0,8.826879E1,1.869065E2
8.183175E0,1.055955E2,1.944683E2
8.187346E0,1.044348E2,2.023987E2
8.191517E0,1.108360E2,2.089531E2
8.195688E0,1.147291E2,2.155191E2
8.199858E0,1.177454E2,2.208639E2
8.204029E0,1.168939E2,2.247700E2
8.208200E0,1.193552E2,2.279529E2
8.212371E0,1.194492E2,2.303440E2
8.216542E0,1.216388E2,2.318104E2
8.220712E0,1.222297E2,2.324743E2
8.224883E0,1.230136E2,2.317579E2
8.229054E0,1.223631E2,2.306932E2
8.233225E0,1.229793E2,2.280593E2
8.237396E0,1.217432E2,2.248338E2
8.241567E0,1.208773E2,2.209035E2
8.245737E0,1.205943E2,2.158657E2
8.249908E0,1.164670E2,2.104766E2
8.254079E0,1.077777E2,2.057602E2
8.258250E0,9.849769E1,1.998660E2
8.262421E0,9.400334E1,1.917803E2
8.266592E0,9.052241E1,1.820797E2
8.270763E0,8.225742E1,1.689861E2
8.274933E0,6.964524E1,1.546085E2
8.279104E0,6.245653E1,1.388639E2
8.283275E0,6.472202E1,1.187264E2
8.287446E0,5.232193E1,9.962887E1
8.291617E0,4.436341E1,7.782021E1
8.295788E0,3.560144E1,5.451913E1
8.299958E0,2.276816E1,3.150010E1
8.304129E0,9.413291E0,4.685351E0
8.308300E0,1.086629E1,-2.357122E1
8.312471E0,2.181235E0,-4.940130E1
8.316642E0,-3.303264E1,-6.746474E1
8.320813E0,-5.247650E1,-8.419151E1
8.324983E0,-6.025570E1,-1.103816E2
8.329154E0,-7.123478E1,-1.295879E2
8.333325E0,-8.156902E1,-1.473534E2
8.337496E0,-9.109374E1,-1.648999E2
8.341667E0,-8.911421E1,-1.571885E2
8.345838E0,-9.683954E1,-1.698632E2
8.350008E0,-1.042086E2,-1.814632E2
8.354179E0,-1.104829E2,-1.913023E2
8.358350E0,-1.165110E2,-2.001886E2
8.362521E0,-1.217300E2,-2.073382E2
8.366692E0,-1.272057E2,-2.144899E2
8.370862E0,-1.316056E2,-2.201027E2
8.375033E0,-1.361452E2,-2.254917E2
8.379204E0,-1.395596E2,-2.292643E2
8.383375E0,-1.424727E2,-2.321590E2
8.387546E0,-1.447568E2,-2.344272E2
8.391717E0,-1.472598E2,-2.354108E2
8.395888E0,-1.479233E2,-2.359892E2
8.400058E0,-1.497000E2,-2.357055E2
8.404229E0,-1.504114E2,-2.344580E2
8.408400E0,-1.499574E2,-2.322388E2
8.412571E0,-1.488739E2,-2.292440E2
8.416742E0,-1.488294E2,-2.256633E2
8.420913E0,-1.454498E2,-2.211710E2
8.425083E0,-1.449022E2,-2.154837E2
8.429254E0,-1.430336E2,-2.086779E2
8.433425E0,-1.300741E2,-2.022012E2
8.437596E0,-1.398822E2,-1.929938E2
8.441767E0,-1.360633E2,-1.837424E2
8.445937E0,-1.311571E2,-1.722921E2
8.450108E0,-1.252633E2,-1.612955E2
8.454279E0,-1.182138E2,-1.495532E2
8.458450E0,-1.100776E2,-1.348165E2
8.462621E0,-1.009941E2,-1.202326E2
8.466792E0,-9.148439E1,-1.034973E2
8.470962E0,-8.621095E1,-1.080730E2
8.475133E0,-7.116249E1,-8.812999E1
8.479304E0,-5.824382E1,-6.728970E1
8.483475E0,-3.953843E1,-4.602405E1
8.487646E0,-2.585976E1,-2.317871E1
8.491817E0,-1.214267E1,-5.783831E-1
8.495988E0,4.011578E0,2.066921E1
8.500158E0,3.399754E1,7.286833E1
8.504329E0,4.783151E1,9.535029E1
8.508500E0,5.326495E1,1.157128E2
8.512671E0,6.294389E1,1.347515E2
8.516842E0,7.447964E1,1.524843E2
8.521013E0,8.401501E1,1.688456E2
8.525183E0,9.463157E1,1.836143E2
8.529354E0,1.043294E2,1.962281E2
8.533525E0,1.103944E2,2.067400E2
8.537696E0,1.175777E2,2.164658E2
8.541867E0,1.238020E2,2.245706E2
8.546038E0,1.292142E2,2.312040E2
8.550208E0,1.324875E2,2.365538E2
8.554379E0,1.375371E2,2.414355E2
8.558550E0,1.405259E2,2.446298E2
8.562721E0,1.429636E2,2.469174E2
8.566892E0,1.460260E2,2.486704E2
8.571063E0,1.483845E2,2.491718E2
8.575233E0,1.494446E2,2.488559E2
8.579404E0,1.503198E2,2.476484E2
8.583575E0,1.509111E2,2.455462E2
8.587746E0,1.505030E2,2.423501E2
8.591917E0,1.494294E2,2.382848E2
8.596087E0,1.479099E2,2.334841E2
8.600258E0,1.454462E2,2.273023E2
8.604429E0,1.425237E2,2.203200E2
8.608600E0,1.383077E2,2.116421E2
8.612771E0,1.334585E2,2.017631E2
8.616942E0,1.276183E2,1.909021E2
8.621112E0,1.215990E2,1.788677E2
8.625283E0,1.138899E2,1.635669E2
8.629454E0,1.052895E2,1.473874E2
8.633625E0,1.074590E2,1.342228E2
8.637796E0,9.058206E1,1.129299E2
8.641967E0,7.587691E1,8.970618E1
8.646138E0,6.310172E1,6.846276E1
8.650308E0,5.124706E1,4.626931E1
8.654479E0,3.721505E1,2.270265E1
8.658650E0,2.074204E1,-1.894537E-1
8.662821E0,2.767561E0,-2.197267E1
8.666992E0,-1.491907E1,-4.178271E1
8.671163E0,-3.117967E1,-5.972717E1
8.675333E0,-4.928722E1,-7.517072E1
8.679504E0,-6.491544E1,-9.045423E1
8.683675E0,-8.185374E1,-1.047555E2
8.687846E0,-9.716167E1,-1.169138E2
8.692017E0,-1.094660E2,-1.293059E2
8.696188E0,-1.206483E2,-1.401367E2
8.700358E0,-1.312202E2,-1.496876E2
8.704529E0,-1.340952E2,-1.592723E2
8.708700E0,-1.427918E2,-1.666456E2
8.712871E0,-1.494869E2,-1.733290E2
8.717042E0,-1.553278E2,-1.790685E2
8.721213E0,-1.609368E2,-1.837003E2
8.725383E0,-1.653937E2,-1.876915E2
8.729554E0,-1.692012E2,-1.905807E2
8.733725E0,-1.722176E2,-1.928756E2
8.737896E0,-1.746838E2,-1.936511E2
8.742067E0,-1.762340E2,-1.940248E2
8.746237E0,-1.772143E2,-1.936757E2
8.750408E0,-1.777150E2,-1.926612E2
8.754579E0,-1.775394E2,-1.905337E2
8.758750E0,-1.767153E2,-1.873994E2
8.762921E0,-1.746264E2,-1.840458E2
8.767092E0,-1.717303E2,-1.800190E2
8.771263E0,-1.690337E2,-1.749960E2
8.775433E0,-1.647714E2,-1.691678E2
8.779604E0,-1.592013E2,-1.623301E2
8.783775E0,-1.532839E2,-1.548602E2
8.787946E0,-1.456901E2,-1.461049E2
8.792117E0,-1.374734E2,-1.362209E2
8.796288E0,-1.283529E2,-1.257922E2
8.800458E0,-1.173971E2,-1.146752E2
8.804629E0,-1.060063E2,-1.015371E2
8.808800E0,-9.086786E1,-8.926876E1
8.812971E0,-7.732261E1,-7.486322E1
8.817142E0,-6.022226E1,-6.023708E1
8.821312E0,-4.317097E1,-4.433191E1
8.825483E0,-2.604291E1,-2.683199E1
8.829654E0,-7.517459E0,-7.080164E0
8.833825E0,1.225534E1,1.301878E1
8.837996E0,2.982487E1,3.268629E1
8.842167E0,4.828235E1,5.176450E1
8.846337E0,6.507207E1,6.918916E1
8.850508E0,8.109346E1,8.631099E1
8.854679E0,9.581287E1,1.024945E2
8.858850E0,1.113389E2,1.170574E2
8.863021E0,1.245874E2,1.301852E2
8.867192E0,1.363652E2,1.422484E2
8.871363E0,1.268820E2,1.537290E2
8.875533E0,1.356334E2,1.639768E2
8.879704E0,1.445806E2,1.728180E2
8.883875E0,1.524058E2,1.801220E2
8.888046E0,1.579677E2,1.863018E2
8.892217E0,1.644690E2,1.921418E2
8.896388E0,1.677925E2,1.964606E2
8.900558E0,1.710696E2,1.997143E2
8.904729E0,1.730606E2,2.016953E2
8.908900E0,1.756462E2,2.034044E2
8.913071E0,1.760336E2,2.038049E2
8.917242E0,1.764597E2,2.033297E2
8.921413E0,1.763747E2,2.022421E2
8.925583E0,1.747492E2,1.999697E2
8.929754E0,1.726866E2,1.969065E2
8.933925E0,1.699618E2,1.926793E2
8.938096E0,1.663834E2,1.876153E2
8.942267E0,1.616803E2,1.817862E2
8.946438E0,1.565046E2,1.742379E2
8.950608E0,1.498186E2,1.667386E2
8.954779E0,1.414277E2,1.565236E2
8.958950E0,1.328879E2,1.467055E2
8.963121E0,1.241920E2,1.344869E2
8.967292E0,1.140101E2,1.215867E2
8.971462E0,1.019610E2,1.058570E2
8.975633E0,8.829569E1,8.877570E1
8.979804E0,7.519340E1,7.277852E1
8.983975E0,6.024819E1,5.499009E1
8.988146E0,4.373991E1,3.699075E1
8.992317E0,2.686764E1,1.824597E1
8.996487E0,9.210140E0,-1.425822E0
9.000658E0,-1.101033E1,-1.843847E1
9.004829E0,-3.185203E1,-3.294674E1
9.009000E0,-5.331814E1,-4.709738E1
9.013171E0,-7.276997E1,-6.038794E1
9.017342E0,-9.009821E1,-7.215841E1
9.021513E0,-1.044883E2,-8.363217E1
9.025683E0,-1.186260E2,-9.340376E1
9.029854E0,-1.303526E2,-1.019585E2
9.034025E0,-1.403420E2,-1.100942E2
9.038196E0,-1.492961E2,-1.176366E2
9.042367E0,-1.572922E2,-1.240531E2
9.046538E0,-1.646639E2,-1.299551E2
9.050708E0,-1.726861E2,-1.350051E2
9.054879E0,-1.774023E2,-1.394080E2
9.059050E0,-1.831281E2,-1.427460E2
9.063221E0,-1.867364E2,-1.453740E2
9.067392E0,-1.889231E2,-1.473388E2
9.071563E0,-1.914248E2,-1.486616E2
9.075733E0,-1.923491E2,-1.493477E2
9.079904E0,-1.925935E2,-1.491362E2
9.084075E0,-1.924877E2,-1.484964E2
9.088246E0,-1.912875E2,-1.467937E2
9.092417E0,-1.892824E2,-1.447465E2
9.096588E0,-1.866712E2,-1.418027E2
9.100758E0,-1.823635E2,-1.381038E2
9.104929E0,-1.773185E2,-1.342702E2
9.109100E0,-1.718478E2,-1.290379E2
9.113271E0,-1.644692E2,-1.229876E2
9.117442E0,-1.566967E2,-1.166081E2
9.121612E0,-1.473854E2,-1.091679E2
9.125783E0,-1.367506E2,-1.009422E2
9.129954E0,-1.254441E2,-9.218207E1
9.134125E0,-1.115640E2,-8.222857E1
9.138296E0,-9.764652E1,-7.145455E1
9.142467E0,-8.159553E1,-5.968891E1
9.146638E0,-6.466460E1,-4.720513E1
9.150808E0,-4.571035E1,-3.444215E1
9.154979E0,-2.731690E1,-2.023344E1
9.159150E0,-7.900942E0,-4.152185E0
9.163321E0,1.195588E1,1.222518E1
9.167492E0,3.082041E1,2.915906E1
9.171663E0,4.894100E1,4.471470E1
9.175833E0,6.630791E1,6.027539E1
9.180004E0,8.359115E1,7.376048E1
9.184175E0,9.889083E1,8.762342E1
9.188346E0,1.137448E2,9.938683E1
9.192517E0,1.272555E2,1.107009E2
9.196687E0,1.396538E2,1.213571E2
9.200858E0,1.504775E2,1.304932E2
9.205029E0,1.596988E2,1.383118E2
9.209200E0,1.471847E2,1.464700E2
9.213371E0,1.545168E2,1.526376E2
9.217542E0,1.606589E2,1.583728E2
9.221712E0,1.660302E2,1.625820E2
9.225883E0,1.702612E2,1.656889E2
9.230054E0,1.735066E2,1.682647E2
9.234225E0,1.750043E2,1.699410E2
9.238396E0,1.768381E2,1.708581E2
9.242567E0,1.773227E2,1.706120E2
9.246738E0,1.767157E2,1.696945E2
9.250908E0,1.752426E2,1.675648E2
9.255079E0,1.721774E2,1.649176E2
9.259250E0,1.692630E2,1.614462E2
9.263421E0,1.653929E2,1.572503E2
9.267592E0,1.589113E2,1.519991E2
9.271763E0,1.527026E2,1.457082E2
9.275933E0,1.453159E2,1.383993E2
9.280104E0,1.357796E2,1.295345E2
9.284275E0,1.263733E2,1.193455E2
9.288446E0,1.378967E2,1.088867E2
9.292617E0,1.256861E2,9.721469E1
9.296788E0,1.136323E2,8.254179E1
9.300958E0,1.002924E2,6.558089E1
9.305129E0,8.497923E1,5.016175E1
9.309300E0,6.628451E1,3.494506E1
9.313471E0,4.692338E1,1.913724E1
9.317642E0,2.692743E1,3.465270E0
9.321813E0,6.890878E0,-1.191677E1
9.325983E0,-1.305732E1,-2.526844E1
9.330154E0,-3.197291E1,-3.632418E1
9.334325E0,-4.914640E1,-4.758490E1
9.338496E0,-6.501751E1,-5.742313E1
9.342667E0,-7.980636E1,-6.812355E1
9.346837E0,-9.494012E1,-7.658608E1
9.351008E0,-1.079899E2,-8.469161E1
9.355179E0,-1.202161E2,-9.180551E1
9.359350E0,-1.324732E2,-9.595147E1
9.363521E0,-1.434813E2,-1.001154E2
9.367692E0,-1.529827E2,-1.042939E2
9.371862E0,-1.608199E2,-1.086095E2
9.376033E0,-1.668004E2,-1.125190E2
9.380204E0,-1.712630E2,-1.155562E2
9.384375E0,-1.747898E2,-1.180463E2
9.388546E0,-1.778517E2,-1.195652E2
9.392717E0,-1.797002E2,-1.203505E2
9.396888E0,-1.809119E2,-1.207828E2
9.401058E0,-1.808860E2,-1.203224E2
9.405229E0,-1.796566E2,-1.194291E2
9.409400E0,-1.776731E2,-1.176626E2
9.413571E0,-1.750780E2,-1.154781E2
9.417742E0,-1.710139E2,-1.124566E2
9.421913E0,-1.659501E2,-1.089452E2
9.426083E0,-1.601462E2,-1.045655E2
9.430254E0,-1.528556E2,-9.956388E1
9.434425E0,-1.451812E2,-9.386588E1
9.438596E0,-1.353607E2,-8.747275E1
9.442767E0,-1.230721E2,-8.133497E1
9.446938E0,-1.116874E2,-7.317302E1
9.451108E0,-9.743723E1,-6.545894E1
9.455279E0,-8.281201E1,-5.614935E1
9.459450E0,-6.675834E1,-4.611515E1
9.463621E0,-5.055261E1,-3.442360E1
9.467792E0,-3.216986E1,-2.348920E1
9.471963E0,-1.458338E1,-9.354538E0
9.476133E0,4.953393E0,4.290971E0
9.480304E0,2.430210E1,1.848486E1
9.484475E0,4.433137E1,3.267765E1
9.488646E0,6.096359E1,4.551619E1
9.492817E0,7.844095E1,5.781791E1
9.496987E0,9.357268E1,6.946065E1
9.501158E0,1.087790E2,8.048612E1
9.505329E0,1.220697E2,9.095982E1
9.509500E0,1.332311E2,1.006471E2
9.513671E0,1.435278E2,1.096371E2
9.517842E0,1.299060E2,1.174752E2
9.522013E0,1.391974E2,1.241601E2
9.526183E0,1.462270E2,1.299431E2
9.530354E0,1.522355E2,1.338422E2
9.534525E0,1.573261E2,1.377099E2
9.538696E0,1.615829E2,1.409735E2
9.542867E0,1.648236E2,1.430523E2
9.547038E0,1.677522E2,1.444133E2
9.551208E0,1.686805E2,1.447593E2
9.555379E0,1.690086E2,1.443263E2
9.559550E0,1.681697E2,1.434105E2
9.563721E0,1.667552E2,1.414551E2
9.567892E0,1.636558E2,1.388788E2
9.572062E0,1.593527E2,1.348071E2
9.576233E0,1.545880E2,1.305520E2
9.580404E0,1.480125E2,1.246960E2
9.584575E0,1.408169E2,1.186490E2
9.588746E0,1.320110E2,1.104575E2
9.592917E0,1.227846E2,1.022333E2
9.597087E0,1.141159E2,9.366896E1
9.601258E0,9.978828E1,8.263457E1
9.605429E0,8.738050E1,7.165316E1
9.609600E0,7.382030E1,5.985435E1
9.613771E0,5.953345E1,4.783438E1
9.617942E0,4.328705E1,3.444746E1
9.622113E0,2.652854E1,2.135922E1
9.626283E0,9.691766E0,8.582752E0
9.630454E0,-1.017376E1,-4.194675E0
9.634625E0,-3.051359E1,-1.637511E1
9.638796E0,-5.093497E1,-2.616982E1
9.642967E0,-6.843041E1,-3.499023E1
9.647138E0,-8.658538E1,-4.435017E1
9.651308E0,-1.028544E2,-5.224229E1
9.655479E0,-1.191223E2,-6.026070E1
9.659650E0,-1.253201E2,-6.430739E1
9.663821E0,-1.358017E2,-7.006952E1
9.667992E0,-1.451560E2,-7.515546E1
9.672163E0,-1.538221E2,-7.947775E1
9.676333E0,-1.607693E2,-8.315284E1
9.680504E0,-1.669004E2,-8.664446E1
9.684675E0,-1.724271E2,-8.917557E1
9.688846E0,-1.758289E2,-9.110109E1
9.693017E0,-1.789802E2,-9.269440E1
9.697188E0,-1.809013E2,-9.363119E1
9.701358E0,-1.822188E2,-9.381618E1
9.705529E0,-1.821285E2,-9.362500E1
9.709700E0,-1.805499E2,-9.292364E1
9.713871E0,-1.786407E2,-9.150606E1
9.718042E0,-1.755434E2,-8.974186E1
9.722212E0,-1.715324E2,-8.723244E1
9.726383E0,-1.663245E2,-8.429532E1
9.730554E0,-1.597145E2,-8.073974E1
9.734725E0,-1.518784E2,-7.644328E1
9.738896E0,-1.433310E2,-7.160934E1
9.743067E0,-1.337729E2,-6.650587E1
9.747237E0,-1.239636E2,-6.066570E1
9.751408E0,-1.106494E2,-5.370825E1
9.755579E0,-9.901019E1,-4.713937E1
9.759750E0,-7.812246E1,-3.852237E1
9.763921E0,-6.157299E1,-2.967466E1
9.768092E0,-4.156023E1,-2.013025E1
9.772263E0,-2.371620E1,-9.208529E0
9.776433E0,-3.484907E0,2.371105E0
9.780604E0,1.546090E1,1.501817E1
9.784775E0,3.231600E1,2.654251E1
9.788946E0,4.824046E1,3.798279E1
9.793117E0,6.244704E1,4.854187E1
9.797287E0,7.621056E1,5.875425E1
9.801458E0,8.834996E1,6.850393E1
9.805629E0,1.004393E2,7.731827E1
9.809800E0,1.103504E2,8.545328E1
9.813971E0,1.200692E2,9.275263E1
9.818142E0,1.300090E2,9.941476E1
9.822313E0,1.362071E2,1.045527E2
9.826483E0,1.424866E2,1.093321E2
9.830654E0,1.478888E2,1.135433E2
9.834825E0,1.521741E2,1.167100E2
9.838996E0,1.556049E2,1.191038E2
9.843167E0,1.579694E2,1.206752E2
9.847338E0,1.592363E2,1.215270E2
9.851508E0,1.595656E2,1.218583E2
9.855679E0,1.585524E2,1.211057E2
9.859850E0,1.569087E2,1.194966E2
9.864021E0,1.546863E2,1.175600E2
9.868192E0,1.504366E2,1.143031E2
9.872362E0,1.450515E2,1.107234E2
9.876533E0,1.388046E2,1.058791E2
9.880704E0,1.312272E2,1.003773E2
9.884875E0,1.216368E2,9.382141E1
9.889046E0,1.123887E2,8.643439E1
9.893217E0,9.986049E1,7.785011E1
9.897388E0,8.853380E1,6.888232E1
9.901558E0,7.646300E1,5.924391E1
9.905729E0,6.175228E1,4.955157E1
9.909900E0,5.032706E1,3.856806E1
9.914071E0,3.340798E1,2.762122E1
9.918242E0,1.610823E1,1.555442E1
9.922413E0,-3.896456E0,4.005441E0
9.926583E0,-2.277038E1,-6.233649E0
9.930754E0,-4.107272E1,-1.636817E1
9.934925E0,-5.770391E1,-2.459364E1
9.939096E0,-7.422703E1,-3.246881E1
9.943267E0,-9.033504E1,-4.005047E1
9.947437E0,-1.025573E2,-4.668072E1
9.951608E0,-1.142795E2,-5.219211E1
9.955779E0,-1.240479E2,-5.732358E1
9.959950E0,-1.338300E2,-6.218624E1
9.964121E0,-1.415661E2,-6.638052E1
9.968292E0,-1.487808E2,-7.002680E1
9.972462E0,-1.544803E2,-7.338848E1
9.976633E0,-1.585089E2,-7.573369E1
9.980804E0,-1.632398E2,-7.789710E1
9.984975E0,-1.646404E2,-7.947450E1
9.989146E0,-1.658344E2,-8.039744E1
9.993317E0,-1.671499E2,-8.102280E1
9.997488E0,-1.665268E2,-8.102652E1
1.000166E1,-1.646963E2,-8.057815E1
1.000583E1,-1.618978E2,-7.897277E1
1.001000E1,-1.576136E2,-7.760700E1
1.001417E1,-1.535009E2,-7.526005E1
1.001834E1,-1.470986E2,-7.232735E1
1.002251E1,-1.395209E2,-6.876622E1
1.002668E1,-1.314241E2,-6.435040E1
1.003085E1,-1.236554E2,-6.019882E1
1.003502E1,-1.115955E2,-5.476776E1
1.003920E1,-9.891991E1,-4.871883E1
1.004337E1,-8.697339E1,-4.233263E1
1.004754E1,-6.943990E1,-3.441590E1
1.005171E1,-5.375034E1,-2.636557E1
1.005588E1,-3.144500E1,-1.800555E1
1.006005E1,-1.492260E1,-7.526243E0
1.006422E1,3.271313E0,3.722499E0
1.006839E1,1.987607E1,1.549272E1
1.007256E1,3.511155E1,2.688965E1
1.007673E1,5.062520E1,3.824517E1
1.008090E1,6.404191E1,4.799448E1
1.008508E1,7.433318E1,5.752958E1
1.008925E1,8.426231E1,6.564026E1
1.009342E1,9.390350E1,7.447732E1
1.009759E1,1.024038E2,8.142593E1
1.010176E1,1.089131E2,8.789310E1
1.010593E1,1.167459E2,9.366873E1
1.011010E1,1.228669E2,9.865384E1
1.011427E1,1.280252E2,1.027523E2
1.011844E1,1.311884E2,1.057187E2
1.012261E1,1.353040E2,1.083399E2
1.012678E1,1.361248E2,1.098236E2
1.013095E1,1.369517E2,1.107713E2
1.013513E1,1.368035E2,1.107973E2
1.013930E1,1.355491E2,1.099907E2
1.014347E1,1.346601E2,1.085939E2
1.014764E1,1.320567E2,1.064123E2
1.015181E1,1.262011E2,1.026361E2
1.015598E1,1.205888E2,9.872289E1
1.016015E1,1.147497E2,9.358316E1
1.016432E1,1.084634E2,8.837449E1
1.016849E1,9.899657E1,8.175469E1
1.017266E1,8.797834E1,7.364978E1
1.017683E1,7.750406E1,6.449697E1
1.018100E1,6.610082E1,5.642815E1
1.018517E1,5.376084E1,4.669412E1
1.018935E1,4.083701E1,3.659734E1
1.019352E1,2.593462E1,2.548352E1
1.019769E1,1.311562E1,1.360384E1
1.020186E1,-5.462119E0,3.012406E0
1.020603E1,-2.193769E1,-7.049226E0
1.021020E1,-4.019487E1,-1.609291E1
1.021437E1,-5.433545E1,-2.441838E1
1.021854E1,-7.059118E1,-3.231458E1
1.022271E1,-8.406387E1,-3.933844E1
1.022688E1,-9.606827E1,-4.555502E1
1.023105E1,-1.067734E2,-5.131047E1
1.023522E1,-1.146750E2,-5.567450E1
1.023940E1,-1.232744E2,-5.992468E1
1.024357E1,-1.307422E2,-6.407567E1
1.024774E1,-1.349634E2,-6.655426E1
1.025191E1,-1.399247E2,-6.945362E1
1.025608E1,-1.435145E2,-7.140867E1
1.026025E1,-1.460600E2,-7.254458E1
1.026442E1,-1.470510E2,-7.330024E1
1.026859E1,-1.477463E2,-7.363076E1
1.027276E1,-1.467584E2,-7.331454E1
1.027693E1,-1.448970E2,-7.256020E1
1.028110E1,-1.421003E2,-7.120036E1
1.028528E1,-1.389503E2,-6.905811E1
1.028945E1,-1.330339E2,-6.639809E1
1.029362E1,-1.270112E2,-6.335262E1
1.029779E1,-1.199409E2,-5.943397E1
1.030196E1,-1.107303E2,-5.458925E1
1.030613E1,-1.017101E2,-4.960673E1
1.031030E1,-9.181016E1,-4.437174E1
1.031447E1,-7.908252E1,-3.716587E1
1.031864E1,-6.458615E1,-3.051351E1
1.032281E1,-4.659182E1,-2.153604E1
1.032698E1,-2.953334E1,-1.276610E1
1.033115E1,-1.236986E1,-3.067343E0
1.033533E1,2.834590E0,7.707830E0
1.033950E1,1.842049E1,1.832987E1
1.034367E1,3.192790E1,2.889776E1
1.034784E1,4.549854E1,3.866041E1
1.035201E1,5.728029E1,4.755234E1
1.035618E1,6.605314E1,5.600143E1
1.036035E1,7.519591E1,6.354600E1
1.036452E1,8.385227E1,7.054616E1
1.036869E1,9.071755E1,7.695012E1
1.037286E1,9.717378E1,8.172512E1
1.037703E1,1.014068E2,8.557939E1
1.038120E1,1.069758E2,8.971735E1
1.038537E1,1.109029E2,9.260153E1
1.038955E1,1.136678E2,9.468967E1
1.039372E1,1.151103E2,9.572988E1
1.039789E1,1.163510E2,9.645526E1
1.040206E1,1.157771E2,9.581791E1
1.040623E1,1.144804E2,9.474498E1
1.041040E1,1.125290E2,9.264652E1
1.041457E1,1.084996E2,8.989553E1
1.041874E1,1.054242E2,8.640431E1
1.042291E1,1.002390E2,8.240371E1
1.042708E1,9.315655E1,7.670814E1
1.043125E1,8.543893E1,7.058834E1
1.043542E1,7.895492E1,6.446132E1
1.043960E1,6.790215E1,5.673436E1
1.044377E1,6.110798E1,4.943307E1
1.044794E1,4.784401E1,4.058687E1
1.045211E1,3.404131E1,3.059352E1
1.045628E1,2.114597E1,2.060172E1
1.046045E1,7.927340E0,1.089119E1
1.046462E1,-1.004252E1,7.287214E-1
1.046879E1,-2.294898E1,-7.602050E0
1.047296E1,-4.149155E1,-1.660250E1
1.047713E1,-5.577210E1,-2.359376E1
1.048130E1,-6.916346E1,-3.038110E1
1.048548E1,-8.039720E1,-3.523206E1
1.048965E1,-9.087539E1,-4.046626E1
1.049382E1,-1.003419E2,-4.442723E1
1.049799E1,-1.083020E2,-4.816428E1
1.050216E1,-1.148299E2,-5.152492E1
1.050633E1,-1.206600E2,-5.438299E1
1.051050E1,-1.256547E2,-5.614503E1
1.051467E1,-1.291794E2,-5.797805E1
1.051884E1,-1.313936E2,-5.904116E1
1.052301E1,-1.329600E2,-5.999856E1
1.052718E1,-1.332119E2,-6.011940E1
1.053135E1,-1.313520E2,-5.954884E1
1.053552E1,-1.297507E2,-5.858582E1
1.053970E1,-1.269287E2,-5.702786E1
1.054387E1,-1.232173E2,-5.505415E1
1.054804E1,-1.170466E2,-5.221907E1
1.055221E1,-1.111500E2,-4.930395E1
1.055638E1,-1.039688E2,-4.612893E1
1.056055E1,-9.432994E1,-4.131372E1
1.056472E1,-8.394515E1,-3.636362E1
1.056889E1,-7.121059E1,-3.054538E1
1.057306E1,-5.857091E1,-2.442577E1
1.057723E1,-4.511073E1,-1.736191E1
1.058140E1,-3.039529E1,-1.004875E1
1.058558E1,-1.122602E1,-1.023896E0
1.058975E1,4.077329E0,7.648415E0
1.059392E1,1.726097E1,1.748295E1
1.059809E1,2.741310E1,2.557789E1
1.060226E1,3.817016E1,3.375860E1
1.060643E1,4.920478E1,4.134165E1
1.061060E1,5.539070E1,4.758270E1
1.061477E1,6.377796E1,5.379848E1
1.061894E1,7.149044E1,5.941230E1
1.062311E1,7.826666E1,6.457007E1
1.062728E1,8.306824E1,6.852693E1
1.063145E1,8.731122E1,7.169399E1
1.063562E1,9.175915E1,7.457494E1
1.063980E1,9.484929E1,7.659326E1
1.064397E1,9.637397E1,7.747411E1
1.064814E1,9.724541E1,7.828163E1
1.065231E1,9.651117E1,7.765453E1
1.065648E1,9.509545E1,7.665600E1
1.066065E1,9.237177E1,7.467162E1
1.066482E1,8.827592E1,7.196014E1
1.066899E1,8.434869E1,6.829340E1
1.067316E1,7.779763E1,6.401010E1
1.067733E1,7.115175E1,5.878282E1
1.068150E1,6.308660E1,5.283109E1
1.068567E1,5.454411E1,4.701187E1
1.068985E1,4.472656E1,4.004964E1
1.069402E1,3.522654E1,3.222977E1
1.069819E1,2.196536E1,2.383863E1
1.070236E1,9.430381E0,1.475255E1
1.070653E1,-3.547005E0,6.318185E0
1.071070E1,-1.928821E1,-2.067065E0
1.071487E1,-3.299103E1,-9.454851E0
1.071904E1,-4.661606E1,-1.646696E1
1.072321E1,-5.950015E1,-2.265711E1
1.072738E1,-7.141875E1,-2.811643E1
1.073155E1,-7.934367E1,-3.117131E1
1.073573E1,-8.941754E1,-3.599448E1
1.073990E1,-9.578705E1,-3.927500E1
1.074407E1,-1.031447E2,-4.301974E1
1.074824E1,-1.074155E2,-4.496727E1
1.075241E1,-1.108095E2,-4.740276E1
1.075658E1,-1.136878E2,-4.867254E1
1.076075E1,-1.157765E2,-4.928639E1
1.076492E1,-1.165192E2,-5.028998E1
1.076909E1,-1.163932E2,-5.020399E1
1.077326E1,-1.142437E2,-4.956264E1
1.077743E1,-1.118788E2,-4.859544E1
1.078160E1,-1.088938E2,-4.711644E1
1.078577E1,-1.035174E2,-4.460058E1
1.078995E1,-9.819023E1,-4.215287E1
1.079412E1,-9.161524E1,-3.949918E1
1.079829E1,-8.221753E1,-3.539059E1
1.080246E1,-7.146572E1,-3.024102E1
1.080663E1,-6.205416E1,-2.625214E1
1.081080E1,-4.899254E1,-2.041900E1
1.081497E1,-3.650980E1,-1.550295E1
1.081914E1,-2.237769E1,-7.290272E0
1.082331E1,-9.388591E0,5.867325E-1
1.082748E1,3.105430E0,9.753210E0
1.083165E1,1.517269E1,1.764511E1
1.083583E1,2.520327E1,2.556961E1
1.084000E1,3.559930E1,3.360757E1
1.084417E1,4.405974E1,3.945373E1
1.084834E1,5.167022E1,4.571187E1
1.085251E1,5.842366E1,5.050903E1
1.085668E1,6.460575E1,5.583452E1
1.086085E1,6.715403E1,5.870040E1
1.086502E1,7.120753E1,6.152852E1
1.086919E1,7.347592E1,6.360842E1
1.087336E1,7.506530E1,6.474854E1
1.087753E1,7.602705E1,6.571040E1
1.088170E1,7.593204E1,6.550799E1
1.088588E1,7.497094E1,6.443555E1
1.089005E1,7.246628E1,6.261502E1
1.089422E1,6.978979E1,6.055967E1
1.089839E1,6.490355E1,5.691611E1
1.090256E1,5.951703E1,5.266096E1
1.090673E1,5.295538E1,4.766784E1
1.091090E1,4.685481E1,4.254406E1
1.091507E1,3.918437E1,3.650247E1
1.091924E1,2.873269E1,2.899758E1
1.092341E1,1.875507E1,2.183407E1
1.092758E1,7.455607E0,1.365580E1
1.093175E1,-4.492321E0,5.470153E0
1.093592E1,-1.756440E1,-2.285275E0
1.094010E1,-3.103396E1,-9.967735E0
1.094427E1,-4.272054E1,-1.523322E1
1.094844E1,-5.315842E1,-2.004986E1
1.095261E1,-6.275653E1,-2.471930E1
1.095678E1,-7.134598E1,-2.819914E1
1.096095E1,-7.829430E1,-3.126831E1
1.096512E1,-8.323147E1,-3.345181E1
1.096929E1,-8.907335E1,-3.639836E1
1.097346E1,-9.304173E1,-3.804715E1
1.097763E1,-9.563584E1,-3.954420E1
1.098180E1,-9.756622E1,-4.046426E1
1.098597E1,-9.786026E1,-4.069768E1
1.099015E1,-9.773250E1,-4.068464E1
1.099432E1,-9.630133E1,-3.995305E1
1.099849E1,-9.306371E1,-3.885021E1
1.100266E1,-8.904779E1,-3.676788E1
1.100683E1,-8.458988E1,-3.473059E1
1.101100E1,-7.872270E1,-3.230968E1
1.101517E1,-6.962694E1,-2.871946E1
1.101934E1,-6.248509E1,-2.559787E1
1.102351E1,-5.283210E1,-2.082712E1
1.102768E1,-4.179674E1,-1.532256E1
1.103185E1,-2.983018E1,-9.618503E0
1.103603E1,-1.737928E1,-2.504146E0
1.104020E1,-5.908906E0,4.668297E0
1.104437E1,4.222039E0,1.183206E1
1.104854E1,1.376788E1,1.871889E1
1.105271E1,2.308591E1,2.546801E1
1.105688E1,3.009296E1,3.081178E1
1.106105E1,3.801113E1,3.644416E1
1.106522E1,4.291033E1,4.059219E1
1.106939E1,4.823904E1,4.467734E1
1.107356E1,5.267771E1,4.872493E1
1.107773E1,5.571669E1,5.081883E1
1.108190E1,5.834780E1,5.237159E1
1.108608E1,5.801670E1,5.275629E1
1.109025E1,5.899580E1,5.350986E1
1.109442E1,5.834912E1,5.232670E1
1.109859E1,5.643788E1,5.117777E1
1.110276E1,5.288469E1,4.877165E1
1.110693E1,4.934132E1,4.534607E1
1.111110E1,4.429249E1,4.133186E1
1.111527E1,3.793977E1,3.677242E1
1.111944E1,3.114775E1,3.167906E1
1.112361E1,2.350301E1,2.538735E1
1.112778E1,1.369945E1,1.873937E1
1.113195E1,3.904583E0,1.177149E1
1.113612E1,-6.892455E0,4.476389E0
1.114030E1,-1.830304E1,-2.389432E0
1.114447E1,-2.914474E1,-7.555882E0
1.114864E1,-3.884723E1,-1.258530E1
1.115281E1,-4.713122E1,-1.642390E1
1.115698E1,-5.478572E1,-2.012932E1
1.116115E1,-6.048357E1,-2.272838E1
1.116532E1,-6.704562E1,-2.497132E1
1.116949E1,-7.156959E1,-2.710777E1
1.117366E1,-7.443661E1,-2.829193E1
1.117783E1,-7.676733E1,-2.953314E1
1.118200E1,-7.780515E1,-3.013254E1
1.118617E1,-7.788475E1,-3.030931E1
1.119035E1,-7.663898E1,-2.968566E1
1.119452E1,-7.425534E1,-2.870711E1
1.119869E1,-7.096992E1,-2.719589E1
1.120286E1,-6.699165E1,-2.523950E1
1.120703E1,-6.086810E1,-2.340070E1
1.121120E1,-5.410323E1,-2.027816E1
1.121537E1,-4.554547E1,-1.667732E1
1.121954E1,-3.674528E1,-1.225204E1
1.122371E1,-2.606890E1,-7.421370E0
1.122788E1,-1.599039E1,-1.364734E0
1.123205E1,-6.419225E0,4.795441E0
1.123623E1,1.991406E0,1.076311E1
1.124040E1,9.815097E0,1.656267E1
1.124457E1,1.622079E1,2.152599E1
1.124874E1,2.231368E1,2.629205E1
1.125291E1,2.778004E1,3.071243E1
1.125708E1,3.261689E1,3.456173E1
1.126125E1,3.601772E1,3.749169E1
1.126542E1,3.821429E1,3.950677E1
1.126959E1,3.948299E1,4.023288E1
1.127376E1,3.906116E1,4.068905E1
1.127793E1,3.779341E1,3.995107E1
1.128210E1,3.622474E1,3.866109E1
1.128627E1,3.312615E1,3.661326E1
1.129045E1,2.940587E1,3.359576E1
1.129462E1,2.449641E1,2.979312E1
1.129879E1,1.837900E1,2.547753E1
1.130296E1,1.048079E1,1.929205E1
1.130713E1,3.274282E0,1.373329E1
1.131130E1,-5.088959E0,7.650510E0
1.131547E1,-1.376257E1,1.196766E0
1.131964E1,-2.207435E1,-3.560943E0
1.132381E1,-3.086192E1,-8.254021E0
1.132798E1,-3.760667E1,-1.262501E1
1.133215E1,-4.380570E1,-1.583106E1
1.133633E1,-4.856147E1,-1.831161E1
1.134050E1,-5.238260E1,-2.002731E1
1.134467E1,-5.489336E1,-2.184040E1
1.134884E1,-5.742132E1,-2.292840E1
1.135301E1,-5.817241E1,-2.350816E1
1.135718E1,-5.803979E1,-2.335687E1
1.136135E1,-5.691780E1,-2.249731E1
1.136552E1,-5.474418E1,-2.144085E1
1.136969E1,-5.183820E1,-2.006689E1
1.137386E1,-4.703968E1,-1.758262E1
1.137803E1,-4.123848E1,-1.432073E1
1.138220E1,-3.438118E1,-1.049511E1
1.138637E1,-2.732380E1,-6.554944E0
1.139055E1,-1.954123E1,-2.338504E0
1.139472E1,-1.166255E1,3.168708E0
1.139889E1,-5.902836E0,8.511859E0
1.140306E1,4.433403E-1,1.321743E1
1.140723E1,4.500327E0,1.751564E1
1.141140E1,8.165754E0,2.066725E1
1.141557E1,1.116949E1,2.368489E1
1.141974E1,1.357310E1,2.549234E1
1.142391E1,1.488873E1,2.682672E1
1.142808E1,1.550602E1,2.734750E1
1.143225E1,1.512157E1,2.727585E1
1.143642E1,1.385023E1,2.673767E1
1.144060E1,1.151737E1,2.487916E1
1.144477E1,8.153951E0,2.191827E1
1.144894E1,4.606463E0,1.906412E1
1.145311E1,-3.412198E-1,1.478741E1
1.145728E1,-5.882584E0,9.827538E0
1.146145E1,-1.202863E1,4.893211E0
1.146562E1,-1.847915E1,-7.843226E-1
1.146979E1,-2.541460E1,-4.068865E0
1.147396E1,-3.074242E1,-7.878523E0
1.147813E1,-3.522053E1,-1.049027E1
1.148230E1,-3.871621E1,-1.227000E1
1.148648E1,-4.099086E1,-1.391028E1
1.149065E1,-4.260650E1,-1.487501E1
1.149482E1,-4.309705E1,-1.545821E1
1.149899E1,-4.277317E1,-1.505732E1
1.150316E1,-4.134622E1,-1.444265E1
1.150733E1,-3.896343E1,-1.357950E1
1.151150E1,-3.606900E1,-1.163940E1
1.151567E1,-3.168473E1,-9.451077E0
1.151984E1,-2.672337E1,-6.196144E0
1.152401E1,-2.050765E1,-2.729574E0
1.152818E1,-1.521644E1,2.342067E0
1.153235E1,-1.094296E1,6.557412E0
1.153652E1,-7.415915E0,1.066266E1
1.154070E1,-4.443661E0,1.389837E1
1.154487E1,-2.699094E0,1.593024E1
1.154904E1,-1.114515E0,1.771925E1
1.155321E1,-8.727190E-1,1.843371E1
1.155738E1,-1.195960E0,1.856648E1
1.156155E1,-2.193216E0,1.801156E1
1.156572E1,-4.069138E0,1.672555E1
1.156989E1,-5.954865E0,1.432815E1
1.157406E1,-9.190531E0,1.129188E1
1.157823E1,-1.376381E1,7.496809E0
1.158240E1,-1.814610E1,3.778028E0
1.158657E1,-2.271061E1,-4.299276E-2
1.159075E1,-2.643873E1,-2.899406E0
1.159492E1,-2.879147E1,-5.280029E0
1.159909E1,-3.088553E1,-6.960232E0
1.160326E1,-3.167148E1,-8.047036E0
1.160743E1,-3.168032E1,-8.471387E0
1.161160E1,-3.057690E1,-8.260031E0
1.161577E1,-2.896227E1,-7.196036E0
1.161994E1,-2.643984E1,-5.764032E0
1.162411E1,-2.347846E1,-2.991873E0
1.162828E1,-1.996673E1,-5.557024E-1
1.163245E1,-1.670936E1,3.331286E0
1.163663E1,-1.415667E1,7.116457E0
1.164080E1,-1.190996E1,1.018555E1
1.164497E1,-1.071299E1,1.244584E1
1.164914E1,-1.021794E1,1.414043E1
1.165331E1,-1.026249E1,1.481285E1
1.165748E1,-1.069039E1,1.435931E1
1.166165E1,-1.210678E1,1.297518E1
1.166582E1,-1.404106E1,1.084694E1
1.166999E1,-1.672199E1,7.587908E0
1.167416E1,-1.948580E1,4.720968E0
1.167833E1,-2.261133E1,1.506866E0
1.168250E1,-2.433525E1,-1.170480E0
1.168667E1,-2.564371E1,-3.363647E0
1.169085E1,-2.617269E1,-5.034637E0
1.169502E1,-2.587308E1,-5.408257E0
1.169919E1,-2.552780E1,-4.806489E0
1.170336E1,-2.439949E1,-3.172879E0
1.170753E1,-2.297794E1,-1.466023E0
1.171170E1,-2.077646E1,1.897467E0
1.171587E1,-1.884259E1,4.881339E0
1.172004E1,-1.723615E1,9.057600E0
1.172421E1,-1.583467E1,1.155301E1
1.172838E1,-1.493965E1,1.341418E1
1.173255E1,-1.476929E1,1.441899E1
1.173672E1,-1.508481E1,1.469325E1
1.174090E1,-1.597203E1,1.348545E1
1.174507E1,-1.733772E1,1.189022E1
1.174924E1,-1.816403E1,9.216541E0
1.175341E1,-1.993368E1,5.661742E0
1.175758E1,-2.064577E1,2.106701E0
1.176175E1,-2.120457E1,-7.844260E-1
1.176592E1,-2.166274E1,-2.429255E0
1.177009E1,-2.165434E1,-3.392035E0
1.177426E1,-2.175366E1,-3.698993E0
1.177843E1,-2.152831E1,-2.704895E0
1.178260E1,-2.137852E1,-5.189979E-1
1.178678E1,-2.077625E1,2.247416E0
1.179095E1,-2.009035E1,5.637220E0
1.179512E1,-1.942340E1,9.242956E0
1.179929E1,-1.816721E1,1.166331E1
1.180346E1,-1.775009E1,1.304827E1
1.180763E1,-1.733398E1,1.337695E1
1.181180E1,-1.723108E1,1.325657E1
1.181597E1,-1.751702E1,1.180058E1
1.182014E1,-1.828009E1,9.418119E0
1.182431E1,-1.940477E1,6.124033E0
1.182848E1,-2.006252E1,3.173229E0
1.183265E1,-2.098740E1,6.471702E-1
1.183683E1,-2.148141E1,-9.733372E-1
1.184100E1,-2.240427E1,-1.925848E0
1.184517E1,-2.246766E1,-1.745218E0
1.184934E1,-2.223240E1,-2.325958E-1
1.185351E1,-2.171907E1,1.740022E0
1.185768E1,-2.089819E1,4.142560E0
1.186185E1,-1.950224E1,6.884789E0
1.186602E1,-1.781383E1,9.246081E0
1.187019E1,-1.702521E1,1.070738E1
1.187436E1,-1.611051E1,1.089572E1
1.187853E1,-1.630886E1,1.098813E1
1.188270E1,-1.662682E1,9.707036E0
1.188687E1,-1.763041E1,8.004585E0
1.189105E1,-1.947252E1,5.452565E0
1.189522E1,-2.089622E1,3.259947E0
1.189939E1,-2.202389E1,1.544733E0
1.190356E1,-2.297125E1,5.413074E-2
1.190773E1,-2.319147E1,-5.037270E-1
1.191190E1,-2.258733E1,-1.397083E-1
1.191607E1,-2.188611E1,7.749821E-1
1.192024E1,-2.072730E1,2.553869E0
1.192441E1,-1.957918E1,4.955077E0
1.192858E1,-1.831820E1,7.644769E0
1.193275E1,-1.769068E1,9.237397E0
1.193692E1,-1.756204E1,1.045057E1
1.194110E1,-1.779114E1,1.060020E1
1.194527E1,-1.840701E1,1.014893E1
1.194944E1,-1.920183E1,8.676762E0
1.195361E1,-2.013619E1,6.408962E0
1.195778E1,-2.054004E1,3.779478E0
1.196195E1,-2.079682E1,1.522544E0
1.196612E1,-2.083724E1,7.943933E-1
1.197029E1,-2.083527E1,4.142727E-1
1.197446E1,-2.086283E1,7.902761E-1
1.197863E1,-2.093477E1,2.397986E0
1.198280E1,-2.073204E1,4.494654E0
1.198698E1,-2.012853E1,6.935536E0
1.199115E1,-1.905657E1,8.724740E0
1.199532E1,-1.823226E1,1.005047E1
1.199949E1,-1.800858E1,9.856040E0
1.200366E1,-1.801707E1,9.279209E0
1.200783E1,-1.837670E1,8.152069E0
1.201200E1,-1.913231E1,6.090889E0
1.201617E1,-2.029814E1,4.054180E0
1.202034E1,-2.094417E1,2.501464E0
1.202451E1,-2.147363E1,1.447195E0
1.202868E1,-2.150760E1,1.698187E0
1.203285E1,-2.139039E1,1.982386E0
1.203702E1,-2.083483E1,3.283694E0
1.204120E1,-1.989334E1,5.197771E0
1.204537E1,-1.905409E1,7.185299E0
1.204954E1,-1.820002E1,8.982954E0
1.205371E1,-1.772501E1,9.553307E0
1.205788E1,-1.795910E1,9.759543E0
1.206205E1,-1.849291E1,9.046115E0
1.206622E1,-1.969479E1,7.287502E0
1.207039E1,-2.053896E1,5.362707E0
1.207456E1,-2.063833E1,3.690189E0
1.207873E1,-2.098602E1,2.132145E0
1.208290E1,-2.087229E1,2.032024E0
1.208708E1,-2.088101E1,2.257522E0
1.209125E1,-2.076615E1,3.397430E0
1.209542E1,-2.062434E1,5.240269E0
1.209959E1,-1.977697E1,7.218308E0
1.210376E1,-1.905001E1,8.672804E0
1.210793E1,-1.861599E1,9.432301E0
1.211210E1,-1.866732E1,9.407276E0
1.211627E1,-1.902731E1,8.757970E0
1.212044E1,-1.988010E1,7.200191E0
1.212461E1,-2.080310E1,5.280904E0
1.212878E1,-2.124267E1,4.017372E0
1.213295E1,-2.140034E1,3.206263E0
1.213712E1,-2.117229E1,3.428037E0
1.214130E1,-2.094924E1,3.783153E0
1.214547E1,-2.061064E1,4.675854E0
1.214964E1,-1.988699E1,6.397482E0
1.215381E1,-1.938169E1,8.073630E0
1.215798E1,-1.892291E1,8.853427E0
1.216215E1,-1.871626E1,9.151733E0
1.216632E1,-1.922886E1,8.640112E0
1.217049E1,-1.962550E1,7.583463E0
1.217466E1,-2.030829E1,5.697177E0
1.217883E1,-2.053483E1,4.400275E0
1.218300E1,-2.086544E1,3.713351E0
1.218717E1,-2.078484E1,3.406155E0
1.219135E1,-2.078713E1,4.069817E0
1.219552E1,-2.081131E1,5.086152E0
1.219969E1,-2.017594E1,6.236218E0
1.220386E1,-1.945315E1,7.893517E0
1.220803E1,-1.874679E1,8.412754E0
1.221220E1,-1.885535E1,8.683824E0
1.221637E1,-1.912512E1,8.013552E0
1.222054E1,-1.977634E1,6.446526E0
1.222471E1,-2.049719E1,5.277166E0
1.222888E1,-2.074904E1,4.404667E0
1.223305E1,-2.088361E1,4.105847E0
1.223723E1,-2.087768E1,4.311342E0
1.224140E1,-2.075386E1,4.454463E0
1.224557E1,-2.056524E1,5.533130E0
1.224974E1,-2.034331E1,6.833253E0
1.225391E1,-1.959923E1,7.770236E0
1.225808E1,-1.959871E1,8.071535E0
1.226225E1,-1.973197E1,7.702063E0
1.226642E1,-2.018441E1,6.835024E0
1.227059E1,-2.035001E1,5.615327E0
1.227476E1,-2.079111E1,4.644900E0
1.227893E1,-2.096201E1,4.027881E0
1.228310E1,-2.097517E1,3.829763E0
1.228727E1,-2.082057E1,4.345663E0
1.229145E1,-2.061380E1,5.404487E0
1.229562E1,-2.008973E1,6.668837E0
1.229979E1,-1.992255E1,7.469987E0
1.230396E1,-1.974657E1,7.674734E0
1.230813E1,-1.993835E1,7.510661E0
1.231230E1,-2.029313E1,6.547502E0
1.231647E1,-2.048238E1,5.773003E0
1.232064E1,-2.092449E1,4.852497E0
1.232481E1,-2.085447E1,4.257302E0
1.232898E1,-2.092182E1,4.555349E0
1.233315E1,-2.072981E1,5.128873E0
1.233732E1,-2.061541E1,6.025482E0
1.234150E1,-2.025721E1,6.699372E0
1.234567E1,-1.983434E1,7.396819E0
1.234984E1,-2.009829E1,7.347850E0
1.235401E1,-2.031905E1,7.008457E0
1.235818E1,-2.021308E1,6.222049E0
1.236235E1,-2.066146E1,5.641734E0
1.236652E1,-2.053646E1,4.980140E0
1.237069E1,-2.088218E1,4.937777E0
1.237486E1,-2.068845E1,4.882338E0
1.237903E1,-2.065634E1,5.363857E0
1.238320E1,-2.054796E1,6.035833E0
1.238738E1,-2.041398E1,6.900828E0
1.239155E1,-2.003180E1,6.697249E0
1.239572E1,-2.054549E1,6.649781E0
1.239989E1,-2.066794E1,5.838492E0
1.240406E1,-2.085860E1,5.294350E0
1.240823E1,-2.099134E1,4.817835E0
1.241240E1,-2.078735E1,4.784587E0
1.241657E1,-2.105132E1,5.402338E0
1.242074E1,-2.066757E1,5.240896E0
1.242491E1,-2.086267E1,5.991902E0
1.242908E1,-2.051523E1,6.161287E0
1.243325E1,-2.050498E1,6.524317E0
1.243742E1,-2.067917E1,6.452326E0
1.244160E1,-2.097787E1,6.118922E0
1.244577E1,-2.097392E1,5.807336E0
1.244994E1,-2.098838E1,5.359047E0
1.245411E1,-2.088273E1,5.465247E0
1.245828E1,-2.091794E1,5.614106E0
1.246245E1,-2.091093E1,5.881698E0
1.246662E1,-2.078733E1,6.443285E0
1.247079E1,-2.076703E1,6.663764E0
1.247496E1,-2.072785E1,6.914111E0
1.247913E1,-2.074239E1,6.506345E0
1.248330E1,-2.094428E1,6.217052E0
1.248747E1,-2.100228E1,5.863089E0
1.249165E1,-2.097865E1,5.831153E0
1.249582E1,-2.111222E1,5.481090E0
1.249999E1,-2.095460E1,5.968309E0
1.250416E1,-2.078462E1,6.050537E0
1.250833E1,-2.067558E1,6.274430E0
1.251250E1,-2.067395E1,6.399510E0
1.251667E1,-2.068347E1,6.191150E0
1.252084E1,-2.090062E1,6.447635E0
1.252501E1,-2.092671E1,6.268741E0
1.252918E1,-2.093578E1,6.160560E0
1.253335E1,-2.105252E1,6.403609E0
1.253753E1,-2.084970E1,6.386846E0
1.254170E1,-2.082656E1,6.526689E0
1.254587E1,-2.071512E1,6.870847E0
1.255004E1,-2.076896E1,6.607748E0
1.255421E1,-2.085490E1,6.611772E0
1.255838E1,-2.079211E1,6.320122E0
1.256255E1,-2.095828E1,6.361017E0
1.256672E1,-2.092754E1,6.405287E0
1.257089E1,-2.087351E1,6.258508E0
1.257506E1,-2.075405E1,6.529202E0
1.257923E1,-2.080463E1,6.755157E0
1.258340E1,-2.072022E1,6.802168E0
1.258758E1,-2.076768E1,6.399659E0
1.259175E1,-2.072414E1,6.702639E0
1.259592E1,-2.082363E1,6.556915E0
1.260009E1,-2.095238E1,6.660254E0
1.260426E1,-2.071530E1,6.464952E0
1.260843E1,-2.081781E1,6.426310E0
1.261260E1,-2.074354E1,6.716650E0
1.261677E1,-2.072685E1,6.581201E0
1.262094E1,-2.070999E1,6.661695E0
1.262511E1,-2.088816E1,6.943225E0
1.262928E1,-2.077011E1,6.895382E0
1.263345E1,-2.087119E1,6.636947E0
1.263762E1,-2.083596E1,6.598686E0
1.264180E1,-2.076259E1,6.812517E0
1.264597E1,-2.077100E1,6.766219E0
1.265014E1,-2.081715E1,6.572312E0
1.265431E1,-2.082975E1,6.845650E0
1.265848E1,-2.073986E1,6.774403E0
1.266265E1,-2.090455E1,6.948919E0
1.266682E1,-2.082657E1,6.728996E0
1.267099E1,-2.084469E1,6.583858E0
1.267516E1,-2.096399E1,6.666505E0
1.267933E1,-2.094111E1,6.829359E0
1.268350E1,-2.080455E1,6.735788E0
1.268767E1,-2.075340E1,6.988382E0
1.269185E1,-2.072063E1,6.940975E0
1.269602E1,-2.089916E1,6.888318E0
1.270019E1,-2.049573E1,6.715412E0
1.270436E1,-2.078139E1,6.894651E0
1.270853E1,-2.079492E1,6.902658E0
1.271270E1,-2.081277E1,6.865168E0
1.271687E1,-2.095676E1,7.039625E0
1.272104E1,-2.074759E1,6.943620E0
1.272521E1,-2.072792E1,6.886937E0
1.272938E1,-2.081087E1,7.056558E0
1.273355E1,-2.092810E1,7.070924E0
1.273773E1,-2.095571E1,7.063294E0
1.274190E1,-2.080151E1,7.063374E0
1.274607E1,-2.074409E1,7.071747E0
1.275024E1,-2.059177E1,7.121834E0
1.275441E1,-2.064857E1,7.306430E0
1.275858E1,-2.067129E1,7.756608E0
1.276275E1,-2.073236E1,7.806116E0
1.276692E1,-2.067986E1,8.166917E0
1.277109E1,-2.092455E1,8.034810E0
1.277526E1,-2.082163E1,8.110824E0
1.277943E1,-2.083659E1,8.145878E0
1.278360E1,-2.077491E1,8.601145E0
1.278777E1,-2.073902E1,8.622764E0
1.279195E1,-2.063975E1,8.645124E0
1.279612E1,-2.068860E1,8.695314E0
1.280029E1,-2.067132E1,8.623130E0
1.280446E1,-2.065027E1,8.861311E0
1.280863E1,-2.083738E1,8.682512E0
1.281280E1,-2.080117E1,8.932423E0
1.281697E1,-2.107060E1,8.959065E0
1.282114E1,-2.072334E1,9.316004E0
1.282531E1,-2.078854E1,9.351171E0
1.282948E1,-2.074273E1,9.450729E0
1.283365E1,-2.069560E1,9.682816E0
1.283783E1,-2.078778E1,9.563628E0
1.284200E1,-2.094052E1,9.681031E0
1.284617E1,-2.098117E1,9.899398E0
1.285034E1,-2.086560E1,9.968061E0
1.285451E1,-2.095658E1,9.952398E0
1.285868E1,-2.095839E1,9.895128E0
1.286285E1,-2.050926E1,1.014017E1
1.286702E1,-2.073822E1,1.021032E1
1.287119E1,-2.068958E1,1.046165E1
1.287536E1,-2.102583E1,1.095190E1
1.287953E1,-2.090162E1,1.092947E1
1.288370E1,-2.079063E1,1.088809E1
1.288787E1,-2.099900E1,1.098435E1
1.289205E1,-2.097623E1,1.094311E1
1.289622E1,-2.080634E1,1.089697E1
1.290039E1,-2.111670E1,1.105928E1
1.290456E1,-2.096352E1,1.091657E1
1.290873E1,-2.048494E1,1.123665E1
1.291290E1,-2.060518E1,1.122678E1
1.291707E1,-2.064913E1,1.146762E1
1.292124E1,-2.103106E1,1.168371E1
1.292541E1,-2.093699E1,1.177145E1
1.292958E1,-2.090784E1,1.172075E1
1.293375E1,-2.097692E1,1.186905E1
1.293793E1,-2.082713E1,1.185830E1
1.294210E1,-2.108217E1,1.190821E1
1.294627E1,-2.109658E1,1.191555E1
1.295044E1,-2.112078E1,1.209430E1
1.295461E1,-2.101108E1,1.196071E1
1.295878E1,-2.100361E1,1.205621E1
1.296295E1,-2.083378E1,1.179403E1
1.296712E1,-2.102476E1,1.195991E1
1.297129E1,-2.097145E1,1.204659E1
1.297546E1,-2.116018E1,1.210600E1
1.297963E1,-2.033404E1,1.231137E1
1.298380E1,-1.977175E1,1.234322E1
1.298798E1,-2.050392E1,1.238839E1
1.299215E1,-2.050591E1,1.263718E1
1.299632E1,-2.044175E1,1.262230E1
1.300049E1,-2.039466E1,1.307242E1
1.300466E1,-2.057645E1,1.266379E1
1.300883E1,-2.057260E1,1.271627E1
1.301300E1,-2.065886E1,1.284666E1
1.301717E1,-2.079284E1,1.280989E1
1.302134E1,-2.077418E1,1.282323E1
1.302551E1,-2.103358E1,1.280845E1
1.302968E1,-2.004140E1,1.328548E1
1.303385E1,-2.011104E1,1.331292E1
1.303802E1,-2.009308E1,1.348505E1
1.304220E1,-1.994538E1,1.365662E1
1.304637E1,-2.002098E1,1.381232E1
1.305054E1,-2.008814E1,1.364047E1
1.305471E1,-2.018842E1,1.383254E1
1.305888E1,-2.001608E1,1.373619E1
1.306305E1,-2.014711E1,1.391476E1
1.306722E1,-2.008317E1,1.389498E1
1.307139E1,-2.006744E1,1.397739E1
1.307556E1,-2.036408E1,1.404061E1
1.307973E1,-1.998137E1,1.403459E1
1.308390E1,-2.001974E1,1.394719E1
1.308807E1,-1.980886E1,1.400770E1
1.309225E1,-2.014116E1,1.391217E1
1.309642E1,-2.025543E1,1.399509E1
1.310059E1,-2.036521E1,1.404311E1
1.310476E1,-2.040831E1,1.403131E1
1.310893E1,-1.868417E1,1.426063E1
1.311310E1,-1.949611E1,1.454230E1
1.311727E1,-1.959396E1,1.438578E1
1.312144E1,-1.973332E1,1.447983E1
1.312561E1,-1.964942E1,1.453829E1
1.312978E1,-1.959099E1,1.467176E1
1.313395E1,-1.989016E1,1.472266E1
1.313813E1,-2.004968E1,1.493992E1
1.314230E1,-2.020131E1,1.496296E1
1.314647E1,-1.924099E1,1.548786E1
1.315064E1,-1.896001E1,1.550876E1
1.315481E1,-1.927914E1,1.565773E1
1.315898E1,-1.959830E1,1.550790E1
1.316315E1,-1.978079E1,1.576355E1
1.316732E1,-1.996995E1,1.584188E1
1.317149E1,-1.889376E1,1.649251E1
1.317566E1,-1.891060E1,1.648410E1
1.317983E1,-1.902009E1,1.668319E1
1.318400E1,-1.928151E1,1.677823E1
1.318818E1,-1.924976E1,1.686990E1
1.319235E1,-1.758482E1,1.750753E1
1.319652E1,-1.756286E1,1.752463E1
1.320069E1,-1.819699E1,1.770006E1
1.320486E1,-1.826445E1,1.779489E1
1.320903E1,-1.803010E1,1.786165E1
1.321320E1,-1.622239E1,1.857384E1
1.321737E1,-1.674108E1,1.860782E1
1.322154E1,-1.717123E1,1.880448E1
1.322571E1,-1.695074E1,1.865957E1
1.322988E1,-1.690210E1,1.871391E1
1.323405E1,-1.734269E1,1.882885E1
1.323822E1,-1.461061E1,1.949567E1
1.324240E1,-1.471677E1,1.948009E1
1.324657E1,-1.436364E1,1.976355E1
1.325074E1,-1.498152E1,1.976825E1
1.325491E1,-1.502253E1,1.974173E1
1.325908E1,-1.530736E1,1.983578E1
1.326325E1,-1.414578E1,2.034960E1
1.326742E1,-1.374713E1,2.045250E1
1.327159E1,-1.403345E1,2.050205E1
1.327576E1,-1.414969E1,2.054072E1
1.327993E1,-1.492431E1,2.059497E1
1.328410E1,-1.443926E1,2.043877E1
1.328828E1,-1.539342E1,2.066346E1
1.329245E1,-1.513193E1,2.057748E1
1.329662E1,-1.580695E1,2.066690E1
1.330079E1,-1.640643E1,2.064505E1
1.330496E1,-1.539538E1,2.075483E1
1.330913E1,-1.534259E1,2.069566E1
1.331330E1,-1.545576E1,2.060790E1
1.331747E1,-1.665266E1,2.061543E1
1.332164E1,-1.668402E1,2.061561E1
1.332581E1,-1.703294E1,2.065435E1
1.332998E1,-1.707951E1,2.076030E1
1.333415E1,-1.702831E1,2.072012E1
1.333833E1,-1.733720E1,2.075884E1
1.334250E1,-1.744973E1,2.072515E1
1.334667E1,-1.737751E1,2.087797E1
1.335084E1,-1.709923E1,2.072597E1
1.335501E1,-1.700277E1,2.063025E1
1.335918E1,-1.759844E1,2.072569E1
1.336335E1,-1.796520E1,2.078504E1
1.336752E1,-1.784576E1,2.076914E1
1.337169E1,-1.911941E1,2.084260E1
1.337586E1,-1.877455E1,2.064920E1
1.338003E1,-1.914229E1,2.076066E1
1.338420E1,-1.937012E1,2.095606E1
1.338837E1,-1.798193E1,2.074242E1
1.339255E1,-1.909570E1,2.070423E1
1.339672E1,-1.890422E1,2.088215E1
1.340089E1,-1.908911E1,2.083711E1
1.340506E1,-1.895813E1,2.072367E1
1.340923E1,-1.873162E1,2.046625E1
1.341340E1,-1.882681E1,2.053923E1
1.341757E1,-1.854097E1,2.041199E1
1.342174E1,-1.889698E1,2.061120E1
1.342591E1,-1.896962E1,2.057601E1
1.343008E1,-1.880307E1,2.055778E1
1.343425E1,-1.933808E1,2.067616E1
1.343843E1,-1.873098E1,2.062682E1
1.344260E1,-1.870689E1,2.063448E1
1.344677E1,-1.858414E1,2.057361E1
1.345094E1,-1.914850E1,2.062895E1
1.345511E1,-1.928605E1,2.073170E1
1.345928E1,-1.899015E1,2.072641E1
1.346345E1,-1.908245E1,2.068538E1
1.346762E1,-1.950652E1,2.062829E1
1.347179E1,-1.982481E1,2.065865E1
1.347596E1,-1.980330E1,2.068348E1
1.348013E1,-1.981946E1,2.064146E1
1.348430E1,-1.992836E1,2.077749E1
1.348848E1,-2.000221E1,2.069904E1
1.349265E1,-1.997274E1,2.075766E1
1.349682E1,-2.013631E1,2.083385E1
