,mass A,,
t,x,y,
0.000000E0,2.420019E2,-4.270621E1
4.170833E-3,2.419567E2,-4.273185E1
8.341667E-3,2.421572E2,-4.264527E1
1.251250E-2,2.418750E2,-4.276848E1
1.668333E-2,2.421460E2,-4.300356E1
2.085417E-2,2.423471E2,-4.293081E1
2.502500E-2,2.425426E2,-4.261174E1
2.919583E-2,2.425990E2,-4.258809E1
3.336667E-2,2.423996E2,-4.286119E1
3.753750E-2,2.421442E2,-4.275595E1
4.170833E-2,2.419651E2,-4.230458E1
4.587917E-2,2.419529E2,-4.170884E1
5.005000E-2,2.421126E2,-4.114566E1
5.422083E-2,2.415544E2,-3.989114E1
5.839167E-2,2.418237E2,-3.800085E1
6.256250E-2,2.412818E2,-3.608998E1
6.673333E-2,2.397285E2,-3.381371E1
7.090417E-2,2.380167E2,-3.058497E1
7.507500E-2,2.362590E2,-2.712627E1
7.924583E-2,2.339007E2,-2.252255E1
8.341667E-2,2.315825E2,-1.674049E1
8.758750E-2,2.281642E2,-1.024951E1
9.175833E-2,2.233027E2,-3.434240E0
9.592917E-2,2.173876E2,3.492807E0
1.001000E-1,2.090892E2,1.128634E1
1.042708E-1,1.999281E2,1.795451E1
1.084417E-1,1.890503E2,2.601650E1
1.126125E-1,1.754837E2,3.423588E1
1.167833E-1,1.623090E2,4.071375E1
1.209542E-1,1.463581E2,4.780332E1
1.251250E-1,1.303828E2,5.379882E1
1.292958E-1,1.129799E2,5.866281E1
1.334667E-1,9.421218E1,6.330205E1
1.376375E-1,7.420450E1,6.728446E1
1.418083E-1,5.384292E1,6.984663E1
1.459792E-1,3.329806E1,6.896644E1
1.501500E-1,1.211615E1,6.788794E1
1.543208E-1,-9.314261E0,6.657477E1
1.584917E-1,-3.002103E1,6.520491E1
1.626625E-1,-5.026919E1,6.234935E1
1.668333E-1,-7.031435E1,5.825297E1
1.710042E-1,-8.732093E1,5.432106E1
1.751750E-1,-1.051993E2,4.947651E1
1.793458E-1,-1.217558E2,4.331633E1
1.835167E-1,-1.370575E2,3.687753E1
1.876875E-1,-1.511911E2,2.993248E1
1.918583E-1,-1.635915E2,2.293862E1
1.960292E-1,-1.738607E2,1.503582E1
2.002000E-1,-1.838596E2,7.196888E0
2.043708E-1,-1.920050E2,2.657432E-1
2.085417E-1,-1.991124E2,-8.014458E0
2.127125E-1,-2.047447E2,-1.630242E1
2.168833E-1,-2.087998E2,-2.426624E1
2.210542E-1,-2.114940E2,-3.199417E1
2.252250E-1,-2.129836E2,-3.871858E1
2.293958E-1,-2.131674E2,-4.575540E1
2.335667E-1,-2.119792E2,-5.250770E1
2.377375E-1,-2.101407E2,-5.831525E1
2.419083E-1,-2.068412E2,-6.426224E1
2.460792E-1,-2.024760E2,-7.015869E1
2.502500E-1,-1.968200E2,-7.483485E1
2.544208E-1,-1.897235E2,-7.939894E1
2.585917E-1,-1.819163E2,-8.361082E1
2.627625E-1,-1.730292E2,-8.694410E1
2.669333E-1,-1.636697E2,-8.866290E1
2.711042E-1,-1.534620E2,-9.095472E1
2.752750E-1,-1.415361E2,-9.143847E1
2.794458E-1,-1.279280E2,-9.248055E1
2.836167E-1,-1.128783E2,-9.242462E1
2.877875E-1,-9.750996E1,-9.058306E1
2.919583E-1,-8.072643E1,-8.873287E1
2.961292E-1,-6.269049E1,-8.537428E1
3.003000E-1,-4.370214E1,-8.184359E1
3.044708E-1,-2.277846E1,-7.469863E1
3.086417E-1,-4.272492E0,-6.465532E1
3.128125E-1,1.504703E1,-5.283891E1
3.169833E-1,3.487733E1,-4.225952E1
3.211542E-1,5.396594E1,-3.156711E1
3.253250E-1,7.150790E1,-2.021212E1
3.294958E-1,8.886018E1,-8.927932E0
3.336667E-1,1.043573E2,2.347528E0
3.378375E-1,1.190946E2,1.418627E1
3.420083E-1,1.322597E2,2.596961E1
3.461792E-1,1.438154E2,3.703320E1
3.503500E-1,1.544123E2,4.805194E1
3.545208E-1,1.630449E2,5.903332E1
3.586917E-1,1.707958E2,6.934815E1
3.628625E-1,1.771617E2,7.943347E1
3.670333E-1,1.817376E2,8.896701E1
3.712042E-1,1.853602E2,9.797818E1
3.753750E-1,1.874699E2,1.063403E2
3.795458E-1,1.874962E2,1.140319E2
3.837167E-1,1.871315E2,1.211083E2
3.878875E-1,1.854304E2,1.275935E2
3.920583E-1,1.824834E2,1.328973E2
3.962292E-1,1.791905E2,1.378145E2
4.004000E-1,1.734518E2,1.420335E2
4.045708E-1,1.675248E2,1.451172E2
4.087417E-1,1.610042E2,1.472110E2
4.129125E-1,1.531111E2,1.484331E2
4.170833E-1,1.440333E2,1.486048E2
4.212542E-1,1.345185E2,1.481724E2
4.254250E-1,1.240434E2,1.459821E2
4.295958E-1,1.123125E2,1.429554E2
4.337667E-1,9.891649E1,1.384675E2
4.379375E-1,8.570100E1,1.334284E2
4.421083E-1,7.115006E1,1.262663E2
4.462792E-1,5.613536E1,1.186347E2
4.504500E-1,4.023913E1,1.095313E2
4.546208E-1,2.405123E1,9.896050E1
4.587917E-1,7.268835E0,8.727649E1
4.629625E-1,-9.716797E0,7.441384E1
4.671333E-1,-2.667289E1,5.940172E1
4.713042E-1,-4.217618E1,4.471801E1
4.754750E-1,-5.708731E1,2.861743E1
4.796458E-1,-7.049130E1,1.258761E1
4.838167E-1,-8.265381E1,-3.882231E0
4.879875E-1,-9.302718E1,-1.882659E1
4.921583E-1,-1.025537E2,-3.405282E1
4.963292E-1,-1.104586E2,-4.772329E1
5.005000E-1,-1.174793E2,-6.173186E1
5.046708E-1,-1.228551E2,-7.472249E1
5.088417E-1,-1.279554E2,-8.739274E1
5.130125E-1,-1.301164E2,-9.863983E1
5.171833E-1,-1.328265E2,-1.097011E2
5.213542E-1,-1.340408E2,-1.193519E2
5.255250E-1,-1.344703E2,-1.284404E2
5.296958E-1,-1.334329E2,-1.363153E2
5.338667E-1,-1.318711E2,-1.435327E2
5.380375E-1,-1.296774E2,-1.497190E2
5.422083E-1,-1.263005E2,-1.546599E2
5.463792E-1,-1.220749E2,-1.588956E2
5.505500E-1,-1.173096E2,-1.619073E2
5.547208E-1,-1.118195E2,-1.639646E2
5.588917E-1,-1.058306E2,-1.647219E2
5.630625E-1,-9.930593E1,-1.647595E2
5.672333E-1,-9.242788E1,-1.632678E2
5.714042E-1,-8.411638E1,-1.607044E2
5.755750E-1,-7.571951E1,-1.569780E2
5.797458E-1,-6.719529E1,-1.518977E2
5.839167E-1,-5.858921E1,-1.459979E2
5.880875E-1,-4.987649E1,-1.386182E2
5.922583E-1,-3.969919E1,-1.298151E2
5.964292E-1,-2.929394E1,-1.188511E2
6.006000E-1,-1.925559E1,-1.074067E2
6.047708E-1,-7.684399E0,-9.401936E1
6.089417E-1,2.822447E0,-7.929663E1
6.131125E-1,1.443307E1,-6.291348E1
6.172833E-1,2.456909E1,-4.573754E1
6.214542E-1,3.474561E1,-2.778395E1
6.256250E-1,4.446658E1,-9.130575E0
6.297958E-1,5.326044E1,9.928722E0
6.339667E-1,6.022325E1,2.933134E1
6.381375E-1,6.669970E1,4.804870E1
6.423083E-1,7.211240E1,6.620906E1
6.464792E-1,7.593781E1,8.329858E1
6.506500E-1,7.893553E1,9.951878E1
6.548208E-1,8.197243E1,1.151822E2
6.589917E-1,8.435123E1,1.300167E2
6.631625E-1,8.529362E1,1.432571E2
6.673333E-1,8.531941E1,1.551135E2
6.715042E-1,8.546329E1,1.660878E2
6.756750E-1,8.433426E1,1.761168E2
6.798458E-1,8.134710E1,1.834642E2
6.840167E-1,8.025037E1,1.911341E2
6.881875E-1,7.653296E1,1.966975E2
6.923583E-1,7.395897E1,2.010477E2
6.965292E-1,7.038975E1,2.038907E2
7.007000E-1,6.644758E1,2.059041E2
7.048708E-1,6.137536E1,2.062790E2
7.090417E-1,5.679458E1,2.056266E2
7.132125E-1,5.180440E1,2.033194E2
7.173833E-1,4.629173E1,1.992672E2
7.215542E-1,4.190752E1,1.950756E2
7.257250E-1,3.638163E1,1.889789E2
7.298958E-1,2.981396E1,1.810618E2
7.340667E-1,2.238355E1,1.710868E2
7.382375E-1,1.498982E1,1.602878E2
7.424083E-1,8.414005E0,1.481259E2
7.465792E-1,6.184407E-1,1.341788E2
7.507500E-1,-7.173451E0,1.187546E2
7.549208E-1,-1.371113E1,1.011270E2
7.590917E-1,-2.131423E1,8.367590E1
7.632625E-1,-2.783150E1,6.327497E1
7.674333E-1,-3.355813E1,4.299067E1
7.716042E-1,-3.772166E1,2.195970E1
7.757750E-1,-4.138281E1,7.281460E-1
7.799458E-1,-4.339390E1,-2.038558E1
7.841167E-1,-4.334190E1,-3.941438E1
7.882875E-1,-4.308071E1,-5.868051E1
7.924583E-1,-4.274535E1,-7.646872E1
7.966292E-1,-4.181431E1,-9.319099E1
8.008000E-1,-3.991457E1,-1.082159E2
8.049708E-1,-3.802172E1,-1.226510E2
8.091417E-1,-3.575936E1,-1.356686E2
8.133125E-1,-3.271066E1,-1.470217E2
8.174833E-1,-2.989573E1,-1.565692E2
8.216542E-1,-2.633481E1,-1.649231E2
8.258250E-1,-2.293845E1,-1.723309E2
8.299958E-1,-1.895441E1,-1.785503E2
8.341667E-1,-1.503020E1,-1.839088E2
8.383375E-1,-1.082819E1,-1.870198E2
8.425083E-1,-6.742211E0,-1.889257E2
8.466792E-1,-1.922012E0,-1.899595E2
8.508500E-1,2.139406E0,-1.899107E2
8.550208E-1,6.284600E0,-1.886722E2
8.591917E-1,1.042368E1,-1.860978E2
8.633625E-1,1.459423E1,-1.814591E2
8.675333E-1,1.882354E1,-1.765907E2
8.717042E-1,2.316596E1,-1.697490E2
8.758750E-1,2.723640E1,-1.621213E2
8.800458E-1,3.093335E1,-1.528794E2
8.842167E-1,3.477888E1,-1.420831E2
8.883875E-1,3.762799E1,-1.304298E2
8.925583E-1,4.066480E1,-1.171254E2
8.967292E-1,4.384141E1,-1.026653E2
9.009000E-1,4.578537E1,-8.668845E1
9.050708E-1,4.672419E1,-6.982903E1
9.092417E-1,4.709078E1,-5.193548E1
9.134125E-1,4.751220E1,-3.377675E1
9.175833E-1,4.585069E1,-1.367117E1
9.217542E-1,4.285244E1,6.693675E0
9.259250E-1,3.919492E1,2.525246E1
9.300958E-1,3.411926E1,4.497081E1
9.342667E-1,2.879135E1,6.353521E1
9.384375E-1,2.293915E1,8.086004E1
9.426083E-1,1.736823E1,9.623409E1
9.467792E-1,1.102335E1,1.107439E2
9.509500E-1,5.208355E0,1.239979E2
9.551208E-1,-1.229986E0,1.358981E2
9.592917E-1,-7.459552E0,1.465886E2
9.634625E-1,-1.330006E1,1.559953E2
9.676333E-1,-1.886056E1,1.638817E2
9.718042E-1,-2.530940E1,1.702409E2
9.759750E-1,-3.087961E1,1.750976E2
9.801458E-1,-3.597937E1,1.789149E2
9.843167E-1,-4.134836E1,1.814779E2
9.884875E-1,-4.569227E1,1.822025E2
9.926583E-1,-4.992461E1,1.821166E2
9.968292E-1,-5.406282E1,1.802962E2
1.001000E0,-5.738362E1,1.775227E2
1.005171E0,-5.985434E1,1.732814E2
1.009342E0,-6.202331E1,1.681652E2
1.013513E0,-6.365819E1,1.610504E2
1.017683E0,-6.396785E1,1.540686E2
1.021854E0,-6.416731E1,1.449263E2
1.026025E0,-6.462268E1,1.334166E2
1.030196E0,-6.345908E1,1.223498E2
1.034367E0,-6.158857E1,1.092861E2
1.038537E0,-5.875783E1,9.442795E1
1.042708E0,-5.601496E1,7.848480E1
1.046879E0,-5.110103E1,6.138478E1
1.051050E0,-4.366054E1,4.401342E1
1.055221E0,-3.610908E1,2.606396E1
1.059392E0,-2.913979E1,6.429110E0
1.063562E0,-1.964373E1,-1.251759E1
1.067733E0,-1.057850E1,-3.092632E1
1.071904E0,-1.087760E0,-4.765614E1
1.076075E0,8.486299E0,-6.361825E1
1.080246E0,1.693478E1,-7.813765E1
1.084417E0,2.589298E1,-9.183201E1
1.088588E0,3.387828E1,-1.036390E2
1.092758E0,4.175023E1,-1.143418E2
1.096929E0,4.967661E1,-1.239897E2
1.101100E0,5.686440E1,-1.321053E2
1.105271E0,6.336461E1,-1.388792E2
1.109442E0,6.991061E1,-1.445875E2
1.113612E0,7.626788E1,-1.495682E2
1.117783E0,8.208129E1,-1.530473E2
1.121954E0,8.623012E1,-1.547211E2
1.126125E0,9.019508E1,-1.561309E2
1.130296E0,9.408391E1,-1.560699E2
1.134467E0,9.702303E1,-1.549799E2
1.138637E0,9.931610E1,-1.526337E2
1.142808E0,1.010965E2,-1.491152E2
1.146979E0,1.020853E2,-1.448316E2
1.151150E0,1.021313E2,-1.398445E2
1.155321E0,1.017722E2,-1.330098E2
1.159492E0,1.001977E2,-1.261439E2
1.163662E0,9.833548E1,-1.176211E2
1.167833E0,9.574055E1,-1.080991E2
1.172004E0,9.203906E1,-9.848150E1
1.176175E0,8.805851E1,-8.716248E1
1.180346E0,8.359321E1,-7.504534E1
1.184517E0,7.754667E1,-6.205216E1
1.188687E0,7.074514E1,-4.757661E1
1.192858E0,6.220316E1,-3.196452E1
1.197029E0,5.276076E1,-1.655096E1
1.201200E0,4.190740E1,-4.654737E-1
1.205371E0,2.978627E1,1.602757E1
1.209542E0,1.751307E1,3.103960E1
1.213713E0,4.605394E0,4.522303E1
1.217883E0,-8.347861E0,5.784248E1
1.222054E0,-2.147188E1,7.001291E1
1.226225E0,-3.447043E1,8.082803E1
1.230396E0,-4.661877E1,9.075456E1
1.234567E0,-5.817782E1,9.923134E1
1.238738E0,-6.923189E1,1.062001E2
1.242908E0,-7.909739E1,1.121734E2
1.247079E0,-8.826680E1,1.162607E2
1.251250E0,-9.480193E1,1.199216E2
1.255421E0,-1.023368E2,1.224208E2
1.259592E0,-1.068462E2,1.239092E2
1.263763E0,-1.115629E2,1.239737E2
1.267933E0,-1.157244E2,1.230128E2
1.272104E0,-1.189424E2,1.211766E2
1.276275E0,-1.211451E2,1.182320E2
1.280446E0,-1.224707E2,1.144415E2
1.284617E0,-1.231476E2,1.095182E2
1.288787E0,-1.224090E2,1.037615E2
1.292958E0,-1.202161E2,9.700245E1
1.297129E0,-1.172817E2,8.936606E1
1.301300E0,-1.126022E2,8.090319E1
1.305471E0,-1.068781E2,7.188275E1
1.309642E0,-9.899872E1,6.226434E1
1.313813E0,-8.927134E1,5.186287E1
1.317983E0,-7.921719E1,4.004781E1
1.322154E0,-6.720054E1,2.827479E1
1.326325E0,-5.524770E1,1.588853E1
1.330496E0,-4.106708E1,3.298420E0
1.334667E0,-2.617361E1,-8.636836E0
1.338838E0,-1.106797E1,-2.009010E1
1.343008E0,5.181750E0,-3.054678E1
1.347179E0,2.073547E1,-3.998895E1
1.351350E0,3.571064E1,-4.800773E1
1.355521E0,4.972532E1,-5.513815E1
1.359692E0,6.357274E1,-6.192606E1
1.363862E0,7.606165E1,-6.674298E1
1.368033E0,8.759492E1,-7.194118E1
1.372204E0,9.822543E1,-7.536008E1
1.376375E0,1.071689E2,-7.781788E1
1.380546E0,1.157228E2,-7.997171E1
1.384717E0,1.227991E2,-8.102665E1
1.388888E0,1.300093E2,-8.146482E1
1.393058E0,1.358353E2,-8.180296E1
1.397229E0,1.397439E2,-8.007786E1
1.401400E0,1.436674E2,-7.904591E1
1.405571E0,1.459780E2,-7.673818E1
1.409742E0,1.464060E2,-7.391236E1
1.413912E0,1.464857E2,-7.074340E1
1.418083E0,1.456745E2,-6.712343E1
1.422254E0,1.437925E2,-6.285515E1
1.426425E0,1.402950E2,-5.872733E1
1.430596E0,1.354369E2,-5.371428E1
1.434767E0,1.297431E2,-4.874170E1
1.438937E0,1.228380E2,-4.293300E1
1.443108E0,1.147355E2,-3.702161E1
1.447279E0,1.052272E2,-3.068442E1
1.451450E0,9.500258E1,-2.443749E1
1.455621E0,8.303169E1,-1.766349E1
1.459792E0,6.950890E1,-1.106951E1
1.463963E0,5.482123E1,-3.684624E0
1.468133E0,3.937477E1,3.583608E0
1.472304E0,2.204104E1,1.063515E1
1.476475E0,3.866043E0,1.669941E1
1.480646E0,-1.333872E1,2.198665E1
1.484817E0,-3.035842E1,2.690308E1
1.488987E0,-4.543934E1,3.087984E1
1.493158E0,-5.925313E1,3.421439E1
1.497329E0,-7.239543E1,3.718253E1
1.501500E0,-8.418622E1,3.929136E1
1.505671E0,-9.511249E1,4.142328E1
1.509842E0,-1.069443E2,4.289099E1
1.514012E0,-1.162588E2,4.334529E1
1.518183E0,-1.228903E2,4.373664E1
1.522354E0,-1.289061E2,4.307551E1
1.526525E0,-1.334798E2,4.253757E1
1.530696E0,-1.359667E2,4.088053E1
1.534867E0,-1.380779E2,3.917338E1
1.539037E0,-1.385370E2,3.696304E1
1.543208E0,-1.383174E2,3.465844E1
1.547379E0,-1.361833E2,3.147616E1
1.551550E0,-1.324673E2,2.837341E1
1.555721E0,-1.275745E2,2.492278E1
1.559892E0,-1.207770E2,2.112443E1
1.564062E0,-1.132951E2,1.740516E1
1.568233E0,-1.039655E2,1.328932E1
1.572404E0,-9.373563E1,9.003473E0
1.576575E0,-8.113987E1,4.320162E0
1.580746E0,-6.737194E1,-8.256174E-1
1.584917E0,-5.335148E1,-4.784020E0
1.589087E0,-3.666420E1,-9.306871E0
1.593258E0,-2.001344E1,-1.299284E1
1.597429E0,-1.982434E0,-1.625133E1
1.601600E0,1.541766E1,-1.823224E1
1.605771E0,3.216351E1,-1.886066E1
1.609942E0,4.778199E1,-1.981397E1
1.614113E0,6.178152E1,-1.893763E1
1.618283E0,7.470410E1,-1.797619E1
1.622454E0,8.683180E1,-1.756322E1
1.626625E0,9.795563E1,-1.637080E1
1.630796E0,1.074023E2,-1.486328E1
1.634967E0,1.156647E2,-1.364220E1
1.639138E0,1.222231E2,-1.253252E1
1.643308E0,1.291914E2,-1.108783E1
1.647479E0,1.336456E2,-9.384439E0
1.651650E0,1.373901E2,-8.203982E0
1.655821E0,1.388513E2,-6.186063E0
1.659992E0,1.403247E2,-5.603329E0
1.664163E0,1.403326E2,-3.789931E0
1.668333E0,1.383439E2,-2.085700E0
1.672504E0,1.356586E2,-9.950615E-1
1.676675E0,1.319035E2,4.285008E-1
1.680846E0,1.263780E2,1.525963E0
1.685017E0,1.201936E2,2.536418E0
1.689188E0,1.127569E2,3.118893E0
1.693358E0,1.040672E2,3.400658E0
1.697529E0,9.378610E1,4.244720E0
1.701700E0,8.182837E1,5.067923E0
1.705871E0,6.850381E1,5.092925E0
1.710042E0,5.497924E1,5.252800E0
1.714213E0,3.903319E1,5.505293E0
1.718383E0,2.258277E1,4.968709E0
1.722554E0,4.665445E0,4.837562E0
1.726725E0,-1.122647E1,2.614712E0
1.730896E0,-2.799843E1,2.273538E0
1.735067E0,-4.195652E1,1.261101E0
1.739237E0,-5.576227E1,1.659625E-2
1.743408E0,-6.778365E1,-1.344477E0
1.747579E0,-7.927424E1,-3.015630E0
1.751750E0,-8.949261E1,-4.015139E0
1.755921E0,-9.831641E1,-5.169531E0
1.760092E0,-1.050815E2,-6.071973E0
1.764263E0,-1.117688E2,-7.524723E0
1.768433E0,-1.162346E2,-8.718133E0
1.772604E0,-1.195584E2,-9.939341E0
1.776775E0,-1.213789E2,-1.076533E1
1.780946E0,-1.218120E2,-1.157352E1
1.785117E0,-1.213582E2,-1.224651E1
1.789288E0,-1.185816E2,-1.362149E1
1.793458E0,-1.152422E2,-1.389656E1
1.797629E0,-1.102898E2,-1.434840E1
1.801800E0,-1.041248E2,-1.444254E1
1.805971E0,-9.517225E1,-1.472672E1
1.810142E0,-8.589256E1,-1.467333E1
1.814312E0,-7.529318E1,-1.455216E1
1.818483E0,-6.384290E1,-1.434183E1
1.822654E0,-5.119878E1,-1.387495E1
1.826825E0,-3.684774E1,-1.269051E1
1.830996E0,-2.202645E1,-1.113437E1
1.835167E0,-5.909516E0,-9.744069E0
1.839338E0,1.022725E1,-6.451275E0
1.843508E0,2.567529E1,-4.079343E0
1.847679E0,3.990132E1,-4.177184E-1
1.851850E0,5.203584E1,3.547218E0
1.856021E0,6.339992E1,7.364503E0
1.860192E0,7.409991E1,1.025812E1
1.864362E0,8.365428E1,1.304723E1
1.868533E0,9.196473E1,1.619377E1
1.872704E0,9.919278E1,1.878648E1
1.876875E0,1.045327E2,2.123779E1
1.881046E0,1.089906E2,2.320164E1
1.885217E0,1.118823E2,2.529311E1
1.889387E0,1.143764E2,2.696777E1
1.893558E0,1.149839E2,2.846943E1
1.897729E0,1.144919E2,2.977733E1
1.901900E0,1.126872E2,3.063348E1
1.906071E0,1.094817E2,3.099963E1
1.910242E0,1.059161E2,3.123501E1
1.914413E0,1.004125E2,3.102923E1
1.918583E0,9.328769E1,3.001944E1
1.922754E0,8.498581E1,2.886400E1
1.926925E0,7.680392E1,2.688536E1
1.931096E0,6.743358E1,2.410914E1
1.935267E0,5.636396E1,2.142697E1
1.939437E0,4.430905E1,1.769282E1
1.943608E0,3.002446E1,1.418247E1
1.947779E0,1.601017E1,9.308053E0
1.951950E0,6.547496E-1,4.138213E0
1.956121E0,-1.296994E1,-9.890472E-1
1.960292E0,-2.599106E1,-6.898307E0
1.964463E0,-3.820352E1,-1.117747E1
1.968633E0,-4.860127E1,-1.594322E1
1.972804E0,-5.851511E1,-2.013534E1
1.976975E0,-6.717064E1,-2.402400E1
1.981146E0,-7.469253E1,-2.805313E1
1.985317E0,-8.063869E1,-3.109813E1
1.989487E0,-8.556611E1,-3.448476E1
1.993658E0,-8.951508E1,-3.706150E1
1.997829E0,-9.207193E1,-3.914073E1
2.002000E0,-9.316312E1,-4.154297E1
2.006171E0,-9.313441E1,-4.339048E1
2.010342E0,-9.174238E1,-4.453001E1
2.014512E0,-8.955500E1,-4.553783E1
2.018683E0,-8.547797E1,-4.561093E1
2.022854E0,-7.996416E1,-4.499697E1
2.027025E0,-7.328001E1,-4.478614E1
2.031196E0,-6.630621E1,-4.338521E1
2.035367E0,-5.780583E1,-4.106069E1
2.039538E0,-4.808926E1,-3.893784E1
2.043708E0,-3.808452E1,-3.511837E1
2.047879E0,-2.653131E1,-3.141218E1
2.052050E0,-1.495574E1,-2.560688E1
2.056221E0,-2.737205E0,-1.875656E1
2.060392E0,8.711199E0,-1.087381E1
2.064563E0,2.027764E1,-2.412968E0
2.068733E0,2.971984E1,6.009794E0
2.072904E0,3.799068E1,1.398443E1
2.077075E0,4.588955E1,2.192322E1
2.081246E0,5.320934E1,2.907968E1
2.085417E0,5.924251E1,3.551467E1
2.089587E0,6.395680E1,4.153207E1
2.093758E0,6.804099E1,4.648784E1
2.097929E0,7.086097E1,5.079946E1
2.102100E0,7.309042E1,5.419043E1
2.106271E0,7.408325E1,5.684069E1
2.110442E0,7.465596E1,5.836063E1
2.114613E0,7.396910E1,5.938488E1
2.118783E0,7.234192E1,5.947254E1
2.122954E0,6.960422E1,5.838212E1
2.127125E0,6.579724E1,5.640302E1
2.131296E0,6.174830E1,5.330029E1
2.135467E0,5.679795E1,4.942485E1
2.139637E0,5.038367E1,4.505771E1
2.143808E0,4.332560E1,3.912888E1
2.147979E0,3.577920E1,3.194134E1
2.152150E0,2.708265E1,2.441733E1
2.156321E0,1.778474E1,1.587803E1
2.160492E0,8.149755E0,6.693593E0
2.164662E0,-2.464775E0,-2.622096E0
2.168833E0,-1.222203E1,-1.130011E1
2.173004E0,-2.132133E1,-1.889628E1
2.177175E0,-2.905268E1,-2.531945E1
2.181346E0,-3.632849E1,-3.119552E1
2.185517E0,-4.212149E1,-3.622002E1
2.189687E0,-4.708702E1,-4.088962E1
2.193858E0,-5.159741E1,-4.505256E1
2.198029E0,-5.510013E1,-4.806935E1
2.202200E0,-5.762036E1,-4.993916E1
2.206371E0,-5.919518E1,-5.204968E1
2.210542E0,-5.990961E1,-5.247378E1
2.214713E0,-5.935635E1,-5.301931E1
2.218883E0,-5.825862E1,-5.226141E1
2.223054E0,-5.560375E1,-5.095740E1
2.227225E0,-5.261910E1,-4.875805E1
2.231396E0,-4.847009E1,-4.578865E1
2.235567E0,-4.320000E1,-4.169565E1
2.239738E0,-3.718025E1,-3.763146E1
2.243908E0,-3.010279E1,-3.215624E1
2.248079E0,-2.229992E1,-2.595468E1
2.252250E0,-1.376610E1,-1.884688E1
2.256421E0,-4.743423E0,-1.090756E1
2.260592E0,4.403452E0,-1.455373E0
2.264762E0,1.274282E1,7.312045E0
2.268933E0,1.991909E1,1.575930E1
2.273104E0,2.625723E1,2.356972E1
2.277275E0,3.188708E1,3.053579E1
2.281446E0,3.670705E1,3.622594E1
2.285617E0,4.080053E1,4.154988E1
2.289788E0,4.400689E1,4.598459E1
2.293958E0,4.660668E1,4.934815E1
2.298129E0,4.843013E1,5.191744E1
2.302300E0,4.914102E1,5.348176E1
2.306471E0,4.897659E1,5.394499E1
2.310642E0,4.851582E1,5.331623E1
2.314812E0,4.692958E1,5.201084E1
2.318983E0,4.474795E1,4.952797E1
2.323154E0,4.165287E1,4.584872E1
2.327325E0,3.792845E1,4.151389E1
2.331496E0,3.300563E1,3.629535E1
2.335667E0,2.793444E1,2.948735E1
2.339838E0,2.156079E1,2.187382E1
2.344008E0,1.490285E1,1.388449E1
2.348179E0,7.499286E0,4.508195E0
2.352350E0,-1.005113E0,-3.995777E0
2.356521E0,-8.711852E0,-1.210937E1
2.360692E0,-1.577677E1,-1.881707E1
2.364863E0,-2.179422E1,-2.457886E1
2.369033E0,-2.716765E1,-2.983406E1
2.373204E0,-3.211458E1,-3.383750E1
2.377375E0,-3.554110E1,-3.747493E1
2.381546E0,-3.868792E1,-4.035742E1
2.385717E0,-4.079914E1,-4.232070E1
2.389887E0,-4.252162E1,-4.414921E1
2.394058E0,-4.326592E1,-4.409680E1
2.398229E0,-4.295299E1,-4.361026E1
2.402400E0,-4.165769E1,-4.216810E1
2.406571E0,-3.949741E1,-4.025510E1
2.410742E0,-3.666314E1,-3.733058E1
2.414912E0,-3.259985E1,-3.388889E1
2.419083E0,-2.784736E1,-2.927453E1
2.423254E0,-2.234481E1,-2.414447E1
2.427425E0,-1.588233E1,-1.798017E1
2.431596E0,-8.875704E0,-1.109867E1
2.435767E0,-1.346583E0,-3.295549E0
2.439938E0,6.195130E0,4.753000E0
2.444108E0,1.260446E1,1.216006E1
2.448279E0,1.838725E1,1.900830E1
2.452450E0,2.308622E1,2.490618E1
2.456621E0,2.749944E1,2.976054E1
2.460792E0,3.066962E1,3.332743E1
2.464962E0,3.324594E1,3.655643E1
2.469133E0,3.546587E1,3.855138E1
2.473304E0,3.624089E1,3.983442E1
2.477475E0,3.661666E1,4.026679E1
2.481646E0,3.652560E1,3.936661E1
2.485817E0,3.499232E1,3.832568E1
2.489988E0,3.298510E1,3.588020E1
2.494158E0,3.052485E1,3.232320E1
2.498329E0,2.680762E1,2.814421E1
2.502500E0,2.252341E1,2.284563E1
2.506671E0,1.728182E1,1.713001E1
2.510842E0,1.136149E1,1.021323E1
2.515012E0,4.695367E0,2.600489E0
2.519183E0,-2.249070E0,-4.605162E0
2.523354E0,-8.757675E0,-1.081020E1
2.527525E0,-1.430763E1,-1.594180E1
2.531696E0,-1.899251E1,-2.018080E1
2.535867E0,-2.301087E1,-2.353578E1
2.540037E0,-2.630232E1,-2.615619E1
2.544208E0,-2.845112E1,-2.808171E1
2.548379E0,-3.006940E1,-2.911819E1
2.552550E0,-3.102731E1,-2.973555E1
2.556721E0,-3.095643E1,-2.950256E1
2.560892E0,-3.009574E1,-2.863474E1
2.565062E0,-2.845735E1,-2.688874E1
2.569233E0,-2.576562E1,-2.435287E1
2.573404E0,-2.275065E1,-2.093617E1
2.577575E0,-1.817954E1,-1.691435E1
2.581746E0,-1.314566E1,-1.231522E1
2.585917E0,-6.860889E0,-7.189146E0
2.590088E0,-5.432187E-1,-7.182870E-1
2.594258E0,5.350195E0,5.489016E0
2.598429E0,1.055326E1,1.089185E1
2.602600E0,1.522372E1,1.558898E1
2.606771E0,1.863794E1,1.927714E1
2.610942E0,2.163246E1,2.179478E1
2.615113E0,2.401589E1,2.420389E1
2.619283E0,2.540271E1,2.554159E1
2.623454E0,2.602384E1,2.599635E1
2.627625E0,2.593536E1,2.536978E1
2.631796E0,2.525590E1,2.459443E1
2.635967E0,2.338795E1,2.212812E1
2.640137E0,2.073662E1,1.918195E1
2.644308E0,1.749715E1,1.554750E1
2.648479E0,1.295503E1,1.107015E1
2.652650E0,7.905747E0,5.838406E0
2.656821E0,2.203082E0,8.501596E-1
2.660992E0,-3.288342E0,-3.926552E0
2.665163E0,-8.532057E0,-7.239559E0
2.669333E0,-1.293695E1,-1.078714E1
2.673504E0,-1.646249E1,-1.292960E1
2.677675E0,-1.859638E1,-1.431510E1
2.681846E0,-2.049530E1,-1.555650E1
2.686017E0,-2.085457E1,-1.577586E1
2.690187E0,-2.083733E1,-1.581010E1
2.694358E0,-1.972851E1,-1.490535E1
2.698529E0,-1.794400E1,-1.362477E1
2.702700E0,-1.500490E1,-1.190484E1
2.706871E0,-1.107125E1,-9.378485E0
2.711042E0,-6.504455E0,-6.435963E0
2.715213E0,-1.297936E0,-3.086004E0
2.719383E0,3.837697E0,1.601112E0
2.723554E0,7.893952E0,5.549998E0
2.727725E0,1.077549E1,9.089762E0
2.731896E0,1.326197E1,1.219102E1
2.736067E0,1.451787E1,1.389730E1
2.740238E0,1.543715E1,1.522695E1
2.744408E0,1.543656E1,1.531501E1
2.748579E0,1.444481E1,1.504667E1
2.752750E0,1.325319E1,1.374599E1
2.756921E0,1.102713E1,1.156733E1
2.761092E0,8.172135E0,8.719531E0
2.765262E0,4.531959E0,5.168511E0
2.769433E0,1.425628E-1,1.926970E0
2.773604E0,-3.722471E0,-1.419202E0
2.777775E0,-7.225070E0,-4.101222E0
2.781946E0,-9.291430E0,-6.235699E0
2.786117E0,-1.077047E1,-7.694122E0
2.790287E0,-1.170399E1,-7.975978E0
2.794458E0,-1.109744E1,-8.638047E0
2.798629E0,-9.917533E0,-8.203895E0
2.802800E0,-7.809002E0,-7.251714E0
2.806971E0,-5.223146E0,-5.962386E0
2.811142E0,-1.876592E0,-3.390922E0
2.815313E0,1.436780E0,-3.494345E-1
2.819483E0,4.104503E0,3.035072E0
2.823654E0,6.319977E0,6.342299E0
2.827825E0,7.642744E0,8.834703E0
2.831996E0,8.185366E0,1.085865E1
2.836167E0,8.119749E0,1.179547E1
2.840337E0,7.724907E0,1.150459E1
2.844508E0,6.434616E0,1.039757E1
2.848679E0,4.576515E0,8.261072E0
2.852850E0,2.085746E0,5.862717E0
2.857021E0,-7.077952E-1,2.848263E0
2.861192E0,-3.245950E0,-6.978742E-2
2.865363E0,-4.431100E0,-2.968393E0
2.869533E0,-5.393606E0,-4.818480E0
2.873704E0,-5.551843E0,-5.716446E0
2.877875E0,-5.182501E0,-6.220769E0
2.882046E0,-4.640584E0,-5.659086E0
2.886217E0,-3.345754E0,-4.455256E0
2.890387E0,-1.683781E0,-2.206476E0
2.894558E0,-2.983599E-1,4.775589E-1
2.898729E0,1.292166E0,4.079198E0
2.902900E0,2.522767E0,7.206928E0
2.907071E0,2.988051E0,9.862679E0
2.911242E0,3.313233E0,1.119147E1
2.915412E0,3.015801E0,1.188715E1
2.919583E0,2.559290E0,1.096540E1
2.923754E0,1.773041E0,9.500441E0
2.927925E0,6.653796E-1,7.018989E0
2.932096E0,-1.613613E-1,3.640545E0
2.936267E0,-6.354269E-1,3.383450E-1
2.940437E0,-9.809253E-1,-2.727324E0
2.944608E0,-1.011474E0,-4.449053E0
2.948779E0,-9.918245E-1,-5.565481E0
2.952950E0,-6.189885E-1,-5.406625E0
2.957121E0,-5.125177E-1,-4.398325E0
2.961292E0,-6.955488E-1,-2.681431E0
2.965463E0,-5.877579E-1,-3.883721E-2
2.969633E0,-5.584255E-1,3.312440E0
2.973804E0,-2.530793E-1,6.247229E0
2.977975E0,4.512970E-1,8.665088E0
2.982146E0,6.081620E-1,9.614827E0
2.986317E0,8.075324E-1,9.849629E0
2.990487E0,1.010429E0,9.123190E0
2.994658E0,7.328210E-1,7.235716E0
2.998829E0,3.574385E-1,4.625910E0
3.003000E0,-1.810609E-1,1.110611E0
3.007171E0,-8.832910E-1,-1.169811E0
3.011342E0,-1.407673E0,-3.043731E0
3.015512E0,-1.923368E0,-3.851171E0
3.019683E0,-2.313199E0,-3.912255E0
3.023854E0,-2.369949E0,-3.053835E0
3.028025E0,-2.082545E0,-1.255275E0
3.032196E0,-1.610503E0,1.124822E0
3.036367E0,-3.274939E-1,3.261958E0
3.040538E0,1.247111E0,5.903825E0
3.044708E0,2.432489E0,7.412725E0
3.048879E0,3.184605E0,7.978159E0
3.053050E0,3.221969E0,7.818061E0
3.057221E0,2.798669E0,6.795866E0
3.061392E0,1.886573E0,5.303156E0
3.065562E0,1.556729E-1,3.124841E0
3.069733E0,-1.371743E0,9.404540E-1
3.073904E0,-2.412413E0,-7.042628E-1
3.078075E0,-3.316317E0,-1.196772E0
3.082246E0,-2.938215E0,-1.601457E0
3.086417E0,-2.346382E0,-1.690212E0
3.090588E0,-1.501897E0,-3.865970E-1
3.094758E0,-4.248572E-1,9.454633E-1
3.098929E0,1.021412E0,3.336963E0
3.103100E0,1.783644E0,5.411066E0
3.107271E0,2.513400E0,6.950948E0
3.111442E0,2.169853E0,8.282888E0
3.115613E0,1.615630E0,7.929035E0
3.119783E0,8.341759E-1,6.957097E0
3.123954E0,2.041288E-2,5.211892E0
3.128125E0,-4.564209E-1,2.807873E0
3.132296E0,4.492091E-3,6.695966E-1
3.136467E0,-2.717885E-1,-9.799812E-1
3.140637E0,-4.165979E-5,-1.470186E0
3.144808E0,2.383037E-1,-1.489687E0
3.148979E0,-2.011490E-1,-9.620564E-2
3.153150E0,-5.049141E-2,1.723742E0
3.157321E0,4.750758E-2,3.942361E0
3.161492E0,2.428120E-1,6.024707E0
3.165662E0,1.101050E0,7.366086E0
3.169833E0,1.199142E0,7.918440E0
3.174004E0,1.266715E0,7.220622E0
3.178175E0,1.014578E0,5.952032E0
3.182346E0,4.077278E-1,4.141451E0
3.186517E0,-1.466410E-1,1.738476E0
3.190688E0,-7.414338E-1,1.931553E-1
3.194858E0,-1.212742E0,-8.289901E-1
3.199029E0,-1.583562E0,-7.115248E-1
3.203200E0,-1.406947E0,-8.593123E-2
3.207371E0,-9.529629E-1,1.653103E0
3.211542E0,-1.450546E-1,2.894683E0
3.215712E0,7.664625E-1,4.871078E0
3.219883E0,1.713491E0,6.123128E0
3.224054E0,1.830105E0,6.808753E0
3.228225E0,2.031925E0,6.674265E0
3.232396E0,1.541149E0,5.244312E0
3.236567E0,3.071436E-1,4.006046E0
3.240738E0,-2.787369E-1,2.049175E0
3.244908E0,-1.024766E0,7.984949E-1
3.249079E0,-9.305094E-1,6.404057E-2
3.253250E0,-8.808823E-1,1.187655E-1
3.257421E0,-3.985666E-1,3.606226E-1
3.261592E0,-2.163952E-1,1.927980E0
3.265763E0,1.965666E-1,3.925499E0
3.269933E0,7.726363E-1,5.392004E0
3.274104E0,1.543325E0,6.310113E0
3.278275E0,1.531482E0,6.209580E0
3.282446E0,1.148439E0,5.914769E0
3.286617E0,7.525291E-1,4.354892E0
3.290787E0,1.455558E-1,3.074759E0
3.294958E0,-1.067523E-1,1.278229E0
3.299129E0,-2.292757E-1,2.601716E-1
3.303300E0,-2.423095E-1,1.888571E-1
3.307471E0,-1.121334E-1,4.720533E-1
3.311642E0,-2.384823E-2,2.070850E0
3.315812E0,4.037577E-1,3.554761E0
3.319983E0,7.704116E-1,4.837734E0
3.324154E0,1.721161E0,5.519453E0
3.328325E0,1.662157E0,5.887941E0
3.332496E0,1.526428E0,5.011558E0
3.336667E0,7.978703E-1,4.020423E0
3.340838E0,5.461974E-2,2.873093E0
3.345008E0,4.527922E-2,1.471792E0
3.349179E0,-2.346010E-1,8.094300E-1
3.353350E0,-8.799852E-2,1.011390E0
3.357521E0,9.065618E-2,1.602524E0
3.361692E0,6.785892E-1,2.419969E0
3.365862E0,1.165184E0,3.592268E0
3.370033E0,1.055247E0,5.085559E0
3.374204E0,9.718864E-1,5.861115E0
3.378375E0,1.185904E0,5.658379E0
3.382546E0,1.016476E0,4.382087E0
3.386717E0,5.366792E-1,2.921144E0
3.390888E0,2.287261E-1,2.236742E0
3.395058E0,-1.177547E-1,1.329481E0
3.399229E0,-1.836285E-1,1.312467E0
3.403400E0,-1.834027E-1,1.823942E0
3.407571E0,1.009935E-1,2.726383E0
3.411742E0,9.201170E-1,3.635026E0
3.415913E0,1.222838E0,4.576791E0
3.420083E0,1.161706E0,5.158795E0
3.424254E0,9.897015E-1,4.959366E0
3.428425E0,6.179371E-1,3.931833E0
3.432596E0,3.798620E-1,3.132038E0
3.436767E0,6.479876E-2,2.182401E0
3.440937E0,1.638705E-1,1.740182E0
3.445108E0,4.650876E-2,1.673690E0
3.449279E0,-3.964583E-2,2.084234E0
3.453450E0,-4.557669E-2,3.152757E0
3.457621E0,3.244959E-1,4.107374E0
3.461792E0,5.901406E-1,4.814539E0
3.465963E0,9.225935E-1,5.055835E0
3.470133E0,7.300993E-1,4.461236E0
3.474304E0,5.595383E-1,3.284367E0
3.478475E0,-1.843201E-2,2.863812E0
3.482646E0,-1.123839E-1,1.989910E0
3.486817E0,-1.002734E-1,1.847202E0
3.490988E0,-8.285830E-2,2.437408E0
3.495158E0,9.073775E-2,2.878384E0
3.499329E0,5.662710E-1,3.347365E0
3.503500E0,8.249099E-1,4.228876E0
3.507671E0,6.080941E-1,4.809337E0
3.511842E0,1.058714E0,4.561695E0
3.516013E0,6.714437E-1,3.842866E0
3.520183E0,5.071496E-1,2.967589E0
3.524354E0,6.359736E-1,2.356493E0
3.528525E0,5.498693E-1,2.080324E0
3.532696E0,6.525504E-1,2.171297E0
3.536867E0,7.496015E-1,2.875534E0
3.541037E0,1.116412E0,3.355550E0
3.545208E0,1.110063E0,4.187300E0
3.549379E0,1.058004E0,4.315311E0
3.553550E0,9.457785E-1,4.135948E0
3.557721E0,6.443548E-1,3.807281E0
3.561892E0,8.494054E-1,3.190549E0
3.566063E0,6.470305E-1,2.819351E0
3.570233E0,8.060795E-1,2.484756E0
3.574404E0,9.383080E-1,2.718051E0
3.578575E0,8.893453E-1,3.116121E0
3.582746E0,1.137414E0,3.725583E0
3.586917E0,1.021283E0,3.947016E0
3.591087E0,8.759842E-1,4.054984E0
3.595258E0,7.720069E-1,3.841975E0
3.599429E0,9.269150E-1,3.622482E0
3.603600E0,6.904319E-1,3.042513E0
3.607771E0,9.597600E-1,2.743922E0
3.611942E0,9.578555E-1,2.566200E0
3.616113E0,9.116766E-1,2.753336E0
3.620283E0,8.971889E-1,2.971112E0
3.624454E0,1.083503E0,3.555709E0
3.628625E0,1.243367E0,3.728263E0
3.632796E0,1.033619E0,3.442837E0
3.636967E0,8.805011E-1,3.211895E0
3.641138E0,8.803655E-1,2.651266E0
3.645308E0,7.491490E-1,2.661628E0
3.649479E0,7.004912E-1,2.142062E0
3.653650E0,7.842828E-1,2.379228E0
3.657821E0,9.028229E-1,2.716333E0
3.661992E0,9.365321E-1,2.939579E0
3.666162E0,9.958828E-1,3.160401E0
3.670333E0,9.230889E-1,3.182889E0
3.674504E0,7.613031E-1,2.871330E0
3.678675E0,7.470182E-1,2.959408E0
3.682846E0,6.781126E-1,2.860206E0
3.687017E0,9.113574E-1,2.623578E0
3.691187E0,8.185320E-1,2.920302E0
3.695358E0,9.235435E-1,3.074352E0
3.699529E0,1.116157E0,3.446373E0
3.703700E0,1.052025E0,3.406110E0
3.707871E0,8.744252E-1,3.096020E0
3.712042E0,9.556478E-1,3.020797E0
3.716213E0,7.862589E-1,3.045621E0
3.720383E0,7.564783E-1,2.931320E0
3.724554E0,8.129786E-1,3.005753E0
3.728725E0,9.008612E-1,3.326678E0
3.732896E0,8.897613E-1,3.145932E0
3.737067E0,8.403783E-1,3.313458E0
3.741237E0,8.486273E-1,3.221382E0
3.745408E0,8.618623E-1,3.090751E0
3.749579E0,8.710662E-1,3.121763E0
3.753750E0,8.835953E-1,3.068336E0
3.757921E0,8.674919E-1,3.127091E0
3.762092E0,9.090134E-1,3.089039E0
3.766263E0,8.716990E-1,3.359273E0
3.770433E0,1.024984E0,3.291791E0
3.774604E0,9.238328E-1,3.509758E0
3.778775E0,8.162954E-1,3.212239E0
3.782946E0,8.443402E-1,3.150003E0
3.787117E0,8.869322E-1,3.080768E0
3.791287E0,8.279127E-1,3.090821E0
3.795458E0,8.173164E-1,3.048871E0
3.799629E0,8.731335E-1,3.100046E0
3.803800E0,9.820431E-1,3.281432E0
3.807971E0,8.329325E-1,3.279979E0
3.812142E0,9.329148E-1,3.170649E0
3.816312E0,7.237540E-1,3.179304E0
3.820483E0,8.800119E-1,3.174117E0
3.824654E0,8.117499E-1,3.149973E0
3.828825E0,8.239837E-1,3.252122E0
3.832996E0,8.317140E-1,3.159182E0
3.837167E0,1.041734E0,3.237543E0
3.841338E0,8.712465E-1,3.127334E0
3.845508E0,8.826046E-1,2.999924E0
3.849679E0,8.761722E-1,3.078311E0
3.853850E0,8.762665E-1,2.954078E0
3.858021E0,8.988083E-1,3.214521E0
3.862192E0,9.914876E-1,3.154796E0
3.866363E0,1.029449E0,3.222368E0
3.870533E0,9.820985E-1,3.273474E0
3.874704E0,9.229923E-1,3.334123E0
3.878875E0,8.160857E-1,3.324263E0
3.883046E0,7.903111E-1,3.227266E0
3.887217E0,8.896499E-1,3.228429E0
3.891388E0,8.003392E-1,3.168868E0
3.895558E0,9.693660E-1,3.261563E0
3.899729E0,7.745350E-1,3.187792E0
3.903900E0,7.784123E-1,3.128471E0
3.908071E0,9.094448E-1,3.195634E0
3.912242E0,6.974507E-1,3.093662E0
3.916412E0,8.038154E-1,3.117607E0
3.920583E0,7.675857E-1,3.133481E0
3.924754E0,8.048680E-1,3.243521E0
3.928925E0,8.255649E-1,3.242840E0
3.933096E0,7.523812E-1,3.242570E0
3.937267E0,8.797451E-1,3.318463E0
3.941438E0,8.137342E-1,3.183296E0
3.945608E0,9.050146E-1,3.356493E0
3.949779E0,7.981117E-1,3.266197E0
3.953950E0,8.632484E-1,3.285698E0
3.958121E0,7.886938E-1,3.160147E0
3.962292E0,8.044846E-1,3.209927E0
3.966463E0,6.967910E-1,3.141172E0
3.970633E0,9.200999E-1,3.283311E0
3.974804E0,8.656758E-1,3.329908E0
3.978975E0,7.558303E-1,3.163140E0
3.983146E0,7.335713E-1,3.153266E0
3.987317E0,6.642631E-1,3.191528E0
3.991488E0,7.776205E-1,3.283215E0
3.995658E0,8.713571E-1,3.196800E0
3.999829E0,7.525386E-1,3.343484E0
4.004000E0,7.579404E-1,3.303231E0
4.008171E0,8.538367E-1,3.289384E0
4.012342E0,7.072380E-1,3.250377E0
4.016513E0,6.777050E-1,3.262626E0
4.020683E0,8.244542E-1,3.351753E0
4.024854E0,7.606632E-1,3.174113E0
4.029025E0,8.255322E-1,3.423700E0
4.033196E0,6.308196E-1,3.231250E0
4.037367E0,7.825367E-1,3.287383E0
4.041537E0,8.249010E-1,3.490024E0
4.045708E0,7.711209E-1,3.341779E0
4.049879E0,6.890847E-1,3.420867E0
4.054050E0,8.239222E-2,3.860978E0
4.058221E0,1.578109E-1,3.909938E0
4.062392E0,-1.456062E-1,3.973684E0
4.066562E0,-4.016137E-2,3.982808E0
4.070733E0,-8.289338E-2,4.084506E0
4.074904E0,1.623714E-1,4.148407E0
4.079075E0,-9.585897E-2,4.254892E0
4.083246E0,-1.966529E-1,4.210130E0
4.087417E0,-2.532440E-1,4.335350E0
4.091588E0,-2.592919E-1,4.311435E0
4.095758E0,-5.601982E-1,4.338337E0
4.099929E0,-7.608944E-1,4.267930E0
4.104100E0,-9.724883E-1,4.427959E0
4.108271E0,-1.008359E0,4.239926E0
4.112442E0,-1.275215E0,4.238035E0
4.116613E0,-1.385006E0,4.510421E0
4.120783E0,-1.227428E0,4.426361E0
4.124954E0,-1.408895E0,4.175789E0
4.129125E0,-1.250822E0,4.235209E0
4.133296E0,-1.160271E0,4.249217E0
4.137467E0,-1.326435E0,4.147972E0
4.141637E0,-1.504023E0,4.476975E0
4.145808E0,-2.001522E0,4.346475E0
4.149979E0,-2.004783E0,4.147542E0
4.154150E0,-2.259896E0,4.584169E0
4.158321E0,-2.314803E0,4.151200E0
4.162492E0,-2.313472E0,4.058801E0
4.166663E0,-2.299268E0,4.083739E0
4.170833E0,-2.253507E0,3.952422E0
4.175004E0,-2.331381E0,3.894270E0
4.179175E0,-2.246441E0,4.030400E0
4.183346E0,-2.919358E0,4.052000E0
4.187517E0,-2.647747E0,4.117885E0
4.191687E0,-2.656541E0,4.098985E0
4.195858E0,-3.155809E0,4.006659E0
4.200029E0,-3.038040E0,4.017892E0
4.204200E0,-3.280657E0,4.106907E0
4.208371E0,-3.330366E0,3.959285E0
4.212542E0,-3.440998E0,3.922728E0
4.216712E0,-3.684429E0,4.143755E0
4.220883E0,-4.071447E0,4.049553E0
4.225054E0,-3.705662E0,3.959250E0
4.229225E0,-4.335989E0,4.034557E0
4.233396E0,-4.337597E0,3.501711E0
4.237567E0,-4.291071E0,3.302070E0
4.241738E0,-4.645272E0,2.493806E0
4.245908E0,-4.960501E0,2.485584E0
4.250079E0,-4.910207E0,2.529259E0
4.254250E0,-5.430092E0,2.036037E0
4.258421E0,-5.288791E0,2.544509E0
4.262592E0,-5.525267E0,1.828850E0
4.266762E0,-5.904833E0,1.628784E0
4.270933E0,-5.842341E0,1.494429E0
4.275104E0,-5.992186E0,9.458355E-1
4.279275E0,-6.231502E0,9.496149E-1
4.283446E0,-6.280674E0,1.059722E0
4.287617E0,-6.219615E0,9.076742E-1
4.291788E0,-6.319424E0,9.945214E-1
4.295958E0,-6.935702E0,6.245188E-1
4.300129E0,-6.560372E0,4.251395E-1
4.304300E0,-7.113942E0,5.640944E-1
4.308471E0,-7.168980E0,-1.714430E-1
4.312642E0,-7.267005E0,2.773712E-1
4.316813E0,-7.308994E0,4.733146E-1
4.320983E0,-7.198959E0,3.821220E-1
4.325154E0,-7.237301E0,1.984316E-1
4.329325E0,-7.268375E0,6.760305E-1
4.333496E0,-7.394882E0,7.115611E-1
4.337667E0,-7.484019E0,2.519787E-1
4.341837E0,-7.343514E0,2.439388E-1
4.346008E0,-7.418927E0,5.407335E-1
4.350179E0,-7.624425E0,-1.100056E-1
4.354350E0,-7.415745E0,7.416108E-1
4.358521E0,-7.508653E0,1.459187E-1
4.362692E0,-7.896000E0,4.668186E-1
4.366862E0,-7.849680E0,2.206942E-1
4.371033E0,-8.272136E0,8.636653E-2
4.375204E0,-8.476356E0,4.195864E-1
4.379375E0,-8.193700E0,-1.130839E-1
4.383546E0,-8.924959E0,-3.342512E-1
4.387717E0,-8.768164E0,-8.818539E-1
4.391888E0,-8.959685E0,-8.570719E-1
4.396058E0,-8.823952E0,-1.069795E0
4.400229E0,-8.946593E0,-7.422745E-1
4.404400E0,-8.848595E0,-1.114724E0
4.408571E0,-9.258426E0,-7.397113E-1
4.412742E0,-9.011859E0,-1.205152E0
4.416913E0,-9.457693E0,-1.222135E0
4.421083E0,-9.072396E0,-8.935547E-1
4.425254E0,-9.624198E0,-1.704495E0
4.429425E0,-9.797592E0,-1.854843E0
4.433596E0,-9.978136E0,-1.970077E0
4.437767E0,-1.006025E1,-2.544647E0
4.441937E0,-9.944908E0,-2.801050E0
4.446108E0,-1.012006E1,-2.717532E0
4.450279E0,-1.022962E1,-2.461273E0
4.454450E0,-9.709484E0,-1.971177E0
4.458621E0,-9.651920E0,-2.848301E0
4.462792E0,-1.033130E1,-2.877228E0
4.466962E0,-1.028905E1,-2.361543E0
4.471133E0,-1.032226E1,-2.410172E0
4.475304E0,-1.018497E1,-2.427890E0
4.479475E0,-1.003507E1,-2.356512E0
4.483646E0,-9.948331E0,-2.963357E0
4.487817E0,-9.951709E0,-2.726867E0
4.491988E0,-1.061339E1,-3.695140E0
4.496158E0,-1.006639E1,-3.096554E0
4.500329E0,-1.092157E1,-3.583929E0
4.504500E0,-1.071186E1,-3.753267E0
4.508671E0,-1.099755E1,-4.375277E0
4.512842E0,-1.109858E1,-5.002436E0
4.517012E0,-1.094595E1,-4.831017E0
4.521183E0,-1.089054E1,-4.847589E0
4.525354E0,-1.104383E1,-4.980049E0
4.529525E0,-1.107693E1,-4.962996E0
4.533696E0,-1.092796E1,-4.908718E0
4.537867E0,-1.104996E1,-4.437159E0
4.542038E0,-1.120678E1,-4.597711E0
4.546208E0,-1.124850E1,-4.614742E0
4.550379E0,-1.112389E1,-4.802280E0
4.554550E0,-1.089816E1,-4.913204E0
4.558721E0,-1.172178E1,-4.607140E0
4.562892E0,-1.135908E1,-4.546571E0
4.567062E0,-1.123737E1,-4.367597E0
4.571233E0,-1.104925E1,-4.354202E0
4.575404E0,-1.082922E1,-4.328973E0
4.579575E0,-1.071296E1,-3.943387E0
4.583746E0,-1.094111E1,-3.755414E0
4.587917E0,-1.076740E1,-4.196265E0
4.592087E0,-1.048628E1,-3.022458E0
4.596258E0,-1.114436E1,-3.527817E0
4.600429E0,-1.140978E1,-3.313581E0
4.604600E0,-1.087784E1,-3.800116E0
4.608771E0,-1.092279E1,-3.676762E0
4.612942E0,-1.069891E1,-3.646252E0
4.617113E0,-1.092007E1,-3.361870E0
4.621283E0,-1.105648E1,-3.735776E0
4.625454E0,-1.089554E1,-3.846429E0
