,mass A,,
t,x,y,
0.000000E0,3.309731E2,-2.491196E1
4.170833E-3,3.258952E2,-2.481203E1
8.341667E-3,3.198783E2,-2.441556E1
1.251250E-2,3.127256E2,-2.502961E1
1.668333E-2,3.043107E2,-2.488530E1
2.085417E-2,2.950576E2,-2.531636E1
2.502500E-2,2.844397E2,-2.552493E1
2.919583E-2,2.718521E2,-2.281786E1
3.336667E-2,2.580454E2,-2.433285E1
3.753750E-2,2.424543E2,-2.360107E1
4.170833E-2,2.251913E2,-2.316209E1
4.587917E-2,2.062245E2,-2.258469E1
5.005000E-2,1.852438E2,-2.098659E1
5.422083E-2,1.628423E2,-1.953465E1
5.839167E-2,1.388308E2,-1.928496E1
6.256250E-2,1.123241E2,-1.583274E1
6.673333E-2,8.676602E1,-1.696047E1
7.090417E-2,5.516219E1,-1.601483E1
7.507500E-2,2.566091E1,-1.487689E1
7.924583E-2,-5.467275E0,-1.266881E1
8.341667E-2,-3.598495E1,-1.091040E1
8.758750E-2,-6.550093E1,-8.780401E0
9.175833E-2,-8.396187E1,-8.002491E0
9.592917E-2,-1.069646E2,-7.065723E0
1.001000E-1,-1.291956E2,-5.832615E0
1.042708E-1,-1.507451E2,-4.526376E0
1.084417E-1,-1.696630E2,-3.307899E0
1.126125E-1,-1.880628E2,-1.296695E0
1.167833E-1,-2.040004E2,4.083640E-1
1.209542E-1,-2.188326E2,1.185349E0
1.251250E-1,-2.321044E2,3.302704E0
1.292958E-1,-2.435572E2,5.354470E0
1.334667E-1,-2.540648E2,4.622049E0
1.376375E-1,-2.625699E2,5.675279E0
1.418083E-1,-2.708007E2,7.678841E0
1.459792E-1,-2.767383E2,7.702518E0
1.501500E-1,-2.824675E2,7.842467E0
1.543208E-1,-2.868455E2,8.208614E0
1.584917E-1,-2.905769E2,8.699824E0
1.626625E-1,-2.930798E2,9.150214E0
1.668333E-1,-2.947669E2,8.851988E0
1.710042E-1,-2.956899E2,9.074714E0
1.751750E-1,-2.961052E2,9.373928E0
1.793458E-1,-2.953007E2,8.817234E0
1.835167E-1,-2.938439E2,9.265647E0
1.876875E-1,-2.918722E2,9.159809E0
1.918583E-1,-2.891447E2,8.012885E0
1.960292E-1,-2.849085E2,8.250624E0
2.002000E-1,-2.805789E2,7.526669E0
2.043708E-1,-2.742531E2,6.737048E0
2.085417E-1,-2.677548E2,6.597956E0
2.127125E-1,-2.593689E2,6.065477E0
2.168833E-1,-2.500475E2,5.030759E0
2.210542E-1,-2.392339E2,3.580664E0
2.252250E-1,-2.273234E2,2.480958E0
2.293958E-1,-2.129467E2,1.133944E0
2.335667E-1,-1.975465E2,-2.308709E-1
2.377375E-1,-1.799136E2,-1.520889E0
2.419083E-1,-1.609418E2,-2.350495E0
2.460792E-1,-1.405946E2,-3.552121E0
2.502500E-1,-1.186496E2,-5.230955E0
2.544208E-1,-9.471636E1,-7.447719E0
2.585917E-1,-6.999570E1,-8.850476E0
2.627625E-1,-4.299215E1,-1.113921E1
2.669333E-1,-1.485573E1,-1.280965E1
2.711042E-1,1.433127E1,-1.405755E1
2.752750E-1,4.443650E1,-1.510678E1
2.794458E-1,7.207218E1,-1.556745E1
2.836167E-1,8.744448E1,-2.902521E0
2.877875E-1,1.088653E2,-4.915394E0
2.919583E-1,1.328489E2,-4.583576E0
2.961292E-1,1.557308E2,-4.730493E0
3.003000E-1,1.766928E2,-4.547629E0
3.044708E-1,1.965999E2,-5.128561E0
3.086417E-1,2.136147E2,-5.137777E0
3.128125E-1,2.292725E2,-5.166010E0
3.169833E-1,2.444633E2,-5.281371E0
3.211542E-1,2.571611E2,-5.339245E0
3.253250E-1,2.679827E2,-5.242463E0
3.294958E-1,2.779275E2,-5.187707E0
3.336667E-1,2.867775E2,-5.031609E0
3.378375E-1,2.942749E2,-5.192488E0
3.420083E-1,3.003651E2,-5.316269E0
3.461792E-1,3.049307E2,-5.079845E0
3.503500E-1,3.091480E2,-5.297330E0
3.545208E-1,3.121388E2,-5.187556E0
3.586917E-1,3.138683E2,-4.874297E0
3.628625E-1,3.150086E2,-5.074513E0
3.670333E-1,3.149086E2,-4.903895E0
3.712042E-1,3.139452E2,-5.053486E0
3.753750E-1,3.119724E2,-4.968289E0
3.795458E-1,3.089365E2,-4.948497E0
3.837167E-1,3.047163E2,-4.643410E0
3.878875E-1,2.995445E2,-5.153126E0
3.920583E-1,2.931923E2,-4.960204E0
3.962292E-1,2.862749E2,-4.475135E0
4.004000E-1,2.772818E2,-4.402293E0
4.045708E-1,2.672219E2,-4.135756E0
4.087417E-1,2.553569E2,-4.471577E0
4.129125E-1,2.429803E2,-4.181928E0
4.170833E-1,2.286095E2,-4.478401E0
4.212542E-1,2.123548E2,-4.178815E0
4.254250E-1,1.942112E2,-4.780381E0
4.295958E-1,1.741870E2,-4.803945E0
4.337667E-1,1.531851E2,-6.649964E0
4.379375E-1,1.302622E2,-5.851529E0
4.421083E-1,1.068193E2,-5.353173E0
4.462792E-1,8.159712E1,-5.010886E0
4.504500E-1,5.461853E1,-5.053788E0
4.546208E-1,2.728726E1,-4.955923E0
4.587917E-1,-1.691686E0,-3.921412E0
4.629625E-1,-3.060573E1,-3.626633E0
4.671333E-1,-6.021536E1,-6.609801E0
4.713042E-1,-8.867908E1,-9.317998E0
4.754750E-1,-9.252153E1,-8.052744E0
4.796458E-1,-1.157367E2,-6.422621E0
4.838167E-1,-1.364500E2,-5.555262E0
4.879875E-1,-1.558776E2,-4.553349E0
4.921583E-1,-1.743942E2,-3.879462E0
4.963292E-1,-1.907387E2,-2.733277E0
5.005000E-1,-2.056687E2,-1.652985E0
5.046708E-1,-2.187426E2,-6.363052E-1
5.088417E-1,-2.303443E2,-4.530354E-1
5.130125E-1,-2.414378E2,1.649587E-1
5.171833E-1,-2.507225E2,1.334751E0
5.213542E-1,-2.582169E2,2.401242E0
5.255250E-1,-2.646829E2,1.608854E0
5.296958E-1,-2.703491E2,1.724574E0
5.338667E-1,-2.746841E2,2.214160E0
5.380375E-1,-2.783740E2,1.684623E0
5.422083E-1,-2.808505E2,2.575021E0
5.463792E-1,-2.827120E2,1.919639E0
5.505500E-1,-2.836634E2,2.053016E0
5.547208E-1,-2.837116E2,1.041489E0
5.588917E-1,-2.828292E2,1.139415E0
5.630625E-1,-2.816232E2,4.259692E-1
5.672333E-1,-2.788868E2,9.758386E-1
5.714042E-1,-2.752275E2,2.012180E0
5.755750E-1,-2.714720E2,-1.405045E0
5.797458E-1,-2.659226E2,-2.780963E-1
5.839167E-1,-2.596673E2,-9.016598E-1
5.880875E-1,-2.522050E2,-5.512024E-1
5.922583E-1,-2.435156E2,-3.074183E0
5.964292E-1,-2.331173E2,-2.752861E0
6.006000E-1,-2.211244E2,-3.621980E0
6.047708E-1,-2.078897E2,-4.295450E0
6.089417E-1,-1.936906E2,-6.514051E0
6.131125E-1,-1.776094E2,-7.897415E0
6.172833E-1,-1.588302E2,-8.498920E0
6.214542E-1,-1.401562E2,-9.954197E0
6.256250E-1,-1.196395E2,-1.271166E1
6.297958E-1,-9.646116E1,-1.634746E1
6.339667E-1,-7.316237E1,-1.678610E1
6.381375E-1,-4.407419E1,-1.892636E1
6.423083E-1,-1.492378E1,-2.099752E1
6.464792E-1,1.253772E1,-2.160690E1
6.506500E-1,3.773018E1,-2.191156E1
6.548208E-1,4.726072E1,-3.722473E0
6.589917E-1,7.262259E1,-3.749316E0
6.631625E-1,9.705692E1,-4.338536E0
6.673333E-1,1.201254E2,-3.923680E0
6.715042E-1,1.420395E2,-3.635066E0
6.756750E-1,1.627952E2,-3.099103E0
6.798458E-1,1.823406E2,-3.083175E0
6.840167E-1,1.994485E2,-2.988465E0
6.881875E-1,2.149992E2,-2.774975E0
6.923583E-1,2.302783E2,-2.260394E0
6.965292E-1,2.423661E2,-2.286333E0
7.007000E-1,2.526773E2,-2.642860E0
7.048708E-1,2.632173E2,-2.395011E0
7.090417E-1,2.711361E2,-2.867087E0
7.132125E-1,2.787205E2,-2.013270E0
7.173833E-1,2.851949E2,-2.145813E0
7.215542E-1,2.898355E2,-2.001934E0
7.257250E-1,2.942242E2,-1.496424E0
7.298958E-1,2.973297E2,-1.303681E0
7.340667E-1,2.989781E2,-1.199264E0
7.382375E-1,2.997481E2,-8.646437E-1
7.424083E-1,2.990921E2,-1.082178E0
7.465792E-1,2.981012E2,-9.288390E-1
7.507500E-1,2.960925E2,-3.590612E-1
7.549208E-1,2.924763E2,-4.539205E-1
7.590917E-1,2.879453E2,-1.773417E-1
7.632625E-1,2.822560E2,-2.397639E-1
7.674333E-1,2.751481E2,3.005103E-2
7.716042E-1,2.671099E2,5.676399E-2
7.757750E-1,2.583259E2,5.198103E-1
7.799458E-1,2.480135E2,8.045715E-1
7.841167E-1,2.360335E2,1.212970E0
7.882875E-1,2.225007E2,9.545491E-1
7.924583E-1,2.082048E2,1.544948E0
7.966292E-1,1.910367E2,9.201902E-1
8.008000E-1,1.725560E2,-1.180762E0
8.049708E-1,1.529877E2,-7.439495E-1
8.091417E-1,1.312366E2,-1.692036E0
8.133125E-1,1.085210E2,-2.199835E0
8.174833E-1,8.401873E1,-1.966428E0
8.216542E-1,5.920880E1,-2.545305E0
8.258250E-1,3.291595E1,-2.547973E0
8.299958E-1,5.485596E0,-3.226438E0
8.341667E-1,-2.212941E1,-4.297268E0
8.383375E-1,-5.101485E1,-5.876898E0
8.425083E-1,-8.005555E1,-9.630743E0
8.466792E-1,-1.055596E2,-1.174749E1
8.508500E-1,-1.056692E2,-9.483164E0
8.550208E-1,-1.258222E2,-1.023990E1
8.591917E-1,-1.448236E2,-9.257248E0
8.633625E-1,-1.625534E2,-8.802254E0
8.675333E-1,-1.785681E2,-8.295787E0
8.717042E-1,-1.929263E2,-6.961637E0
8.758750E-1,-2.067956E2,-6.449806E0
8.800458E-1,-2.184725E2,-6.093365E0
8.842167E-1,-2.288804E2,-5.615072E0
8.883875E-1,-2.383841E2,-6.322468E0
8.925583E-1,-2.465096E2,-6.147209E0
8.967292E-1,-2.526609E2,-5.976085E0
9.009000E-1,-2.587225E2,-5.936034E0
9.050708E-1,-2.629052E2,-5.455557E0
9.092417E-1,-2.666476E2,-6.007140E0
9.134125E-1,-2.689893E2,-5.484790E0
9.175833E-1,-2.706431E2,-5.985239E0
9.217542E-1,-2.717044E2,-6.145177E0
9.259250E-1,-2.715863E2,-7.021800E0
9.300958E-1,-2.704578E2,-7.496333E0
9.342667E-1,-2.688726E2,-6.541526E0
9.384375E-1,-2.660195E2,-7.699595E0
9.426083E-1,-2.624017E2,-8.434349E0
9.467792E-1,-2.577831E2,-8.393513E0
9.509500E-1,-2.525288E2,-8.919222E0
9.551208E-1,-2.446325E2,-7.476195E0
9.592917E-1,-2.365255E2,-8.124438E0
9.634625E-1,-2.269926E2,-8.478953E0
9.676333E-1,-2.159962E2,-9.470588E0
9.718042E-1,-2.038188E2,-1.007733E1
9.759750E-1,-1.901804E2,-9.590807E0
9.801458E-1,-1.748231E2,-1.129536E1
9.843167E-1,-1.580462E2,-1.179033E1
9.884875E-1,-1.391376E2,-1.308792E1
9.926583E-1,-1.189932E2,-1.397500E1
9.968292E-1,-9.809072E1,-1.529578E1
1.001000E0,-7.535318E1,-1.542112E1
1.005171E0,-4.768326E1,-1.754990E1
1.009342E0,-2.360954E1,-1.801445E1
1.013513E0,4.255147E0,-1.907972E1
1.017683E0,3.057097E1,-1.920553E1
1.021854E0,5.663198E1,-1.522230E1
1.026025E0,8.276769E1,-5.219049E0
1.030196E0,1.050762E2,-7.136743E-1
1.034367E0,1.274117E2,5.091787E-1
1.038538E0,1.492181E2,3.248269E0
1.042708E0,1.664706E2,4.491851E0
1.046879E0,1.761866E2,2.759022E0
1.051050E0,1.933146E2,3.708899E0
1.055221E0,2.081389E2,3.961019E0
1.059392E0,2.222360E2,4.075358E0
1.063563E0,2.342067E2,4.295304E0
1.067733E0,2.451923E2,4.730953E0
1.071904E0,2.550481E2,4.958644E0
1.076075E0,2.631124E2,4.992738E0
1.080246E0,2.709957E2,5.847442E0
1.084417E0,2.766821E2,6.403331E0
1.088588E0,2.823724E2,6.557450E0
1.092758E0,2.861241E2,6.767525E0
1.096929E0,2.888518E2,7.158121E0
1.101100E0,2.912892E2,7.528863E0
1.105271E0,2.908433E2,7.438730E0
1.109442E0,2.909802E2,7.734795E0
1.113613E0,2.893851E2,7.514636E0
1.117783E0,2.865967E2,7.605404E0
1.121954E0,2.828560E2,7.947697E0
1.126125E0,2.781484E2,7.760355E0
1.130296E0,2.722190E2,7.683246E0
1.134467E0,2.650923E2,7.802630E0
1.138638E0,2.569734E2,7.857989E0
1.142808E0,2.469817E2,7.140767E0
1.146979E0,2.362382E2,6.810622E0
1.151150E0,2.242648E2,6.700213E0
1.155321E0,2.103332E2,6.723148E0
1.159492E0,1.942920E2,5.168077E0
1.163663E0,1.773427E2,4.497904E0
1.167833E0,1.589036E2,2.772954E0
1.172004E0,1.389478E2,2.445419E0
1.176175E0,1.169716E2,8.829014E-1
1.180346E0,9.422861E1,-6.251164E-1
1.184517E0,7.010709E1,-3.403360E0
1.188688E0,4.701513E1,-1.427850E1
1.192858E0,2.048943E1,-1.387359E1
1.197029E0,-8.590488E0,-1.320323E1
1.201200E0,-3.669148E1,-1.216528E1
1.205371E0,-6.385474E1,-1.174621E1
1.209542E0,-8.967519E1,-1.141410E1
1.213713E0,-1.141535E2,-1.104239E1
1.217883E0,-1.355645E2,-1.075061E1
1.222054E0,-1.555227E2,-1.107012E1
1.226225E0,-1.739969E2,-1.173442E1
1.230396E0,-1.896715E2,-1.182105E1
1.234567E0,-1.992956E2,-8.897127E0
1.238738E0,-2.113556E2,-8.566269E0
1.242908E0,-2.242775E2,-7.978483E0
1.247079E0,-2.330442E2,-7.640055E0
1.251250E0,-2.416862E2,-7.634349E0
1.255421E0,-2.506017E2,-7.278093E0
1.259592E0,-2.570074E2,-7.061019E0
1.263763E0,-2.632956E2,-7.145190E0
1.267933E0,-2.670210E2,-7.617192E0
1.272104E0,-2.713736E2,-7.353122E0
1.276275E0,-2.735664E2,-7.594671E0
1.280446E0,-2.751933E2,-7.154364E0
1.284617E0,-2.765311E2,-7.176888E0
1.288788E0,-2.761166E2,-7.588403E0
1.292958E0,-2.749649E2,-7.653912E0
1.297129E0,-2.726038E2,-8.073585E0
1.301300E0,-2.695039E2,-7.977398E0
1.305471E0,-2.654941E2,-8.502411E0
1.309642E0,-2.604044E2,-8.895697E0
1.313813E0,-2.536087E2,-9.162142E0
1.317983E0,-2.463103E2,-9.634261E0
1.322154E0,-2.386172E2,-9.994344E0
1.326325E0,-2.293362E2,-1.006748E1
1.330496E0,-2.193104E2,-1.025297E1
1.334667E0,-2.070708E2,-1.075009E1
1.338838E0,-1.941142E2,-1.111975E1
1.343008E0,-1.765122E2,-1.220129E1
1.347179E0,-1.578398E2,-1.279897E1
1.351350E0,-1.376430E2,-1.393563E1
1.355521E0,-1.174866E2,-1.454957E1
1.359692E0,-9.383770E1,-1.542516E1
1.363863E0,-7.041709E1,-1.651434E1
1.368033E0,-4.400320E1,-1.659170E1
1.372204E0,-1.733665E1,-1.743786E1
1.376375E0,1.183538E1,-1.720633E1
1.380546E0,3.901350E1,-1.713025E1
1.384717E0,6.413776E1,-1.629416E1
1.388888E0,8.897867E1,-1.547709E1
1.393058E0,1.115620E2,-1.447373E1
1.397229E0,1.325345E2,-1.359282E1
1.401400E0,1.520102E2,-1.365314E1
1.405571E0,1.699746E2,-1.241354E1
1.409742E0,1.867934E2,-1.180958E1
1.413913E0,2.024638E2,-1.113845E1
1.418083E0,2.166896E2,-1.047188E1
1.422254E0,2.286174E2,-9.796517E0
1.426425E0,2.397845E2,-9.278816E0
1.430596E0,2.496950E2,-8.426525E0
1.434767E0,2.585840E2,-8.365895E0
1.438938E0,2.658703E2,-7.935957E0
1.443108E0,2.719207E2,-7.794895E0
1.447279E0,2.768566E2,-7.263025E0
1.451450E0,2.808371E2,-7.236271E0
1.455621E0,2.834988E2,-6.992396E0
1.459792E0,2.850330E2,-6.658515E0
1.463963E0,2.857497E2,-6.970520E0
1.468133E0,2.848061E2,-6.814205E0
1.472304E0,2.833399E2,-7.104587E0
1.476475E0,2.804625E2,-7.249861E0
1.480646E0,2.766620E2,-7.080177E0
1.484817E0,2.715563E2,-7.191354E0
1.488988E0,2.655811E2,-7.616663E0
1.493158E0,2.581737E2,-7.907977E0
1.497329E0,2.495941E2,-8.185411E0
1.501500E0,2.400155E2,-8.818721E0
1.505671E0,2.296426E2,-8.890010E0
1.509842E0,2.167577E2,-9.671956E0
1.514013E0,2.022989E2,-1.045993E1
1.518183E0,1.873642E2,-1.106757E1
1.522354E0,1.709169E2,-1.140551E1
1.526525E0,1.531485E2,-1.224294E1
1.530696E0,1.350079E2,-1.275622E1
1.534867E0,1.165945E2,-1.314621E1
1.539038E0,9.695587E1,-1.424073E1
1.543208E0,7.649146E1,-1.458733E1
1.547379E0,5.436672E1,-1.551035E1
1.551550E0,2.971472E1,-1.552613E1
1.555721E0,4.919468E0,-1.619641E1
1.559892E0,-1.937427E1,-1.810123E1
1.564063E0,-4.111225E1,-1.830108E1
1.568233E0,-6.320321E1,-2.012282E1
1.572404E0,-8.583939E1,-2.303587E1
1.576575E0,-1.066706E2,-2.376312E1
1.580746E0,-1.250304E2,-2.415579E1
1.584917E0,-1.425792E2,-2.454440E1
1.589088E0,-1.574837E2,-2.470880E1
1.593258E0,-1.713537E2,-2.472051E1
1.597429E0,-1.832311E2,-2.464678E1
1.601600E0,-1.932911E2,-2.418705E1
1.605771E0,-2.030645E2,-2.403672E1
1.609942E0,-2.083842E2,-2.370175E1
1.614113E0,-2.101742E2,-2.305128E1
1.618283E0,-2.217055E2,-2.361273E1
1.622454E0,-2.279550E2,-2.368091E1
1.626625E0,-2.324994E2,-2.368020E1
1.630796E0,-2.348375E2,-2.365143E1
1.634967E0,-2.359289E2,-2.374285E1
1.639138E0,-2.370375E2,-2.392577E1
1.643308E0,-2.369666E2,-2.403195E1
1.647479E0,-2.334135E2,-2.377829E1
1.651650E0,-2.317487E2,-2.386357E1
1.655821E0,-2.267609E2,-2.388045E1
1.659992E0,-2.229269E2,-2.408869E1
1.664163E0,-2.169377E2,-2.402893E1
1.668333E0,-2.140277E2,-2.466085E1
1.672504E0,-2.051565E2,-2.478170E1
1.676675E0,-1.953845E2,-2.495965E1
1.680846E0,-1.826758E2,-2.479148E1
1.685017E0,-1.720095E2,-2.509453E1
1.689188E0,-1.437028E2,-2.201424E1
1.693358E0,-1.322699E2,-2.208615E1
1.697529E0,-1.207260E2,-2.303091E1
1.701700E0,-1.089425E2,-2.381715E1
1.705871E0,-9.095257E1,-2.393674E1
1.710042E0,-7.114371E1,-2.388346E1
1.714213E0,-4.723185E1,-2.002519E1
1.718383E0,-2.248112E1,-1.301733E1
1.722554E0,-1.628692E0,-1.647572E1
1.726725E0,2.350358E1,-1.350368E1
1.730896E0,4.802355E1,-1.528914E1
1.735067E0,7.080323E1,-1.489015E1
1.739238E0,9.333371E1,-1.044850E1
1.743408E0,1.144300E2,-9.633441E0
1.747579E0,1.337465E2,-8.960911E0
1.751750E0,1.528566E2,-5.793962E0
1.755921E0,1.694451E2,-3.357243E0
1.760092E0,1.827953E2,5.910064E0
1.764263E0,1.970044E2,6.214909E0
1.768433E0,2.098320E2,6.746518E0
1.772604E0,2.210160E2,7.900507E0
1.776775E0,2.307728E2,7.959101E0
1.780946E0,2.393334E2,8.591477E0
1.785117E0,2.474453E2,8.282028E0
1.789288E0,2.544425E2,8.225409E0
1.793458E0,2.605273E2,8.514354E0
1.797629E0,2.655021E2,8.516314E0
1.801800E0,2.694261E2,8.484526E0
1.805971E0,2.724013E2,9.296830E0
1.810142E0,2.737699E2,9.371033E0
1.814313E0,2.743275E2,8.842556E0
1.818483E0,2.738471E2,8.975360E0
1.822654E0,2.721873E2,8.604586E0
1.826825E0,2.689299E2,8.695205E0
1.830996E0,2.647351E2,8.336282E0
1.835167E0,2.597102E2,7.614477E0
1.839338E0,2.537053E2,7.628752E0
1.843508E0,2.460884E2,7.005057E0
1.847679E0,2.374863E2,6.247533E0
1.851850E0,2.279854E2,5.020961E0
1.856021E0,2.164121E2,5.923322E0
1.860192E0,2.032466E2,3.222778E0
1.864363E0,1.912368E2,1.764365E0
1.868533E0,1.780929E2,-5.851317E0
1.872704E0,1.616417E2,-8.944233E0
1.876875E0,1.430141E2,-1.196620E1
1.881046E0,1.250627E2,-1.473320E1
1.885217E0,1.052941E2,-1.509976E1
1.889388E0,8.766483E1,-1.330359E1
1.893558E0,6.493952E1,-1.674231E1
1.897729E0,4.165958E1,-1.654569E1
1.901900E0,1.668835E1,-1.770407E1
1.906071E0,-6.411300E0,-1.664597E1
1.910242E0,-3.019759E1,-2.000700E1
1.914413E0,-5.156469E1,-2.041282E1
1.918583E0,-7.099530E1,-2.119133E1
1.922754E0,-9.318061E1,-2.299230E1
1.926925E0,-1.109556E2,-2.289035E1
1.931096E0,-1.287194E2,-2.256104E1
1.935267E0,-1.442876E2,-2.281551E1
1.939438E0,-1.580635E2,-2.274042E1
1.943608E0,-1.710044E2,-2.265110E1
1.947779E0,-1.816526E2,-2.204935E1
1.951950E0,-1.915039E2,-2.169892E1
1.956121E0,-1.998306E2,-2.178655E1
1.960292E0,-2.074171E2,-2.157894E1
1.964463E0,-2.135940E2,-2.159026E1
1.968633E0,-2.170487E2,-2.117247E1
1.972804E0,-2.199091E2,-2.113553E1
1.976975E0,-2.239232E2,-2.110084E1
1.981146E0,-2.248858E2,-2.097350E1
1.985317E0,-2.261421E2,-2.103279E1
1.989488E0,-2.248123E2,-2.099906E1
1.993658E0,-2.231288E2,-2.113687E1
1.997829E0,-2.200266E2,-2.120950E1
2.002000E0,-2.136652E2,-2.087367E1
2.006171E0,-2.136638E2,-2.171924E1
2.010342E0,-2.063945E2,-2.172160E1
2.014513E0,-1.997115E2,-2.190469E1
2.018683E0,-1.932754E2,-2.265995E1
2.022854E0,-1.828099E2,-2.311907E1
2.027025E0,-1.712904E2,-2.304132E1
2.031196E0,-1.587478E2,-2.290371E1
2.035367E0,-1.463691E2,-2.367237E1
2.039538E0,-1.308107E2,-2.375833E1
2.043708E0,-1.116032E2,-2.277582E1
2.047879E0,-9.445888E1,-2.277570E1
2.052050E0,-7.726970E1,-2.382029E1
2.056221E0,-5.798217E1,-2.424686E1
2.060392E0,-3.295721E1,-1.829555E1
2.064563E0,-1.340832E1,-2.167337E1
2.068733E0,9.818537E0,-2.000705E1
2.072904E0,3.551372E1,-1.637595E1
2.077075E0,5.765693E1,-1.765738E1
2.081246E0,8.045850E1,-1.375367E1
2.085417E0,1.008456E2,-1.416808E1
2.089588E0,1.204699E2,-1.248973E1
2.093758E0,1.396646E2,-9.247378E0
2.097929E0,1.566684E2,-8.905884E0
2.102100E0,1.719363E2,-6.918982E0
2.106271E0,1.865328E2,-4.147517E0
2.110442E0,1.972585E2,3.687337E0
2.114613E0,2.087940E2,5.216959E0
2.118783E0,2.185822E2,6.717669E0
2.122954E0,2.280131E2,6.931110E0
2.127125E0,2.355974E2,7.535823E0
2.131296E0,2.427642E2,7.148568E0
2.135467E0,2.486855E2,8.019681E0
2.139638E0,2.532643E2,8.150426E0
2.143808E0,2.572424E2,8.131295E0
2.147979E0,2.600239E2,7.722423E0
2.152150E0,2.614221E2,8.069463E0
2.156321E0,2.619713E2,7.953285E0
2.160492E0,2.612957E2,8.141970E0
2.164663E0,2.595332E2,7.767851E0
2.168833E0,2.566647E2,8.119741E0
2.173004E0,2.528831E2,7.775634E0
2.177175E0,2.476446E2,7.585366E0
2.181346E0,2.412924E2,7.199168E0
2.185517E0,2.340444E2,6.790316E0
2.189688E0,2.256458E2,6.699109E0
2.193858E0,2.154368E2,5.778594E0
2.198029E0,2.027907E2,4.126855E0
2.202200E0,1.907006E2,2.271004E0
2.206371E0,1.798894E2,-7.062006E0
2.210542E0,1.637519E2,-1.013351E1
2.214713E0,1.465497E2,-1.243805E1
2.218883E0,1.273035E2,-1.378928E1
2.223054E0,1.049861E2,-1.067655E1
2.227225E0,8.205229E1,-1.257187E1
2.231396E0,5.792446E1,-1.384785E1
2.235567E0,3.319021E1,-1.395867E1
2.239738E0,8.960328E0,-1.419492E1
2.243908E0,-1.656724E1,-1.351042E1
2.248079E0,-4.071173E1,-1.277125E1
2.252250E0,-6.260372E1,-1.200683E1
2.256421E0,-8.309070E1,-1.058413E1
2.260592E0,-1.012360E2,-9.380845E0
2.264763E0,-1.182077E2,-9.073790E0
2.268933E0,-1.337018E2,-8.180228E0
2.273104E0,-1.488282E2,-7.785842E0
2.277275E0,-1.624867E2,-7.231275E0
2.281446E0,-1.741971E2,-6.834337E0
2.285617E0,-1.852644E2,-6.591411E0
2.289788E0,-1.949562E2,-6.257622E0
2.293958E0,-2.031019E2,-6.094430E0
2.298129E0,-2.099636E2,-5.852545E0
2.302300E0,-2.158357E2,-5.552298E0
2.306471E0,-2.208249E2,-5.627026E0
2.310642E0,-2.248880E2,-5.559313E0
2.314813E0,-2.276577E2,-6.005795E0
2.318983E0,-2.294398E2,-5.922559E0
2.323154E0,-2.300576E2,-5.850778E0
2.327325E0,-2.299625E2,-5.958456E0
2.331496E0,-2.283879E2,-5.808263E0
2.335667E0,-2.262808E2,-5.686645E0
2.339838E0,-2.222899E2,-6.355871E0
2.344008E0,-2.179163E2,-6.203430E0
2.348179E0,-2.121826E2,-7.005390E0
2.352350E0,-2.057832E2,-7.073740E0
2.356521E0,-1.977263E2,-7.652823E0
2.360692E0,-1.887162E2,-7.564764E0
2.364863E0,-1.786607E2,-8.441477E0
2.369033E0,-1.662812E2,-8.967514E0
2.373204E0,-1.536335E2,-8.988631E0
2.377375E0,-1.396777E2,-9.558139E0
2.381546E0,-1.239989E2,-1.073878E1
2.385717E0,-1.077841E2,-1.164645E1
2.389888E0,-8.953458E1,-1.265479E1
2.394058E0,-6.949239E1,-1.440010E1
2.398229E0,-4.769680E1,-1.590788E1
2.402400E0,-2.554291E1,-1.637324E1
2.406571E0,-7.581933E-1,-1.707906E1
2.410742E0,2.411864E1,-1.657311E1
2.414913E0,4.753320E1,-1.638235E1
2.419083E0,7.042385E1,-1.495114E1
2.423254E0,9.400235E1,-1.258031E1
2.427425E0,1.156085E2,-7.881886E0
2.431596E0,1.329920E2,-2.040205E0
2.435767E0,1.488464E2,6.453443E-1
2.439938E0,1.644446E2,5.166265E0
2.444108E0,1.769705E2,5.925300E0
2.448279E0,1.866864E2,7.438454E0
2.452450E0,1.953609E2,7.342026E0
2.456621E0,2.058753E2,8.555068E0
2.460792E0,2.143356E2,9.025334E0
2.464963E0,2.223489E2,9.965864E0
2.469133E0,2.281404E2,1.037796E1
2.473304E0,2.341344E2,1.104608E1
2.477475E0,2.379847E2,1.151238E1
2.481646E0,2.409624E2,1.154851E1
2.485817E0,2.426080E2,1.164945E1
2.489988E0,2.433047E2,1.137027E1
2.494158E0,2.426440E2,1.162145E1
2.498329E0,2.407804E2,1.148736E1
2.502500E0,2.380848E2,1.128606E1
2.506671E0,2.342517E2,1.117260E1
2.510842E0,2.290138E2,1.127069E1
2.515013E0,2.226856E2,1.129228E1
2.519183E0,2.153295E2,1.094914E1
2.523354E0,2.059204E2,1.051833E1
2.527525E0,1.962233E2,1.000641E1
2.531696E0,1.829648E2,8.557381E0
2.535867E0,1.709588E2,8.369911E0
2.540038E0,1.576384E2,8.110300E0
2.544208E0,1.414900E2,7.265502E0
2.548379E0,1.233833E2,5.154204E0
2.552550E0,1.052825E2,4.418326E0
2.556721E0,8.527355E1,1.700698E0
2.560892E0,6.411682E1,8.175855E-1
2.565063E0,4.410293E1,-1.234465E1
2.569233E0,2.129907E1,-1.289863E1
2.573404E0,-2.928861E0,-1.327327E1
2.577575E0,-2.688342E1,-1.245298E1
2.581746E0,-4.809974E1,-1.128716E1
2.585917E0,-6.818473E1,-1.082422E1
2.590088E0,-8.691589E1,-9.917048E0
2.594258E0,-1.038435E2,-9.334874E0
2.598429E0,-1.199807E2,-8.701208E0
2.602600E0,-1.345433E2,-8.601977E0
2.606771E0,-1.482044E2,-9.096235E0
2.610942E0,-1.603914E2,-8.467753E0
2.615113E0,-1.711038E2,-8.562798E0
2.619283E0,-1.809712E2,-8.573685E0
2.623454E0,-1.897767E2,-8.858450E0
2.627625E0,-1.971275E2,-8.629747E0
2.631796E0,-2.029727E2,-8.802871E0
2.635967E0,-2.080012E2,-9.238642E0
2.640138E0,-2.121376E2,-9.174543E0
2.644308E0,-2.147038E2,-9.802982E0
2.648479E0,-2.164867E2,-9.673461E0
2.652650E0,-2.172634E2,-1.024416E1
2.656821E0,-2.170573E2,-1.035849E1
2.660992E0,-2.159419E2,-1.067493E1
2.665163E0,-2.133709E2,-1.097110E1
2.669333E0,-2.099393E2,-1.077030E1
2.673504E0,-2.053051E2,-1.067407E1
2.677675E0,-1.997436E2,-1.102575E1
2.681846E0,-1.928262E2,-1.100515E1
2.686017E0,-1.848988E2,-1.166208E1
2.690188E0,-1.765149E2,-1.139825E1
2.694358E0,-1.659465E2,-1.208182E1
2.698529E0,-1.541157E2,-1.256307E1
2.702700E0,-1.411686E2,-1.346415E1
2.706871E0,-1.269282E2,-1.388385E1
2.711042E0,-1.113386E2,-1.422930E1
2.715213E0,-9.489222E1,-1.496672E1
2.719383E0,-7.690038E1,-1.588768E1
2.723554E0,-5.744731E1,-1.637011E1
2.727725E0,-3.681013E1,-1.745196E1
2.731896E0,-1.336667E1,-1.679554E1
2.736067E0,9.913922E0,-1.655850E1
2.740238E0,3.278104E1,-1.583191E1
2.744408E0,5.552764E1,-1.426110E1
2.748579E0,7.691268E1,-1.265474E1
2.752750E0,9.832350E1,-1.083621E1
2.756921E0,1.198710E2,-7.077604E0
2.761092E0,1.366926E2,4.549815E-1
2.765263E0,1.511333E2,6.907422E0
2.769433E0,1.648005E2,8.635247E0
2.773604E0,1.777184E2,1.052424E1
2.777775E0,1.882210E2,1.181045E1
2.781946E0,1.979890E2,1.319818E1
2.786117E0,2.066815E2,1.498271E1
2.790288E0,2.137153E2,1.562788E1
2.794458E0,2.197900E2,1.630900E1
2.798629E0,2.247441E2,1.710103E1
2.802800E0,2.287218E2,1.797654E1
2.806971E0,2.315049E2,1.843240E1
2.811142E0,2.333380E2,1.864661E1
2.815313E0,2.338525E2,1.824057E1
2.819483E0,2.335339E2,1.853458E1
2.823654E0,2.320850E2,1.817925E1
2.827825E0,2.293642E2,1.747405E1
2.831996E0,2.254088E2,1.696735E1
2.836167E0,2.205427E2,1.673874E1
2.840338E0,2.144434E2,1.609984E1
2.844508E0,2.073501E2,1.561552E1
2.848679E0,1.981367E2,1.486332E1
2.852850E0,1.886074E2,1.409813E1
2.857021E0,1.771867E2,1.302791E1
2.861192E0,1.620259E2,1.197104E1
2.865363E0,1.464430E2,1.115611E1
2.869533E0,1.303304E2,1.020983E1
2.873704E0,1.121440E2,8.323840E0
2.877875E0,9.356302E1,7.255479E0
2.882046E0,7.402576E1,5.897057E0
2.886217E0,5.655376E1,-7.861184E0
2.890388E0,3.430338E1,-1.143545E1
2.894558E0,1.137559E1,-1.239469E1
2.898729E0,-1.174114E1,-1.307689E1
2.902900E0,-3.357741E1,-1.286493E1
2.907071E0,-5.377248E1,-1.219755E1
2.911242E0,-7.271321E1,-1.250745E1
2.915413E0,-8.985323E1,-1.174724E1
2.919583E0,-1.054038E2,-1.156682E1
2.923754E0,-1.204000E2,-1.184082E1
2.927925E0,-1.335012E2,-1.148903E1
2.932096E0,-1.460685E2,-1.131698E1
2.936267E0,-1.569361E2,-1.186034E1
2.940438E0,-1.670291E2,-1.216153E1
2.944608E0,-1.766762E2,-4.358295E0
2.948779E0,-1.838388E2,-4.339447E0
2.952950E0,-1.885726E2,-1.238562E1
2.957121E0,-1.941708E2,-1.309806E1
2.961292E0,-1.982206E2,-1.325999E1
2.965463E0,-2.012205E2,-1.376019E1
2.969633E0,-2.029842E2,-1.371663E1
2.973804E0,-2.039558E2,-1.438677E1
2.977975E0,-2.039841E2,-1.465502E1
2.982146E0,-2.026749E2,-1.453750E1
2.986317E0,-2.003111E2,-1.444193E1
2.990488E0,-1.967061E2,-1.484389E1
2.994658E0,-1.924923E2,-1.500512E1
2.998829E0,-1.868473E2,-1.449924E1
3.003000E0,-1.801735E2,-1.522221E1
3.007171E0,-1.722410E2,-1.531596E1
3.011342E0,-1.638695E2,-1.298466E1
3.015513E0,-1.527055E2,-1.490243E1
3.019683E0,-1.414069E2,-1.539325E1
3.023854E0,-1.282874E2,-1.582142E1
3.028025E0,-1.142209E2,-1.580485E1
3.032196E0,-9.865262E1,-1.663638E1
3.036367E0,-8.298243E1,-1.675130E1
3.040538E0,-6.498906E1,-1.684807E1
3.044708E0,-4.567812E1,-1.693113E1
3.048879E0,-2.560801E1,-1.650517E1
3.053050E0,-3.906994E0,-1.612378E1
3.057221E0,1.901976E1,-1.480667E1
3.061392E0,4.062368E1,-1.319824E1
3.065563E0,6.195558E1,-1.125331E1
3.069733E0,8.275918E1,-9.833526E0
3.073904E0,1.026578E2,-7.814462E0
3.078075E0,1.204615E2,-6.098939E0
3.082246E0,1.379834E2,3.946762E0
3.086417E0,1.511909E2,8.735679E0
3.090588E0,1.638976E2,1.137793E1
3.094758E0,1.750219E2,1.410471E1
3.098929E0,1.845480E2,1.604308E1
3.103100E0,1.932733E2,1.807806E1
3.107271E0,2.007087E2,1.898195E1
3.111442E0,2.068490E2,2.019449E1
3.115613E0,2.117139E2,2.152520E1
3.119783E0,2.155362E2,2.204800E1
3.123954E0,2.186458E2,2.232179E1
3.128125E0,2.202501E2,2.270452E1
3.132296E0,2.209009E2,2.270834E1
3.136467E0,2.204221E2,2.296051E1
3.140638E0,2.187973E2,2.266843E1
3.144808E0,2.158887E2,2.246744E1
3.148979E0,2.123064E2,2.211747E1
3.153150E0,2.073180E2,2.196588E1
3.157321E0,2.015036E2,2.135434E1
3.161492E0,1.935557E2,1.964571E1
3.165663E0,1.854211E2,1.891841E1
3.169833E0,1.752557E2,1.836509E1
3.174004E0,1.643334E2,1.708112E1
3.178175E0,1.507375E2,1.561819E1
3.182346E0,1.397850E2,9.100111E0
3.186517E0,1.255738E2,-3.199078E-1
3.190688E0,1.086630E2,-3.834479E0
3.194858E0,8.885128E1,-6.210830E0
3.199029E0,6.589574E1,-8.504828E0
3.203200E0,4.386283E1,-9.734065E0
3.207371E0,2.211070E1,-1.099449E1
3.211542E0,-3.628092E-1,-1.225942E1
3.215713E0,-2.159985E1,-1.330639E1
3.219883E0,-4.112798E1,-1.405137E1
3.224054E0,-5.982600E1,-1.438541E1
3.228225E0,-7.659888E1,-1.502043E1
3.232396E0,-9.265671E1,-1.543735E1
3.236567E0,-1.072767E2,-1.610601E1
3.240738E0,-1.206812E2,-1.547744E1
3.244908E0,-1.330082E2,-1.631607E1
3.249079E0,-1.448520E2,-1.145957E1
3.253250E0,-1.550681E2,-1.082891E1
3.257421E0,-1.631476E2,-1.174775E1
3.261592E0,-1.708124E2,-1.121497E1
3.265763E0,-1.771450E2,-1.159461E1
3.269933E0,-1.822642E2,-1.184360E1
3.274104E0,-1.862007E2,-1.186110E1
3.278275E0,-1.890405E2,-1.232643E1
3.282446E0,-1.913832E2,-1.288063E1
3.286617E0,-1.919277E2,-1.267678E1
3.290788E0,-1.916155E2,-1.228482E1
3.294958E0,-1.908171E2,-1.257000E1
3.299129E0,-1.883273E2,-1.312088E1
3.303300E0,-1.849909E2,-1.280387E1
3.307471E0,-1.803349E2,-1.308370E1
3.311642E0,-1.748140E2,-1.285560E1
3.315813E0,-1.687017E2,-1.254437E1
3.319983E0,-1.606740E2,-1.260131E1
3.324154E0,-1.521622E2,-1.216108E1
3.328325E0,-1.409300E2,-1.229867E1
3.332496E0,-1.292431E2,-1.488368E1
3.336667E0,-1.150690E2,-1.684126E1
3.340838E0,-1.009075E2,-1.683209E1
3.345008E0,-8.588020E1,-1.699083E1
3.349179E0,-6.874322E1,-1.822250E1
3.353350E0,-5.196877E1,-1.833700E1
3.357521E0,-3.260370E1,-1.695371E1
3.361692E0,-1.256640E1,-1.541239E1
3.365863E0,8.828258E0,-1.392681E1
3.370033E0,3.000206E1,-1.114287E1
3.374204E0,4.962208E1,-8.416334E0
3.378375E0,6.950079E1,-5.762979E0
3.382546E0,8.800685E1,-3.495676E0
3.386717E0,1.064830E2,-1.664537E-1
3.390888E0,1.207081E2,1.201748E1
3.395058E0,1.361098E2,1.412713E1
3.399229E0,1.482463E2,1.792566E1
3.403400E0,1.603134E2,2.078789E1
3.407571E0,1.705518E2,2.271417E1
3.411742E0,1.794168E2,2.440598E1
3.415913E0,1.868475E2,2.635046E1
3.420083E0,1.930952E2,2.756984E1
3.424254E0,1.980324E2,2.828411E1
3.428425E0,2.017011E2,2.922524E1
3.432596E0,2.046470E2,2.983118E1
3.436767E0,2.065799E2,3.044280E1
3.440938E0,2.070590E2,3.074493E1
3.445108E0,2.066660E2,3.072928E1
3.449279E0,2.048654E2,3.061693E1
3.453450E0,2.018717E2,3.036216E1
3.457621E0,1.978165E2,2.996801E1
3.461792E0,1.926376E2,2.938646E1
3.465963E0,1.865422E2,2.883783E1
3.470133E0,1.790038E2,2.826565E1
3.474304E0,1.696590E2,2.696938E1
3.478475E0,1.587490E2,2.612458E1
3.482646E0,1.471920E2,2.462927E1
3.486817E0,1.291158E2,2.325606E1
3.490988E0,1.155777E2,2.197892E1
3.495158E0,1.046939E2,6.346114E0
3.499329E0,8.146771E1,1.706927E1
3.503500E0,6.850126E1,1.192492E-1
3.507671E0,4.747778E1,-2.946201E0
3.511842E0,2.795875E1,-5.782752E0
3.516013E0,7.521406E0,-8.297036E0
3.520183E0,-1.338517E1,-1.202159E1
3.524354E0,-3.207814E1,-1.448423E1
3.528525E0,-5.025186E1,-1.740402E1
3.532696E0,-6.622565E1,-1.996370E1
3.536867E0,-8.149052E1,-2.230478E1
3.541038E0,-9.539531E1,-2.416535E1
3.545208E0,-1.083440E2,-2.589810E1
3.549379E0,-1.202925E2,-2.660876E1
3.553550E0,-1.321515E2,-2.273549E1
3.557721E0,-1.415256E2,-2.421523E1
3.561892E0,-1.499901E2,-2.650281E1
3.566063E0,-1.571992E2,-2.770731E1
3.570233E0,-1.630321E2,-2.877018E1
3.574404E0,-1.672135E2,-3.054438E1
3.578575E0,-1.707972E2,-3.119411E1
3.582746E0,-1.736909E2,-3.247009E1
3.586917E0,-1.753870E2,-3.370295E1
3.591088E0,-1.758740E2,-3.421640E1
3.595258E0,-1.756564E2,-3.423136E1
3.599429E0,-1.742476E2,-3.515245E1
3.603600E0,-1.711944E2,-3.537570E1
3.607771E0,-1.678087E2,-3.536704E1
3.611942E0,-1.630087E2,-3.562219E1
3.616113E0,-1.569615E2,-3.544266E1
3.620283E0,-1.497992E2,-3.480992E1
3.624454E0,-1.418353E2,-3.383984E1
3.628625E0,-1.331897E2,-3.293502E1
3.632796E0,-1.222578E2,-3.309967E1
3.636967E0,-1.092933E2,-3.411927E1
3.641138E0,-9.588171E1,-3.293910E1
3.645308E0,-8.208646E1,-3.264604E1
3.649479E0,-6.666363E1,-3.116466E1
3.653650E0,-5.123452E1,-2.833157E1
3.657821E0,-3.363247E1,-2.548714E1
3.661992E0,-1.497854E1,-2.188629E1
3.666163E0,4.171141E0,-1.810616E1
3.670333E0,2.434475E1,-1.276934E1
3.674504E0,4.268536E1,-7.348724E0
3.678675E0,6.089625E1,-1.330530E0
3.682846E0,7.774742E1,3.275839E0
3.687017E0,9.375689E1,9.152618E0
3.691188E0,1.099192E2,1.536605E1
3.695358E0,1.217077E2,2.738123E1
3.699529E0,1.343273E2,3.235993E1
3.703700E0,1.451648E2,3.678017E1
3.707871E0,1.540638E2,4.095287E1
3.712042E0,1.626726E2,4.402394E1
3.716213E0,1.695677E2,4.744662E1
3.720383E0,1.754365E2,5.080179E1
3.724554E0,1.795996E2,5.303108E1
3.728725E0,1.831718E2,5.552983E1
3.732896E0,1.849465E2,5.720703E1
3.737067E0,1.858471E2,5.831804E1
3.741238E0,1.857552E2,5.903354E1
3.745408E0,1.848581E2,5.963064E1
3.749579E0,1.827081E2,5.940869E1
3.753750E0,1.795541E2,5.894515E1
3.757921E0,1.755365E2,5.813918E1
3.762092E0,1.698814E2,5.618670E1
3.766263E0,1.633090E2,5.500217E1
3.770433E0,1.559020E2,5.266271E1
3.774604E0,1.459104E2,4.922274E1
3.778775E0,1.354068E2,4.645814E1
3.782946E0,1.229533E2,4.237595E1
3.787117E0,1.076520E2,3.893850E1
3.791288E0,9.290177E1,3.401705E1
3.795458E0,7.656674E1,2.920834E1
3.799629E0,6.029250E1,2.415070E1
3.803800E0,4.261798E1,1.847256E1
3.807971E0,2.467749E1,1.217587E1
3.812142E0,6.259220E0,6.120223E0
3.816313E0,-1.259452E1,-1.708883E-1
3.820483E0,-3.150269E1,-6.746408E0
3.824654E0,-4.836754E1,-1.257726E1
3.828825E0,-6.424619E1,-1.810304E1
3.832996E0,-7.737034E1,-2.392363E1
3.837167E0,-9.064499E1,-2.801801E1
3.841338E0,-1.025974E2,-3.233291E1
3.845508E0,-1.139055E2,-3.682250E1
3.849679E0,-1.231057E2,-4.069770E1
3.853850E0,-1.300851E2,-4.476773E1
3.858021E0,-1.377928E2,-4.754342E1
3.862192E0,-1.435850E2,-5.026523E1
3.866363E0,-1.495832E2,-5.270372E1
3.870533E0,-1.535008E2,-5.465074E1
3.874704E0,-1.565098E2,-5.659722E1
3.878875E0,-1.585394E2,-5.740922E1
3.883046E0,-1.600400E2,-5.862664E1
3.887217E0,-1.603177E2,-5.911006E1
3.891388E0,-1.594785E2,-5.907995E1
3.895558E0,-1.570975E2,-5.883199E1
3.899729E0,-1.543108E2,-5.801821E1
3.903900E0,-1.500633E2,-5.693690E1
3.908071E0,-1.457677E2,-5.497643E1
3.912242E0,-1.389469E2,-5.340806E1
3.916413E0,-1.327690E2,-5.093277E1
3.920583E0,-1.240665E2,-4.855371E1
3.924754E0,-1.153388E2,-4.558598E1
3.928925E0,-1.047989E2,-4.249717E1
3.933096E0,-9.394402E1,-3.910087E1
3.937267E0,-7.684446E1,-4.226909E1
3.941438E0,-6.283778E1,-3.815558E1
3.945608E0,-4.887924E1,-3.310059E1
3.949779E0,-3.303716E1,-2.737831E1
3.953950E0,-1.697797E1,-2.093072E1
3.958121E0,1.234945E0,-1.366241E1
3.962292E0,1.880717E1,-6.030675E0
3.966463E0,3.524142E1,2.783310E0
3.970633E0,5.180858E1,1.097488E1
3.974804E0,6.791430E1,1.874829E1
3.978975E0,8.261997E1,2.631916E1
3.983146E0,9.564136E1,3.342847E1
3.987317E0,1.049786E2,4.546494E1
3.991488E0,1.152633E2,5.319643E1
3.995658E0,1.249698E2,5.803464E1
3.999829E0,1.334061E2,6.380966E1
4.004000E0,1.406264E2,6.786145E1
4.008171E0,1.474588E2,7.163406E1
4.012342E0,1.528216E2,7.433903E1
4.016513E0,1.560122E2,7.702366E1
4.020683E0,1.588639E2,7.902307E1
4.024854E0,1.609219E2,8.023566E1
4.029025E0,1.620470E2,8.066860E1
4.033196E0,1.619588E2,8.037009E1
4.037367E0,1.609429E2,7.939387E1
4.041538E0,1.586805E2,7.785973E1
4.045708E0,1.552823E2,7.602565E1
4.049879E0,1.508082E2,7.298554E1
4.054050E0,1.454398E2,7.000531E1
4.058221E0,1.386274E2,6.598247E1
4.062392E0,1.304312E2,6.200567E1
4.066563E0,1.216654E2,5.655248E1
4.070733E0,1.112682E2,5.166290E1
4.074904E0,9.924017E1,4.531056E1
4.079075E0,8.599160E1,3.811662E1
4.083246E0,7.176880E1,3.093977E1
4.087417E0,5.675575E1,2.389668E1
4.091588E0,4.160767E1,1.586844E1
4.095758E0,2.486366E1,7.699916E0
4.099929E0,8.080991E0,-6.236870E-1
4.104100E0,-9.607181E0,-7.996702E0
4.108271E0,-2.587010E1,-1.451824E1
4.112442E0,-4.225926E1,-2.101552E1
4.116613E0,-5.711116E1,-2.648475E1
4.120783E0,-7.118118E1,-3.110688E1
4.124954E0,-8.311382E1,-3.509305E1
4.129125E0,-9.428311E1,-3.938071E1
4.133296E0,-1.038164E2,-4.277070E1
4.137467E0,-1.131089E2,-4.574373E1
4.141638E0,-1.210324E2,-4.846127E1
4.145808E0,-1.281500E2,-5.066129E1
4.149979E0,-1.334963E2,-5.249039E1
4.154150E0,-1.384512E2,-5.373066E1
4.158321E0,-1.423339E2,-5.467161E1
4.162492E0,-1.453647E2,-5.499658E1
4.166663E0,-1.473972E2,-5.500531E1
4.170833E0,-1.478549E2,-5.460064E1
4.175004E0,-1.480345E2,-5.397608E1
4.179175E0,-1.474076E2,-5.297903E1
4.183346E0,-1.445392E2,-5.123335E1
4.187517E0,-1.419817E2,-4.999647E1
4.191688E0,-1.379680E2,-4.778190E1
4.195858E0,-1.325817E2,-4.539607E1
4.200029E0,-1.267593E2,-4.272609E1
4.204200E0,-1.197620E2,-3.981184E1
4.208371E0,-1.114292E2,-3.688796E1
4.212542E0,-1.014176E2,-3.397817E1
4.216713E0,-9.141817E1,-2.979043E1
4.220883E0,-8.030482E1,-2.492753E1
4.225054E0,-6.892032E1,-2.031114E1
4.229225E0,-5.459612E1,-1.508967E1
4.233396E0,-3.858628E1,-9.604132E0
4.237567E0,-2.271940E1,-3.834789E0
4.241738E0,-5.562374E0,1.717469E0
4.245908E0,1.239572E1,7.581085E0
4.250079E0,3.009891E1,1.119067E1
4.254250E0,4.530441E1,1.858917E1
4.258421E0,6.289171E1,2.024474E1
4.262592E0,7.704529E1,2.516182E1
4.266763E0,9.073277E1,2.927743E1
4.270933E0,1.021328E2,3.417544E1
4.275104E0,1.132758E2,3.782122E1
4.279275E0,1.229745E2,4.174903E1
4.283446E0,1.313449E2,4.420987E1
4.287617E0,1.390533E2,4.626740E1
4.291788E0,1.447899E2,4.883858E1
4.295958E0,1.498085E2,5.027739E1
4.300129E0,1.537818E2,5.225900E1
4.304300E0,1.561900E2,5.372264E1
4.308471E0,1.570458E2,5.425347E1
4.312642E0,1.573109E2,5.469866E1
4.316813E0,1.560688E2,5.495136E1
4.320983E0,1.540982E2,5.428929E1
4.325154E0,1.510676E2,5.320185E1
4.329325E0,1.467409E2,5.131585E1
4.333496E0,1.412200E2,4.905893E1
4.337667E0,1.348362E2,4.614128E1
4.341838E0,1.268619E2,4.294585E1
4.346008E0,1.184784E2,3.960271E1
4.350179E0,1.080259E2,3.552667E1
4.354350E0,9.681140E1,3.019402E1
4.358521E0,8.366271E1,2.619815E1
4.362692E0,7.023765E1,2.118221E1
4.366863E0,5.472067E1,1.615771E1
4.371033E0,3.884538E1,1.088409E1
4.375204E0,2.262690E1,5.867054E0
4.379375E0,5.473052E0,1.208047E0
4.383546E0,-1.176176E1,-3.598755E0
4.387717E0,-2.832466E1,-7.719824E0
4.391888E0,-4.353459E1,-1.108808E1
4.396058E0,-5.792874E1,-1.432526E1
4.400229E0,-7.122900E1,-1.765770E1
4.404400E0,-8.245199E1,-1.996733E1
4.408571E0,-9.301680E1,-2.192185E1
4.412742E0,-1.023730E2,-2.413977E1
4.416913E0,-1.098967E2,-2.650433E1
4.421083E0,-1.166302E2,-2.841868E1
4.425254E0,-1.233729E2,-3.011325E1
4.429425E0,-1.283231E2,-3.146598E1
4.433596E0,-1.319850E2,-3.247623E1
4.437767E0,-1.351571E2,-3.359722E1
4.441938E0,-1.375634E2,-3.388746E1
4.446108E0,-1.384442E2,-3.454615E1
4.450279E0,-1.384348E2,-3.487633E1
4.454450E0,-1.374244E2,-3.502937E1
4.458621E0,-1.349215E2,-3.449273E1
4.462792E0,-1.320119E2,-3.385867E1
4.466963E0,-1.279410E2,-3.300801E1
4.471133E0,-1.228398E2,-3.180998E1
4.475304E0,-1.162271E2,-3.074222E1
4.479475E0,-1.089531E2,-2.899567E1
4.483646E0,-1.004327E2,-2.703778E1
4.487817E0,-9.091522E1,-2.478574E1
4.491988E0,-8.111152E1,-2.193621E1
4.496158E0,-6.922104E1,-2.008318E1
4.500329E0,-5.656380E1,-1.667278E1
4.504500E0,-4.209327E1,-1.265497E1
4.508671E0,-2.679537E1,-9.470365E0
4.512842E0,-1.070668E1,-5.093843E0
4.517013E0,6.029770E0,-6.607834E-1
4.521183E0,2.204622E1,4.924801E0
4.525354E0,3.805132E1,9.072689E0
4.529525E0,5.360514E1,1.372729E1
4.533696E0,6.700111E1,1.933655E1
4.537867E0,7.991736E1,2.339605E1
4.542038E0,9.162880E1,2.822500E1
4.546208E0,1.021303E2,3.246096E1
4.550379E0,1.110586E2,3.610249E1
4.554550E0,1.194521E2,3.970249E1
4.558721E0,1.265227E2,4.241698E1
4.562892E0,1.319131E2,4.495827E1
4.567063E0,1.364953E2,4.719537E1
4.571233E0,1.398287E2,4.934112E1
4.575404E0,1.420936E2,5.168615E1
4.579575E0,1.429253E2,5.254903E1
4.583746E0,1.428680E2,5.354902E1
4.587917E0,1.409742E2,5.435075E1
4.592088E0,1.386948E2,5.426441E1
4.596258E0,1.346068E2,5.393791E1
4.600429E0,1.300368E2,5.300275E1
4.604600E0,1.243863E2,5.158466E1
4.608771E0,1.174117E2,4.935653E1
4.612942E0,1.090791E2,4.609916E1
4.617113E0,1.005402E2,4.229042E1
4.621283E0,8.983361E1,3.804033E1
4.625454E0,7.898678E1,3.403638E1
4.629625E0,6.673787E1,2.922991E1
4.633796E0,5.307560E1,2.427240E1
4.637967E0,3.868652E1,1.821432E1
4.642138E0,2.318778E1,1.266471E1
4.646308E0,7.353932E0,6.126523E0
4.650479E0,-8.651863E0,6.016174E-2
4.654650E0,-2.385381E1,-5.560190E0
4.658821E0,-3.866924E1,-1.117530E1
4.662992E0,-5.138353E1,-1.578499E1
4.667163E0,-6.206762E1,-2.017203E1
4.671333E0,-7.268258E1,-2.398772E1
4.675504E0,-8.240224E1,-2.787277E1
4.679675E0,-9.098697E1,-3.163007E1
4.683846E0,-9.804735E1,-3.479283E1
4.688017E0,-1.043526E2,-3.741121E1
4.692188E0,-1.102377E2,-3.990615E1
4.696358E0,-1.146575E2,-4.160286E1
4.700529E0,-1.182756E2,-4.373271E1
4.704700E0,-1.208594E2,-4.497886E1
4.708871E0,-1.221336E2,-4.584672E1
4.713042E0,-1.223979E2,-4.647349E1
4.717213E0,-1.217674E2,-4.657458E1
4.721383E0,-1.206806E2,-4.660548E1
4.725554E0,-1.179445E2,-4.587917E1
4.729725E0,-1.142431E2,-4.481540E1
4.733896E0,-1.094951E2,-4.355696E1
4.738067E0,-1.040879E2,-4.187510E1
4.742238E0,-9.701703E1,-3.906620E1
4.746408E0,-8.982392E1,-3.671032E1
4.750579E0,-8.127861E1,-3.346363E1
4.754750E0,-7.133291E1,-3.006163E1
4.758921E0,-6.081214E1,-2.599185E1
4.763092E0,-4.983530E1,-2.147581E1
4.767263E0,-3.707469E1,-1.656421E1
4.771433E0,-2.341820E1,-1.062543E1
4.775604E0,-8.926708E0,-4.305365E0
4.779775E0,6.056699E0,1.889737E0
4.783946E0,2.035637E1,8.922349E0
4.788117E0,3.409317E1,1.526071E1
4.792288E0,4.792915E1,2.292865E1
4.796458E0,5.977944E1,2.951367E1
4.800629E0,7.057853E1,3.500101E1
4.804800E0,8.128511E1,4.078137E1
4.808971E0,9.042079E1,4.556282E1
4.813142E0,9.789727E1,4.943588E1
4.817313E0,1.045145E2,5.316034E1
4.821483E0,1.106113E2,5.642336E1
4.825654E0,1.152068E2,5.947426E1
4.829825E0,1.190102E2,6.150100E1
4.833996E0,1.209848E2,6.287524E1
4.838167E0,1.231589E2,6.378688E1
4.842338E0,1.233157E2,6.418218E1
4.846508E0,1.231390E2,6.374158E1
4.850679E0,1.214758E2,6.262897E1
4.854850E0,1.189585E2,6.063471E1
4.859021E0,1.151229E2,5.822310E1
4.863192E0,1.105969E2,5.501539E1
4.867363E0,1.046293E2,5.183003E1
4.871533E0,9.798724E1,4.748515E1
4.875704E0,8.995673E1,4.295344E1
4.879875E0,8.090566E1,3.806902E1
4.884046E0,7.082221E1,3.198080E1
4.888217E0,5.968863E1,2.563680E1
4.892388E0,4.722631E1,1.931336E1
4.896558E0,3.404248E1,1.255427E1
4.900729E0,1.999685E1,5.742097E0
4.904900E0,5.652958E0,-8.831065E-1
4.909071E0,-9.086892E0,-6.978164E0
4.913242E0,-2.283092E1,-1.207529E1
4.917413E0,-3.613339E1,-1.706959E1
4.921583E0,-4.778775E1,-2.114336E1
4.925754E0,-5.957260E1,-2.590166E1
4.929925E0,-6.900447E1,-2.855834E1
4.934096E0,-7.797494E1,-3.176636E1
4.938267E0,-8.563290E1,-3.395961E1
4.942438E0,-9.290482E1,-3.594521E1
4.946608E0,-9.912190E1,-3.750929E1
4.950779E0,-1.035754E2,-3.902889E1
4.954950E0,-1.075653E2,-3.972453E1
4.959121E0,-1.108906E2,-4.002802E1
4.963292E0,-1.129454E2,-3.982296E1
4.967463E0,-1.137870E2,-3.956465E1
4.971633E0,-1.135603E2,-3.908671E1
4.975804E0,-1.124548E2,-3.801798E1
4.979975E0,-1.100853E2,-3.680705E1
4.984146E0,-1.066934E2,-3.514870E1
4.988317E0,-1.026407E2,-3.304216E1
4.992488E0,-9.787490E1,-3.108527E1
4.996658E0,-9.173454E1,-2.837388E1
5.000829E0,-8.457506E1,-2.570457E1
5.005000E0,-7.636530E1,-2.268361E1
5.009171E0,-6.694824E1,-1.916628E1
5.013342E0,-5.685663E1,-1.559087E1
5.017513E0,-4.534513E1,-1.111362E1
5.021683E0,-3.230054E1,-6.878768E0
5.025854E0,-1.882898E1,-2.128731E0
5.030025E0,-4.442297E0,2.877483E0
5.034196E0,1.045564E1,7.868934E0
5.038367E0,2.434043E1,1.295989E1
5.042538E0,3.857726E1,1.734660E1
5.046708E0,5.081605E1,2.141410E1
5.050879E0,6.261272E1,2.494276E1
5.055050E0,7.355837E1,2.813701E1
5.059221E0,8.324784E1,3.157056E1
5.063392E0,9.245953E1,3.379486E1
5.067563E0,9.937812E1,3.662387E1
5.071733E0,1.052883E2,3.851962E1
5.075904E0,1.100727E2,4.000835E1
5.080075E0,1.140066E2,4.139971E1
5.084246E0,1.167595E2,4.233120E1
5.088417E0,1.187133E2,4.247379E1
5.092588E0,1.188092E2,4.309805E1
5.096758E0,1.177796E2,4.322075E1
5.100929E0,1.158042E2,4.286060E1
5.105100E0,1.128131E2,4.215762E1
5.109271E0,1.088182E2,4.025385E1
5.113442E0,1.036939E2,3.815750E1
5.117613E0,9.745453E1,3.637330E1
5.121783E0,8.971065E1,3.285503E1
5.125954E0,8.178769E1,2.948472E1
5.130125E0,7.160889E1,2.497885E1
5.134296E0,6.146445E1,2.136289E1
5.138467E0,4.897558E1,1.691498E1
5.142638E0,3.708613E1,1.238566E1
5.146808E0,2.307343E1,7.435366E0
5.150979E0,9.109858E0,2.773236E0
5.155150E0,-5.337453E0,-1.213356E0
5.159321E0,-1.890658E1,-4.776054E0
5.163492E0,-3.262047E1,-8.754732E0
5.167663E0,-4.489699E1,-1.176033E1
5.171833E0,-5.562386E1,-1.401264E1
5.176004E0,-6.518369E1,-1.592120E1
5.180175E0,-7.281861E1,-1.794052E1
5.184346E0,-8.101059E1,-1.943201E1
5.188517E0,-8.663671E1,-2.113928E1
5.192688E0,-9.174547E1,-2.190361E1
5.196858E0,-9.654907E1,-2.360312E1
5.201029E0,-9.976531E1,-2.487843E1
5.205200E0,-1.018180E2,-2.489041E1
5.209371E0,-1.034331E2,-2.530495E1
5.213542E0,-1.034932E2,-2.582497E1
5.217713E0,-1.028061E2,-2.598437E1
5.221883E0,-1.008675E2,-2.582143E1
5.226054E0,-9.762991E1,-2.509794E1
5.230225E0,-9.417005E1,-2.446568E1
5.234396E0,-8.916263E1,-2.350456E1
5.238567E0,-8.303701E1,-2.245606E1
5.242738E0,-7.558860E1,-2.095483E1
5.246908E0,-6.708326E1,-1.894599E1
5.251079E0,-5.788107E1,-1.696926E1
5.255250E0,-4.864946E1,-1.476940E1
5.259421E0,-3.702980E1,-1.225377E1
5.263592E0,-2.469427E1,-8.752144E0
5.267763E0,-1.136993E1,-4.933189E0
5.271933E0,2.397097E0,-7.664690E-1
5.276104E0,1.510224E1,3.847831E0
5.280275E0,2.773569E1,8.607981E0
5.284446E0,4.037587E1,1.391116E1
5.288617E0,5.105867E1,1.847694E1
5.292788E0,6.108106E1,2.273476E1
5.296958E0,6.916919E1,2.648226E1
5.301129E0,7.692086E1,3.037157E1
5.305300E0,8.306818E1,3.356684E1
5.309471E0,8.935127E1,3.643135E1
5.313642E0,9.386351E1,3.924297E1
5.317813E0,9.740575E1,4.121336E1
5.321983E0,9.972952E1,4.284697E1
5.326154E0,1.005492E2,4.446241E1
5.330325E0,1.009283E2,4.549820E1
5.334496E0,9.998804E1,4.584212E1
5.338667E0,9.788016E1,4.557382E1
5.342838E0,9.461322E1,4.495749E1
5.347008E0,9.078808E1,4.355466E1
5.351179E0,8.563169E1,4.150284E1
5.355350E0,7.919920E1,3.870439E1
5.359521E0,7.215404E1,3.550549E1
5.363692E0,6.423101E1,3.179481E1
5.367863E0,5.513605E1,2.761393E1
5.372033E0,4.502904E1,2.302414E1
5.376204E0,3.449692E1,1.765492E1
5.380375E0,2.255894E1,1.124783E1
5.384546E0,9.735525E0,5.280311E0
5.388717E0,-2.757863E0,-4.346677E-1
5.392888E0,-1.524730E1,-6.059132E0
5.397058E0,-2.619618E1,-1.093521E1
5.401229E0,-3.643716E1,-1.525830E1
5.405400E0,-4.674295E1,-2.059959E1
5.409571E0,-5.474981E1,-2.450157E1
5.413742E0,-6.280966E1,-2.808391E1
5.417913E0,-6.924413E1,-3.034828E1
5.422083E0,-7.424659E1,-3.267391E1
5.426254E0,-7.910268E1,-3.495622E1
5.430425E0,-8.278835E1,-3.673985E1
5.434596E0,-8.581750E1,-3.800684E1
5.438767E0,-8.774044E1,-3.843346E1
5.442938E0,-8.861968E1,-3.864764E1
5.447108E0,-8.881023E1,-3.834381E1
5.451279E0,-8.754054E1,-3.778909E1
5.455450E0,-8.561065E1,-3.686919E1
5.459621E0,-8.203676E1,-3.505514E1
5.463792E0,-7.787962E1,-3.268368E1
5.467963E0,-7.278410E1,-3.044547E1
5.472133E0,-6.693872E1,-2.768545E1
5.476304E0,-6.010736E1,-2.447003E1
5.480475E0,-5.164114E1,-2.114338E1
5.484646E0,-4.259211E1,-1.711554E1
5.488817E0,-3.275571E1,-1.213649E1
5.492988E0,-2.167090E1,-6.667740E0
5.497158E0,-1.029469E1,-1.950012E0
5.501329E0,2.275477E0,3.529589E0
5.505500E0,1.438341E1,8.635902E0
5.509671E0,2.644386E1,1.385023E1
5.513842E0,3.696600E1,1.856724E1
5.518013E0,4.729094E1,2.297419E1
5.522183E0,5.477176E1,2.669477E1
5.526354E0,6.400081E1,3.006537E1
5.530525E0,7.111867E1,3.357140E1
5.534696E0,7.697822E1,3.615326E1
5.538867E0,8.210056E1,3.833000E1
5.543038E0,8.610886E1,4.009894E1
5.547208E0,8.871550E1,4.115735E1
5.551379E0,9.034528E1,4.210368E1
5.555550E0,9.102984E1,4.239033E1
5.559721E0,9.024517E1,4.222952E1
5.563892E0,8.896572E1,4.149104E1
5.568063E0,8.595567E1,4.015652E1
5.572233E0,8.224884E1,3.834188E1
5.576404E0,7.750281E1,3.591836E1
5.580575E0,7.188775E1,3.313697E1
5.584746E0,6.518895E1,2.989037E1
5.588917E0,5.731176E1,2.573436E1
5.593088E0,4.865263E1,2.106676E1
5.597258E0,3.899286E1,1.660561E1
5.601429E0,2.873744E1,1.113407E1
5.605600E0,1.735225E1,6.134976E0
5.609771E0,5.423402E0,1.096605E0
5.613942E0,-6.743489E0,-3.487783E0
5.618113E0,-1.837200E1,-7.561948E0
5.622283E0,-2.810233E1,-1.098875E1
5.626454E0,-3.765275E1,-1.397764E1
5.630625E0,-4.665520E1,-1.666916E1
5.634796E0,-5.375703E1,-1.898977E1
5.638967E0,-6.079486E1,-2.115423E1
5.643138E0,-6.623802E1,-2.251295E1
5.647308E0,-7.086461E1,-2.392082E1
5.651479E0,-7.469831E1,-2.506021E1
5.655650E0,-7.766718E1,-2.573592E1
5.659821E0,-7.943432E1,-2.576873E1
5.663992E0,-7.983340E1,-2.561377E1
5.668163E0,-7.968626E1,-2.580549E1
5.672333E0,-7.824543E1,-2.488595E1
5.676504E0,-7.571053E1,-2.385264E1
5.680675E0,-7.238525E1,-2.220606E1
5.684846E0,-6.793955E1,-2.084729E1
5.689017E0,-6.249498E1,-1.889622E1
5.693188E0,-5.628412E1,-1.651727E1
5.697358E0,-4.865561E1,-1.411645E1
5.701529E0,-4.100241E1,-1.147636E1
5.705700E0,-3.155254E1,-8.848202E0
5.709871E0,-2.155728E1,-5.965882E0
5.714042E0,-1.025207E1,-1.958534E0
5.718213E0,1.781280E0,1.873694E0
5.722383E0,1.364884E1,5.857172E0
5.726554E0,2.435475E1,1.017349E1
5.730725E0,3.424525E1,1.395151E1
5.734896E0,4.420942E1,1.773737E1
5.739067E0,5.276325E1,2.093578E1
5.743238E0,6.111278E1,2.379979E1
5.747408E0,6.701658E1,2.652390E1
5.751579E0,7.269798E1,2.810054E1
5.755750E0,7.683044E1,3.003290E1
5.759921E0,7.968747E1,3.186952E1
5.764092E0,8.168667E1,3.298723E1
5.768263E0,8.287486E1,3.398696E1
5.772433E0,8.302486E1,3.434642E1
5.776604E0,8.153264E1,3.427013E1
5.780775E0,7.887837E1,3.440753E1
5.784946E0,7.549451E1,3.324530E1
5.789117E0,7.060173E1,3.233602E1
5.793288E0,6.489507E1,3.079067E1
5.797458E0,5.788866E1,2.828330E1
5.801629E0,5.070670E1,2.558329E1
5.805800E0,4.163970E1,2.137279E1
5.809971E0,3.283494E1,1.736534E1
5.814142E0,2.275818E1,1.324893E1
5.818313E0,1.210624E1,7.540069E0
5.822483E0,1.399416E0,1.280808E0
5.826654E0,-9.057470E0,-4.067950E0
5.830825E0,-1.827477E1,-8.753062E0
5.834996E0,-2.629227E1,-1.329478E1
5.839167E0,-3.375664E1,-1.749019E1
5.843338E0,-4.076542E1,-2.165188E1
5.847508E0,-4.687554E1,-2.505170E1
5.851679E0,-5.191655E1,-2.804775E1
5.855850E0,-5.689657E1,-3.154898E1
5.860021E0,-5.985643E1,-3.309539E1
5.864192E0,-6.267362E1,-3.450095E1
5.868363E0,-6.458100E1,-3.595640E1
5.872533E0,-6.544064E1,-3.577914E1
5.876704E0,-6.486789E1,-3.483620E1
5.880875E0,-6.386506E1,-3.394323E1
5.885046E0,-6.192149E1,-3.251787E1
5.889217E0,-5.868819E1,-3.058559E1
5.893388E0,-5.516628E1,-2.738301E1
5.897558E0,-5.000920E1,-2.398903E1
5.901729E0,-4.443791E1,-1.984241E1
5.905900E0,-3.782038E1,-1.609735E1
5.910071E0,-3.072676E1,-1.157589E1
5.914242E0,-2.219853E1,-6.563973E0
5.918413E0,-1.291897E1,-1.976836E0
5.922583E0,-3.719603E0,2.504287E0
5.926754E0,7.290498E0,7.308909E0
5.930925E0,1.749218E1,1.146536E1
5.935096E0,2.697132E1,1.479381E1
5.939267E0,3.583189E1,1.810599E1
5.943438E0,4.323642E1,2.042225E1
5.947608E0,5.040521E1,2.229519E1
5.951779E0,5.692246E1,2.461789E1
5.955950E0,6.194095E1,2.590293E1
5.960121E0,6.594926E1,2.665664E1
5.964292E0,6.867859E1,2.705811E1
5.968463E0,7.059262E1,2.700845E1
5.972633E0,7.154235E1,2.694573E1
5.976804E0,7.095819E1,2.691171E1
5.980975E0,6.954541E1,2.606486E1
5.985146E0,6.692590E1,2.512248E1
5.989317E0,6.308656E1,2.416169E1
5.993488E0,5.777719E1,2.255541E1
5.997658E0,5.177160E1,2.092931E1
6.001829E0,4.469332E1,1.873860E1
6.006000E0,3.608072E1,1.595452E1
6.010171E0,2.740492E1,1.336370E1
6.014342E0,1.800263E1,1.000170E1
6.018513E0,7.846703E0,6.662717E0
6.022683E0,-2.970639E0,2.405705E0
6.026854E0,-1.238209E1,-1.424815E0
6.031025E0,-1.993436E1,-5.014993E0
6.035196E0,-2.770681E1,-8.585505E0
6.039367E0,-3.420426E1,-1.165935E1
6.043538E0,-3.964477E1,-1.448691E1
6.047708E0,-4.438448E1,-1.670790E1
6.051879E0,-4.793980E1,-1.915698E1
6.056050E0,-5.090432E1,-2.089669E1
6.060221E0,-5.327625E1,-2.234427E1
6.064392E0,-5.410210E1,-2.344272E1
6.068563E0,-5.395627E1,-2.416640E1
6.072733E0,-5.372625E1,-2.427233E1
6.076904E0,-5.200546E1,-2.369644E1
6.081075E0,-4.978478E1,-2.364245E1
6.085246E0,-4.598287E1,-2.197705E1
6.089417E0,-4.154051E1,-2.008580E1
6.093588E0,-3.618362E1,-1.729682E1
6.097758E0,-3.035121E1,-1.445984E1
6.101929E0,-2.338538E1,-1.097822E1
6.106100E0,-1.614568E1,-7.516080E0
6.110271E0,-7.823203E0,-3.439303E0
6.114442E0,9.353091E-1,1.311409E0
6.118613E0,9.450178E0,6.114368E0
6.122783E0,1.757484E1,1.150923E1
6.126954E0,2.533012E1,1.640888E1
6.131125E0,3.216703E1,2.109785E1
6.135296E0,3.845464E1,2.513106E1
6.139467E0,4.273822E1,2.899970E1
6.143638E0,4.696320E1,3.146360E1
6.147808E0,4.990187E1,3.361664E1
6.151979E0,5.185762E1,3.487498E1
6.156150E0,5.288854E1,3.594789E1
6.160321E0,5.309383E1,3.602482E1
6.164492E0,5.281216E1,3.521873E1
6.168663E0,5.155350E1,3.351167E1
6.172833E0,4.938071E1,3.134991E1
6.177004E0,4.667443E1,2.868168E1
6.181175E0,4.261010E1,2.487123E1
6.185346E0,3.785612E1,2.115958E1
6.189517E0,3.284768E1,1.622745E1
6.193688E0,2.644809E1,1.121206E1
6.197858E0,1.883268E1,5.864548E0
6.202029E0,1.100075E1,9.263783E-1
6.206200E0,2.538065E0,-3.632021E0
6.210371E0,-6.124883E0,-7.372893E0
6.214542E0,-1.422499E1,-1.027073E1
6.218713E0,-2.108715E1,-1.296166E1
6.222883E0,-2.731539E1,-1.492280E1
6.227054E0,-3.277417E1,-1.655473E1
6.231225E0,-3.809768E1,-1.854347E1
6.235396E0,-4.171720E1,-1.872118E1
6.239567E0,-4.486770E1,-1.931857E1
6.243738E0,-4.692559E1,-1.951879E1
6.247908E0,-4.820749E1,-1.923031E1
6.252079E0,-4.823235E1,-1.810686E1
6.256250E0,-4.730511E1,-1.665379E1
6.260421E0,-4.551098E1,-1.466022E1
6.264592E0,-4.251649E1,-1.311669E1
6.268763E0,-3.879750E1,-1.047527E1
6.272933E0,-3.384930E1,-7.972605E0
6.277104E0,-2.770120E1,-5.172532E0
6.281275E0,-2.164925E1,-2.419152E0
6.285446E0,-1.455924E1,2.113309E-1
6.289617E0,-6.406897E0,2.629193E0
6.293788E0,3.289673E0,4.617073E0
6.297958E0,1.208991E1,6.599915E0
6.302129E0,2.053660E1,8.420391E0
6.306300E0,2.819474E1,9.752413E0
6.310471E0,3.515295E1,1.045900E1
6.314642E0,4.051281E1,1.062277E1
6.318813E0,4.568622E1,1.118683E1
6.322983E0,4.935821E1,1.149580E1
6.327154E0,5.204587E1,1.129826E1
6.331325E0,5.356806E1,1.096507E1
6.335496E0,5.431345E1,1.098472E1
6.339667E0,5.373910E1,1.023137E1
6.343838E0,5.207523E1,1.001739E1
6.348008E0,4.953142E1,9.545497E0
6.352179E0,4.569842E1,9.069912E0
6.356350E0,4.080696E1,8.558593E0
6.360521E0,3.472534E1,8.385529E0
6.364692E0,2.766518E1,8.090617E0
6.368863E0,1.978515E1,7.735670E0
6.373033E0,1.086476E1,7.386560E0
6.377204E0,1.454718E0,6.238800E0
6.381375E0,-7.091551E0,5.596107E0
6.385546E0,-1.501679E1,4.558490E0
6.389717E0,-2.215718E1,3.640528E0
6.393888E0,-2.786140E1,2.670627E0
6.398058E0,-3.285153E1,1.147917E0
6.402229E0,-3.659958E1,5.420314E-1
6.406400E0,-3.933380E1,-3.383766E-1
6.410571E0,-4.133254E1,-1.366229E0
6.414742E0,-4.198575E1,-2.515422E0
6.418913E0,-4.159710E1,-3.521536E0
6.423083E0,-4.085164E1,-4.096352E0
6.427254E0,-3.869661E1,-5.066177E0
6.431425E0,-3.553387E1,-5.861092E0
6.435596E0,-3.167153E1,-6.503686E0
6.439767E0,-2.651640E1,-7.171396E0
6.443938E0,-2.029489E1,-7.264456E0
6.448108E0,-1.337552E1,-7.679327E0
6.452279E0,-5.817461E0,-7.390975E0
6.456450E0,2.382041E0,-6.603226E0
6.460621E0,1.018693E1,-5.091726E0
6.464792E0,1.785766E1,-3.033262E0
6.468963E0,2.467427E1,-5.845568E-1
6.473133E0,3.039909E1,1.826203E0
6.477304E0,3.589122E1,4.066893E0
6.481475E0,3.959226E1,6.940501E0
6.485646E0,4.266345E1,9.426486E0
6.489817E0,4.492999E1,1.119183E1
6.493988E0,4.527390E1,1.302528E1
6.498158E0,4.511092E1,1.455878E1
6.502329E0,4.411657E1,1.604694E1
6.506500E0,4.167796E1,1.702161E1
6.510671E0,3.905237E1,1.779151E1
6.514842E0,3.499896E1,1.882845E1
6.519013E0,3.001177E1,1.909045E1
6.523183E0,2.369640E1,1.846552E1
6.527354E0,1.737792E1,1.761170E1
6.531525E0,1.037940E1,1.595286E1
6.535696E0,3.081237E0,1.354603E1
6.539867E0,-3.819524E0,9.762627E0
6.544038E0,-9.896349E0,6.148926E0
6.548208E0,-1.518439E1,2.542691E0
6.552379E0,-1.944325E1,-1.334164E0
6.556550E0,-2.216191E1,-4.778178E0
6.560721E0,-2.476081E1,-8.518669E0
6.564892E0,-2.624898E1,-1.087428E1
6.569063E0,-2.691255E1,-1.378555E1
6.573233E0,-2.647565E1,-1.564168E1
6.577404E0,-2.479526E1,-1.733117E1
6.581575E0,-2.328168E1,-1.850815E1
6.585746E0,-2.090401E1,-1.940120E1
6.589917E0,-1.741160E1,-1.913893E1
6.594088E0,-1.308597E1,-1.813927E1
6.598258E0,-8.584089E0,-1.670113E1
6.602429E0,-3.462398E0,-1.385303E1
6.606600E0,2.410915E0,-1.109132E1
6.610771E0,7.723434E0,-7.323311E0
6.614942E0,1.257181E1,-2.554725E0
6.619113E0,1.709942E1,2.480641E0
6.623283E0,2.107500E1,7.606859E0
6.627454E0,2.363496E1,1.275757E1
6.631625E0,2.530692E1,1.710548E1
6.635796E0,2.665682E1,2.168908E1
6.639967E0,2.689351E1,2.495267E1
6.644138E0,2.688309E1,2.809715E1
6.648308E0,2.588929E1,3.037714E1
6.652479E0,2.448367E1,3.122179E1
6.656650E0,2.215509E1,3.127627E1
6.660821E0,1.935682E1,3.069524E1
6.664992E0,1.641136E1,2.898946E1
6.669163E0,1.275397E1,2.631462E1
6.673333E0,8.904705E0,2.329292E1
6.677504E0,5.038936E0,1.902377E1
6.681675E0,5.416249E-1,1.398643E1
6.685846E0,-2.692863E0,7.908427E0
6.690017E0,-5.656865E0,2.117757E0
6.694188E0,-7.915716E0,-4.143141E0
6.698358E0,-9.433246E0,-9.911066E0
6.702529E0,-9.709044E0,-1.528252E1
6.706700E0,-9.847062E0,-1.942680E1
6.710871E0,-9.179927E0,-2.310256E1
6.715042E0,-8.702920E0,-2.559832E1
6.719213E0,-7.399171E0,-2.767619E1
6.723383E0,-6.142982E0,-2.817734E1
6.727554E0,-4.264828E0,-2.855348E1
6.731725E0,-2.954938E0,-2.756197E1
6.735896E0,-1.051153E0,-2.569820E1
6.740067E0,7.103725E-1,-2.267748E1
6.744238E0,2.191032E0,-1.903916E1
6.748408E0,3.775484E0,-1.458631E1
6.752579E0,5.700031E0,-8.600934E0
6.756750E0,6.868310E0,-2.570413E0
6.760921E0,7.502603E0,3.833743E0
6.765092E0,7.791364E0,1.092083E1
6.769263E0,7.315038E0,1.740307E1
6.773433E0,6.593851E0,2.303059E1
6.777604E0,5.672913E0,2.765458E1
6.781775E0,4.936929E0,3.067182E1
6.785946E0,3.556258E0,3.288679E1
6.790117E0,2.594475E0,3.495411E1
6.794288E0,1.431476E0,3.547768E1
6.798458E0,-2.143331E-2,3.465242E1
6.802629E0,-1.085341E0,3.255806E1
6.806800E0,-1.910108E0,3.024613E1
6.810971E0,-2.430428E0,2.589131E1
6.815142E0,-2.868578E0,2.220091E1
6.819313E0,-2.723654E0,1.648755E1
6.823483E0,-2.153006E0,1.039662E1
6.827654E0,-8.723270E-1,3.465381E0
6.831825E0,1.207838E0,-3.243618E0
6.835996E0,3.320329E0,-9.245341E0
6.840167E0,5.041370E0,-1.457507E1
6.844338E0,6.975016E0,-1.817260E1
6.848508E0,8.452103E0,-2.146792E1
6.852679E0,1.018723E1,-2.360382E1
6.856850E0,1.094027E1,-2.509824E1
6.861021E0,1.177588E1,-2.600499E1
6.865192E0,1.265816E1,-2.590372E1
6.869363E0,1.298083E1,-2.461280E1
6.873533E0,1.272431E1,-2.259057E1
6.877704E0,1.271782E1,-1.976946E1
6.881875E0,1.140033E1,-1.617580E1
6.886046E0,9.992390E0,-1.170129E1
6.890217E0,8.610515E0,-6.435761E0
6.894388E0,6.582726E0,-5.820268E-1
6.898558E0,4.338552E0,5.561125E0
6.902729E0,1.102073E0,1.157767E1
6.906900E0,-1.127483E0,1.700069E1
6.911071E0,-3.516170E0,2.148103E1
6.915242E0,-5.190558E0,2.518945E1
6.919413E0,-6.647851E0,2.838582E1
6.923583E0,-7.607586E0,3.009037E1
6.927754E0,-8.318673E0,3.099019E1
6.931925E0,-8.681242E0,3.092051E1
6.936096E0,-8.411914E0,3.021739E1
6.940267E0,-7.753058E0,2.851766E1
6.944438E0,-6.723237E0,2.569395E1
6.948608E0,-5.084708E0,2.235937E1
6.952779E0,-3.298839E0,1.765587E1
6.956950E0,-1.186861E0,1.209236E1
6.961121E0,1.781304E0,6.308224E0
6.965292E0,5.040331E0,7.081828E-1
6.969463E0,7.502304E0,-5.722512E0
6.973633E0,1.002422E1,-1.054133E1
6.977804E0,1.131616E1,-1.452210E1
6.981975E0,1.278590E1,-1.804302E1
6.986146E0,1.370014E1,-2.044972E1
6.990317E0,1.435383E1,-2.212927E1
6.994488E0,1.455964E1,-2.330907E1
6.998658E0,1.426664E1,-2.337245E1
7.002829E0,1.391643E1,-2.268981E1
7.007000E0,1.292055E1,-2.147466E1
7.011171E0,1.164013E1,-1.879782E1
7.015342E0,1.000690E1,-1.544816E1
7.019513E0,7.891353E0,-1.140365E1
7.023683E0,5.515966E0,-6.760832E0
7.027854E0,2.769048E0,-1.603974E0
7.032025E0,4.762035E-1,4.704481E0
7.036196E0,-1.540194E0,1.064459E1
7.040367E0,-2.980870E0,1.557347E1
7.044538E0,-4.185053E0,2.011583E1
7.048708E0,-4.794336E0,2.408736E1
7.052879E0,-5.135886E0,2.730528E1
7.057050E0,-5.096647E0,2.905205E1
7.061221E0,-4.903734E0,2.961353E1
7.065392E0,-4.046055E0,2.996207E1
7.069563E0,-3.258963E0,2.865601E1
7.073733E0,-2.079691E0,2.643750E1
7.077904E0,-1.014971E0,2.359194E1
7.082075E0,4.061415E-1,1.939466E1
7.086246E0,2.098406E0,1.471546E1
7.090417E0,3.659431E0,8.484476E0
7.094588E0,5.036835E0,2.199915E0
7.098758E0,6.020575E0,-3.861187E0
7.102929E0,6.436279E0,-8.855756E0
7.107100E0,6.454952E0,-1.362155E1
7.111271E0,6.224213E0,-1.756477E1
7.115442E0,6.001934E0,-2.066727E1
7.119613E0,5.911254E0,-2.306828E1
7.123783E0,5.132092E0,-2.394901E1
7.127954E0,4.434539E0,-2.393658E1
7.132125E0,4.085183E0,-2.321927E1
7.136296E0,2.874137E0,-2.184404E1
7.140467E0,2.038296E0,-1.932243E1
7.144638E0,1.094533E0,-1.590925E1
7.148808E0,3.002360E-1,-1.172349E1
7.152979E0,-2.749572E-1,-6.327308E0
7.157150E0,-7.686747E-1,-2.416857E-1
7.161321E0,-7.269144E-1,5.527356E0
7.165492E0,-1.420569E-1,1.116420E1
7.169663E0,9.824975E-1,1.601010E1
7.173833E0,1.909464E0,2.106110E1
7.178004E0,3.067046E0,2.445552E1
7.182175E0,4.239938E0,2.640289E1
7.186346E0,4.981942E0,2.800247E1
7.190517E0,6.096550E0,2.828157E1
7.194688E0,6.865492E0,2.775479E1
7.198858E0,7.250751E0,2.611066E1
7.203029E0,7.290092E0,2.338318E1
7.207200E0,6.918765E0,2.001000E1
7.211371E0,6.935088E0,1.536189E1
7.215542E0,5.991539E0,1.004625E1
7.219713E0,5.009847E0,4.613717E0
7.223883E0,2.999685E0,-1.791981E0
7.228054E0,1.047682E0,-6.698759E0
7.232225E0,-7.594151E-1,-1.131015E1
7.236396E0,-2.490650E0,-1.483464E1
7.240567E0,-4.529098E0,-1.775971E1
7.244738E0,-5.836443E0,-1.980700E1
7.248908E0,-7.344614E0,-2.047244E1
7.253079E0,-7.976267E0,-2.073595E1
7.257250E0,-8.433646E0,-1.992880E1
7.261421E0,-8.451882E0,-1.798078E1
7.265592E0,-8.284221E0,-1.604353E1
7.269763E0,-7.733371E0,-1.283993E1
7.273933E0,-6.212990E0,-9.274616E0
7.278104E0,-4.354351E0,-4.717753E0
7.282275E0,-1.978664E0,3.165905E-1
7.286446E0,1.405282E0,5.314875E0
7.290617E0,4.614103E0,9.862201E0
7.294788E0,8.151708E0,1.397007E1
7.298958E0,1.074536E1,1.727323E1
7.303129E0,1.345026E1,1.945898E1
7.307300E0,1.484427E1,2.084098E1
7.311471E0,1.655418E1,2.208698E1
7.315642E0,1.711886E1,2.176576E1
7.319813E0,1.707566E1,2.136734E1
7.323983E0,1.670799E1,1.898192E1
7.328154E0,1.551654E1,1.692878E1
7.332325E0,1.378664E1,1.406633E1
7.336496E0,1.116971E1,1.023720E1
7.340667E0,7.991567E0,6.272052E0
7.344838E0,4.461862E0,1.855937E0
7.349008E0,4.408239E-1,-1.988316E0
7.353179E0,-3.869968E0,-5.230292E0
7.357350E0,-7.228031E0,-8.809956E0
7.361521E0,-9.740048E0,-1.068821E1
7.365692E0,-1.179826E1,-1.221246E1
7.369863E0,-1.331123E1,-1.351717E1
7.374033E0,-1.378217E1,-1.375037E1
7.378204E0,-1.386513E1,-1.347141E1
7.382375E0,-1.329290E1,-1.283917E1
7.386546E0,-1.207610E1,-1.122713E1
7.390717E0,-1.002485E1,-9.200968E0
7.394888E0,-7.490158E0,-6.205491E0
7.399058E0,-4.099008E0,-3.376988E0
7.403229E0,4.487167E-1,-8.964952E-2
7.407400E0,4.550665E0,4.227175E0
7.411571E0,8.850243E0,8.043177E0
7.415742E0,1.201983E1,1.123624E1
7.419913E0,1.506427E1,1.411479E1
7.424083E0,1.684231E1,1.604360E1
7.428254E0,1.844631E1,1.756085E1
7.432425E0,1.924989E1,1.833612E1
7.436596E0,1.899863E1,1.834395E1
7.440767E0,1.836125E1,1.753200E1
7.444938E0,1.701317E1,1.565095E1
7.449108E0,1.507082E1,1.345001E1
7.453279E0,1.219785E1,1.076075E1
7.457450E0,8.740523E0,7.379958E0
7.461621E0,4.986426E0,3.606719E0
7.465792E0,7.853852E-1,-1.232828E-1
7.469963E0,-3.521289E0,-3.477679E0
7.474133E0,-6.852549E0,-6.038877E0
7.478304E0,-9.517505E0,-8.475477E0
7.482475E0,-1.124978E1,-1.029416E1
7.486646E0,-1.282554E1,-1.150710E1
7.490817E0,-1.348929E1,-1.197908E1
7.494988E0,-1.327632E1,-1.180964E1
7.499158E0,-1.229953E1,-1.142012E1
7.503329E0,-1.080181E1,-1.018659E1
7.507500E0,-8.728854E0,-8.675226E0
7.511671E0,-6.268794E0,-6.653362E0
7.515842E0,-2.388031E0,-3.889186E0
7.520013E0,1.543470E0,5.266976E-2
7.524183E0,5.426109E0,3.370362E0
7.528354E0,9.216814E0,7.369922E0
7.532525E0,1.186199E1,1.094392E1
7.536696E0,1.432314E1,1.351956E1
7.540867E0,1.592054E1,1.527537E1
7.545038E0,1.706128E1,1.665194E1
7.549208E0,1.735511E1,1.737593E1
7.553379E0,1.706626E1,1.755828E1
7.557550E0,1.613752E1,1.639122E1
7.561721E0,1.434424E1,1.497117E1
7.565892E0,1.205793E1,1.306591E1
7.570063E0,9.366866E0,9.970306E0
7.574233E0,5.956440E0,6.497544E0
7.578404E0,2.207205E0,2.520121E0
7.582575E0,-1.391484E0,-1.154340E0
7.586746E0,-4.487077E0,-4.447739E0
7.590917E0,-6.970325E0,-7.534003E0
7.595088E0,-8.915105E0,-9.927717E0
7.599258E0,-1.016978E1,-1.135041E1
7.603429E0,-1.073645E1,-1.234676E1
7.607600E0,-1.049779E1,-1.304835E1
7.611771E0,-9.671906E0,-1.281613E1
7.615942E0,-8.444658E0,-1.169982E1
7.620113E0,-6.218896E0,-1.024474E1
7.624283E0,-4.148564E0,-7.992873E0
7.628454E0,-1.355473E0,-5.885138E0
7.632625E0,2.221304E0,-1.729276E0
7.636796E0,4.835123E0,2.465366E0
7.640967E0,7.817136E0,6.528268E0
7.645138E0,9.694046E0,1.068822E1
7.649308E0,1.147560E1,1.412569E1
7.653479E0,1.221821E1,1.658303E1
7.657650E0,1.261490E1,1.834689E1
7.661821E0,1.251011E1,1.937491E1
7.665992E0,1.215811E1,1.913261E1
7.670163E0,1.104552E1,1.851620E1
7.674333E0,9.370498E0,1.651142E1
7.678504E0,7.546281E0,1.409714E1
7.682675E0,5.100422E0,1.045158E1
7.686846E0,2.565213E0,6.059857E0
7.691017E0,7.716285E-1,2.029121E0
7.695188E0,-9.938024E-1,-2.170830E0
7.699358E0,-2.190671E0,-6.567953E0
7.703529E0,-2.797415E0,-9.480691E0
7.707700E0,-3.178541E0,-1.262831E1
7.711871E0,-3.172472E0,-1.425946E1
7.716042E0,-2.878694E0,-1.494474E1
7.720213E0,-2.532497E0,-1.492543E1
7.724383E0,-2.060927E0,-1.428605E1
7.728554E0,-1.313812E0,-1.252639E1
7.732725E0,-1.986075E-1,-9.797145E0
7.736896E0,6.697843E-1,-6.512096E0
7.741067E0,1.959742E0,-2.672831E0
7.745238E0,3.114919E0,2.195786E0
7.749408E0,4.461723E0,7.628528E0
7.753579E0,5.088618E0,1.152409E1
7.757750E0,5.725245E0,1.467271E1
7.761921E0,6.490211E0,1.727585E1
7.766092E0,6.922142E0,1.866986E1
7.770263E0,6.731952E0,2.013555E1
7.774433E0,6.721161E0,1.969324E1
7.778604E0,6.563587E0,1.866655E1
7.782775E0,6.004338E0,1.635356E1
7.786946E0,5.084793E0,1.321761E1
7.791117E0,4.289853E0,9.448077E0
7.795288E0,3.150026E0,4.747327E0
7.799458E0,2.436110E0,-2.839163E-1
7.803629E0,1.651013E0,-4.437724E0
7.807800E0,1.102488E0,-7.932769E0
7.811971E0,7.267452E-1,-1.106609E1
7.816142E0,3.501681E-1,-1.272325E1
7.820313E0,-1.288960E-1,-1.418070E1
7.824483E0,-2.788032E-1,-1.449811E1
7.828654E0,-2.605890E-1,-1.389184E1
7.832825E0,-3.106631E-1,-1.231370E1
7.836996E0,-1.496584E-1,-1.012623E1
7.841167E0,5.565111E-2,-6.877854E0
7.845338E0,3.608395E-1,-2.759583E0
7.849508E0,1.479815E0,1.507438E0
7.853679E0,2.631444E0,5.713016E0
7.857850E0,4.717618E0,9.696139E0
7.862021E0,6.133038E0,1.327559E1
7.866192E0,7.449246E0,1.543807E1
7.870363E0,7.969430E0,1.714164E1
7.874533E0,8.339201E0,1.778314E1
7.878704E0,8.435821E0,1.759174E1
7.882875E0,8.073719E0,1.611995E1
7.887046E0,7.539181E0,1.440241E1
7.891217E0,6.932942E0,1.145315E1
7.895388E0,5.334165E0,7.820810E0
7.899558E0,4.157112E0,3.446703E0
7.903729E0,1.709527E0,-7.071911E-1
7.907900E0,8.007843E-1,-4.572723E0
7.912071E0,-1.062462E0,-7.492510E0
7.916242E0,-2.234742E0,-1.012553E1
7.920413E0,-2.941024E0,-1.162204E1
7.924583E0,-3.499693E0,-1.274417E1
7.928754E0,-3.510726E0,-1.277762E1
7.932925E0,-3.073086E0,-1.174217E1
7.937096E0,-2.495961E0,-1.049772E1
7.941267E0,-1.301916E0,-8.455287E0
7.945438E0,1.614282E-1,-5.337769E0
7.949608E0,1.694283E0,-1.831508E0
7.953779E0,3.714614E0,2.609660E0
7.957950E0,5.384575E0,6.471227E0
7.962121E0,7.120061E0,1.017605E1
7.966292E0,8.151909E0,1.288940E1
7.970463E0,8.830314E0,1.484221E1
7.974633E0,9.160559E0,1.617228E1
7.978804E0,8.935101E0,1.637169E1
7.982975E0,8.573292E0,1.544396E1
7.987146E0,7.774050E0,1.436479E1
7.991317E0,6.454635E0,1.176947E1
7.995488E0,4.923366E0,8.506992E0
7.999658E0,3.074824E0,4.466368E0
8.003829E0,1.785792E0,2.449656E-1
8.008000E0,6.430616E-1,-3.405821E0
8.012171E0,-9.290446E-2,-6.655181E0
8.016342E0,-7.592075E-1,-9.089803E0
8.020513E0,-1.013560E0,-1.052340E1
8.024683E0,-1.005198E0,-1.123487E1
8.028854E0,-1.017765E0,-1.143637E1
8.033025E0,-1.033199E0,-1.080579E1
8.037196E0,-2.603273E-1,-9.091892E0
8.041367E0,3.149350E-1,-6.550207E0
8.045538E0,1.378835E0,-3.337380E0
8.049708E0,2.054869E0,1.669449E-1
8.053879E0,3.319691E0,4.320820E0
8.058050E0,4.184751E0,8.247320E0
8.062221E0,5.185237E0,1.180104E1
8.066392E0,5.884145E0,1.383892E1
8.070563E0,6.787729E0,1.543307E1
8.074733E0,6.880880E0,1.594353E1
8.078904E0,6.952603E0,1.559773E1
8.083075E0,6.169146E0,1.447258E1
8.087246E0,5.617033E0,1.252259E1
8.091417E0,4.952539E0,9.884714E0
8.095588E0,3.432385E0,6.272967E0
8.099758E0,2.452482E0,2.394567E0
8.103929E0,1.385194E0,-1.627166E0
8.108100E0,7.526707E-1,-5.261424E0
8.112271E0,2.466358E-1,-7.565101E0
8.116442E0,-5.982774E-1,-9.304913E0
8.120613E0,-1.112357E0,-1.022246E1
8.124783E0,-6.887281E-1,-1.043547E1
8.128954E0,-9.906475E-1,-9.528226E0
8.133125E0,-3.445713E-1,-8.309068E0
8.137296E0,-5.419903E-2,-5.999911E0
8.141467E0,8.313853E-1,-2.616651E0
8.145638E0,1.967307E0,6.464298E-1
8.149808E0,2.985625E0,5.020871E0
8.153979E0,4.569782E0,8.298385E0
8.158150E0,5.699386E0,1.097458E1
8.162321E0,6.565435E0,1.314614E1
8.166492E0,7.127413E0,1.430887E1
8.170663E0,7.299047E0,1.453229E1
8.174833E0,6.912339E0,1.391456E1
8.179004E0,6.619550E0,1.245720E1
8.183175E0,5.755305E0,1.026751E1
8.187346E0,4.640028E0,7.230259E0
8.191517E0,3.087006E0,4.086556E0
8.195688E0,1.743220E0,-6.999718E-4
8.199858E0,9.085720E-1,-3.185019E0
8.204029E0,-1.681424E-2,-5.555475E0
8.208200E0,-7.934549E-1,-7.697183E0
8.212371E0,-8.427064E-1,-8.854756E0
8.216542E0,-1.086507E0,-8.847328E0
8.220713E0,-8.908976E-1,-8.562486E0
8.224883E0,-3.495810E-1,-7.508062E0
8.229054E0,1.050830E-1,-5.385287E0
8.233225E0,9.662533E-1,-2.745386E0
8.237396E0,2.283766E0,5.056480E-1
8.241567E0,3.043033E0,4.089186E0
8.245738E0,4.325787E0,7.959329E0
8.249908E0,5.183282E0,1.029668E1
8.254079E0,5.973890E0,1.271689E1
8.258250E0,6.405141E0,1.371915E1
8.262421E0,6.322503E0,1.377232E1
8.266592E0,6.061451E0,1.340987E1
8.270763E0,5.146371E0,1.208448E1
8.274933E0,4.544290E0,9.631544E0
8.279104E0,3.348472E0,6.561264E0
8.283275E0,2.162920E0,3.267585E0
8.287446E0,1.391383E0,-4.144238E-2
8.291617E0,5.792990E-1,-3.071272E0
8.295788E0,2.483274E-1,-5.326983E0
8.299958E0,2.079195E-2,-7.250260E0
8.304129E0,-2.577082E-1,-8.110002E0
8.308300E0,-6.619513E-1,-7.726302E0
8.312471E0,3.150249E-2,-7.191557E0
8.316642E0,5.332953E-2,-5.501112E0
8.320813E0,6.934525E-1,-3.390729E0
8.324983E0,1.664383E0,-6.354840E-1
8.329154E0,2.551191E0,2.420948E0
8.333325E0,3.800511E0,6.106425E0
8.337496E0,4.598563E0,8.832090E0
8.341667E0,5.526203E0,1.095660E1
8.345838E0,6.393109E0,1.255819E1
8.350008E0,6.051004E0,1.288068E1
8.354179E0,6.164313E0,1.261116E1
8.358350E0,5.726256E0,1.126073E1
8.362521E0,4.823143E0,9.320463E0
8.366692E0,4.019132E0,6.452144E0
8.370863E0,2.889434E0,3.416319E0
8.375033E0,1.773915E0,1.285428E-1
8.379204E0,1.271786E0,-2.743451E0
8.383375E0,2.981985E-1,-4.768318E0
8.387546E0,-3.411139E-1,-5.949195E0
8.391717E0,-3.511552E-1,-6.769586E0
8.395888E0,-2.663821E-1,-6.752791E0
8.400058E0,4.496386E-2,-5.756038E0
8.404229E0,5.931515E-1,-4.371009E0
8.408400E0,1.727689E0,-1.983845E0
8.412571E0,2.282746E0,7.672069E-1
8.416742E0,3.091509E0,3.907546E0
8.420913E0,4.351065E0,7.103897E0
8.425083E0,5.151224E0,9.483192E0
8.429254E0,5.483164E0,1.110855E1
8.433425E0,5.747382E0,1.206915E1
8.437596E0,5.544014E0,1.203052E1
8.441767E0,5.394428E0,1.153347E1
8.445938E0,4.814734E0,9.743079E0
8.450108E0,3.804842E0,7.278028E0
8.454279E0,2.771597E0,4.314528E0
8.458450E0,1.952956E0,1.282387E0
8.462621E0,1.416667E0,-1.536530E0
8.466792E0,7.880618E-1,-3.685806E0
8.470963E0,9.181055E-1,-5.423821E0
8.475133E0,5.882660E-1,-5.745488E0
8.479304E0,6.511425E-1,-6.106399E0
8.483475E0,8.035466E-1,-5.017962E0
8.487646E0,1.085236E0,-3.757920E0
8.491817E0,1.533951E0,-1.542233E0
8.495988E0,2.216727E0,1.308092E0
8.500158E0,3.224963E0,4.142205E0
8.504329E0,3.931361E0,6.993868E0
8.508500E0,4.691118E0,9.354752E0
8.512671E0,5.486728E0,1.033271E1
8.516842E0,5.791420E0,1.108746E1
8.521013E0,5.908595E0,1.124687E1
8.525183E0,5.659365E0,1.011075E1
8.529354E0,5.150759E0,8.572974E0
8.533525E0,3.958491E0,5.929395E0
8.537696E0,3.120894E0,3.367951E0
8.541867E0,2.277802E0,5.131775E-1
8.546038E0,1.642511E0,-1.941581E0
8.550208E0,1.372497E0,-3.790849E0
8.554379E0,5.717916E-1,-4.535189E0
8.558550E0,5.705282E-1,-4.909961E0
8.562721E0,8.810201E-1,-4.267568E0
8.566892E0,1.485249E0,-3.394088E0
8.571063E0,1.837257E0,-1.592274E0
8.575233E0,2.732378E0,7.132406E-1
8.579404E0,3.439238E0,3.758355E0
8.583575E0,4.019448E0,6.068488E0
8.587746E0,4.667028E0,8.132953E0
8.591917E0,5.337328E0,9.832157E0
8.596088E0,5.485622E0,1.041634E1
8.600258E0,5.255304E0,1.017455E1
8.604429E0,4.832041E0,9.341548E0
8.608600E0,4.451134E0,7.743098E0
8.612771E0,3.538647E0,4.991161E0
8.616942E0,2.329148E0,2.916844E0
8.621113E0,1.764928E0,2.132100E-1
8.625283E0,1.561735E0,-1.823972E0
8.629454E0,1.116037E0,-2.919586E0
8.633625E0,6.307409E-1,-3.965776E0
8.637796E0,8.659658E-1,-3.845461E0
8.641967E0,1.336018E0,-3.182336E0
8.646138E0,1.342937E0,-1.744157E0
8.650308E0,1.658302E0,1.651855E-1
8.654479E0,2.753214E0,2.418159E0
8.658650E0,3.376512E0,4.623894E0
8.662821E0,4.682773E0,6.721625E0
8.666992E0,4.897158E0,8.220570E0
8.671163E0,5.154331E0,9.842311E0
8.675333E0,5.095777E0,1.001278E1
8.679504E0,4.816449E0,9.384536E0
8.683675E0,4.578113E0,7.938585E0
8.687846E0,3.613801E0,5.972397E0
8.692017E0,3.168316E0,3.909432E0
8.696188E0,2.374129E0,1.673923E0
8.700358E0,1.718848E0,-3.855654E-1
8.704529E0,1.608991E0,-2.425784E0
8.708700E0,1.518924E0,-3.002719E0
8.712871E0,1.343794E0,-2.725798E0
8.717042E0,1.443031E0,-2.258930E0
8.721213E0,1.827203E0,-1.041932E0
8.725383E0,2.293898E0,8.857981E-1
8.729554E0,2.618477E0,2.986082E0
8.733725E0,3.526488E0,5.071432E0
8.737896E0,4.535755E0,7.237185E0
8.742067E0,4.954471E0,8.914908E0
8.746238E0,5.206042E0,9.329714E0
8.750408E0,5.127215E0,9.429736E0
8.754579E0,4.793048E0,8.405069E0
8.758750E0,4.473617E0,7.045239E0
8.762921E0,3.186956E0,5.022737E0
8.767092E0,2.824638E0,3.105602E0
8.771263E0,1.996948E0,1.010350E0
8.775433E0,1.640259E0,-4.798868E-1
8.779604E0,1.529030E0,-1.537556E0
8.783775E0,1.759490E0,-2.116976E0
8.787946E0,1.773268E0,-1.608916E0
8.792117E0,1.779298E0,-7.253347E-1
8.796288E0,2.051719E0,2.707151E-1
8.800458E0,2.593157E0,2.137877E0
8.804629E0,4.036847E0,4.697924E0
8.808800E0,4.320519E0,6.416402E0
8.812971E0,4.694301E0,7.935384E0
8.817142E0,5.057950E0,8.767261E0
8.821313E0,4.798849E0,8.405791E0
8.825483E0,4.698566E0,7.572646E0
8.829654E0,4.408688E0,6.477730E0
8.833825E0,3.732909E0,4.405586E0
8.837996E0,2.657134E0,2.834257E0
8.842167E0,2.383354E0,1.148707E0
8.846338E0,1.863323E0,-2.452445E-1
8.850508E0,1.963708E0,-1.285030E0
8.854679E0,1.932406E0,-1.341796E0
8.858850E0,1.858236E0,-1.101245E0
8.863021E0,1.913199E0,-3.572617E-1
8.867192E0,2.264621E0,8.430761E-1
8.871363E0,2.764666E0,2.894075E0
8.875533E0,3.697274E0,4.665603E0
8.879704E0,4.372481E0,6.321356E0
8.883875E0,4.745924E0,6.803061E0
8.888046E0,5.000471E0,7.416152E0
8.892217E0,4.739831E0,7.277883E0
8.896388E0,4.377581E0,6.375486E0
8.900558E0,4.154161E0,5.660457E0
8.904729E0,3.372311E0,3.744907E0
8.908900E0,2.827043E0,1.723314E0
8.913071E0,2.229376E0,2.612888E-1
8.917242E0,1.940376E0,-5.878002E-1
8.921413E0,2.090496E0,-1.215797E0
8.925583E0,1.787928E0,-9.022054E-1
8.929754E0,2.070210E0,-4.065026E-1
8.933925E0,2.226278E0,8.901656E-1
8.938096E0,2.645359E0,2.054675E0
8.942267E0,3.409059E0,4.062268E0
8.946438E0,3.710532E0,5.184114E0
8.950608E0,4.557551E0,6.420985E0
8.954779E0,4.777823E0,6.746442E0
8.958950E0,4.869063E0,6.500194E0
8.963121E0,4.741955E0,5.599773E0
8.967292E0,3.944900E0,4.609083E0
8.971463E0,3.336538E0,3.391001E0
8.975633E0,2.843184E0,1.410320E0
8.979804E0,2.529608E0,4.899125E-1
8.983975E0,2.300476E0,-3.478704E-1
8.988146E0,1.784959E0,-8.815873E-1
8.992317E0,2.199475E0,-5.623781E-1
8.996488E0,2.201034E0,6.059884E-2
9.000658E0,2.558167E0,1.025126E0
9.004829E0,3.278127E0,2.810499E0
9.009000E0,3.416149E0,4.088124E0
9.013171E0,3.897418E0,5.319680E0
9.017342E0,4.253716E0,6.114817E0
9.021513E0,4.299008E0,6.385828E0
9.025683E0,4.085382E0,6.054407E0
9.029854E0,3.978989E0,5.298674E0
9.034025E0,3.519916E0,4.081653E0
9.038196E0,2.966451E0,3.083803E0
9.042367E0,2.622344E0,1.468020E0
9.046538E0,2.365229E0,7.910154E-1
9.050708E0,2.283733E0,1.829682E-1
9.054879E0,1.963797E0,1.815235E-2
9.059050E0,2.402950E0,5.782415E-1
9.063221E0,2.454285E0,1.518575E0
9.067392E0,2.699710E0,2.166943E0
9.071563E0,3.319410E0,3.718388E0
9.075733E0,3.754359E0,4.693853E0
9.079904E0,3.867099E0,5.409905E0
9.084075E0,3.909584E0,5.606326E0
9.088246E0,4.118303E0,5.519952E0
9.092417E0,4.134354E0,4.760498E0
9.096588E0,3.483530E0,4.125479E0
9.100758E0,2.761951E0,2.903729E0
9.104929E0,2.426708E0,2.021138E0
9.109100E0,2.164784E0,1.265948E0
9.113271E0,2.168799E0,7.088540E-1
9.117442E0,2.049488E0,4.319255E-1
9.121613E0,2.133993E0,7.891860E-1
9.125783E0,2.375858E0,1.349209E0
9.129954E0,2.322111E0,2.282725E0
9.134125E0,2.780386E0,3.106250E0
9.138296E0,3.101230E0,4.319414E0
9.142467E0,3.192326E0,4.946733E0
9.146638E0,3.253238E0,5.489843E0
9.150808E0,3.122121E0,5.151107E0
9.154979E0,3.069335E0,4.730446E0
9.159150E0,2.727720E0,4.072958E0
9.163321E0,2.405209E0,3.073639E0
9.167492E0,1.916933E0,2.094031E0
9.171663E0,1.985448E0,1.496565E0
9.175833E0,1.766957E0,1.069924E0
9.180004E0,1.992749E0,1.189623E0
9.184175E0,2.193673E0,1.645108E0
9.188346E0,2.459591E0,2.224549E0
9.192517E0,2.295971E0,3.100034E0
9.196688E0,2.442601E0,3.925729E0
9.200858E0,2.970414E0,4.969001E0
9.205029E0,2.948738E0,5.202403E0
9.209200E0,3.114733E0,5.314490E0
9.213371E0,2.862485E0,5.094492E0
9.217542E0,2.807805E0,4.432329E0
9.221713E0,2.665067E0,3.866378E0
9.225883E0,2.200136E0,3.112082E0
9.230054E0,2.177703E0,2.598325E0
9.234225E0,2.111976E0,2.018976E0
9.238396E0,2.098687E0,2.107565E0
9.242567E0,2.041411E0,2.045077E0
9.246738E0,2.144137E0,2.810691E0
9.250908E0,2.262595E0,3.295729E0
9.255079E0,2.354471E0,3.927835E0
9.259250E0,2.950444E0,4.738721E0
9.263421E0,3.074854E0,5.061981E0
9.267592E0,2.803928E0,4.985622E0
9.271763E0,3.115832E0,5.249555E0
9.275933E0,2.806443E0,4.511313E0
9.280104E0,2.777918E0,4.026706E0
9.284275E0,2.745928E0,3.756889E0
9.288446E0,2.441946E0,3.063483E0
9.292617E0,2.143564E0,2.683746E0
9.296788E0,2.250272E0,2.482587E0
9.300958E0,1.956337E0,2.223437E0
9.305129E0,2.124040E0,2.589962E0
9.309300E0,2.139873E0,3.341609E0
9.313471E0,2.481993E0,3.771015E0
9.317642E0,2.788028E0,4.014121E0
9.321813E0,2.791276E0,4.484592E0
9.325983E0,2.811942E0,4.465722E0
9.330154E0,3.071117E0,4.533074E0
9.334325E0,2.876212E0,4.093316E0
9.338496E0,2.771891E0,3.784708E0
9.342667E0,2.683576E0,3.250569E0
9.346838E0,2.776292E0,2.902767E0
9.351008E0,2.430481E0,2.708596E0
9.355179E0,2.382964E0,2.438785E0
9.359350E0,2.326782E0,2.279072E0
9.363521E0,2.380709E0,2.577673E0
9.367692E0,2.403328E0,2.966655E0
9.371863E0,2.861742E0,3.637414E0
9.376033E0,2.736520E0,3.847144E0
9.380204E0,2.815556E0,4.008703E0
9.384375E0,2.629823E0,4.053936E0
9.388546E0,2.882503E0,4.290968E0
9.392717E0,2.938764E0,4.141638E0
9.396888E0,2.605699E0,3.755486E0
9.401058E0,2.627851E0,3.106034E0
9.405229E0,2.717869E0,3.099100E0
9.409400E0,2.835283E0,2.699811E0
9.413571E0,2.752705E0,2.926006E0
9.417742E0,2.736237E0,3.174010E0
9.421913E0,2.858868E0,3.245985E0
9.426083E0,2.986060E0,3.436564E0
9.430254E0,3.013793E0,3.892791E0
9.434425E0,3.361016E0,4.281516E0
9.438596E0,3.215908E0,4.380340E0
9.442767E0,2.960153E0,4.072333E0
9.446938E0,3.142016E0,4.220022E0
9.451108E0,2.990784E0,4.067246E0
9.455279E0,2.902677E0,4.000290E0
9.459450E0,2.814191E0,3.759402E0
9.463621E0,2.785332E0,3.309099E0
9.467792E0,2.843716E0,3.371835E0
9.471963E0,2.838544E0,3.494790E0
9.476133E0,2.971631E0,3.338292E0
9.480304E0,3.138816E0,3.627592E0
9.484475E0,3.190180E0,3.948373E0
9.488646E0,3.074327E0,4.009009E0
9.492817E0,3.300530E0,4.161733E0
9.496988E0,3.118019E0,4.107209E0
9.501158E0,3.192114E0,4.180365E0
9.505329E0,3.111091E0,4.237302E0
9.509500E0,3.057909E0,3.980754E0
9.513671E0,2.780891E0,3.823646E0
9.517842E0,2.717348E0,3.753418E0
9.522013E0,2.949547E0,3.617265E0
9.526183E0,2.918790E0,3.705459E0
9.530354E0,3.027582E0,3.580323E0
9.534525E0,3.032658E0,3.765886E0
9.538696E0,2.942265E0,3.493639E0
9.542867E0,2.889619E0,3.863278E0
9.547038E0,3.120616E0,3.837865E0
9.551208E0,2.998877E0,4.084403E0
9.555379E0,2.962312E0,3.953113E0
9.559550E0,3.007497E0,4.022197E0
9.563721E0,3.101227E0,4.073894E0
9.567892E0,3.029636E0,3.969721E0
9.572063E0,2.845975E0,3.965378E0
9.576233E0,3.020043E0,4.026858E0
9.580404E0,3.036692E0,4.033257E0
9.584575E0,2.847906E0,4.228947E0
9.588746E0,2.972498E0,4.290956E0
9.592917E0,2.959586E0,4.360138E0
9.597088E0,3.277027E0,4.463096E0
9.601258E0,2.880808E0,4.265831E0
9.605429E0,3.157904E0,4.420618E0
9.609600E0,2.854250E0,4.312726E0
9.613771E0,2.991200E0,4.045341E0
9.617942E0,3.015576E0,4.209087E0
9.622113E0,2.780153E0,3.939374E0
9.626283E0,2.804972E0,3.962286E0
9.630454E0,2.892516E0,4.156639E0
9.634625E0,2.835859E0,4.169083E0
9.638796E0,2.960476E0,4.258249E0
9.642967E0,3.128517E0,4.432913E0
9.647138E0,3.035644E0,4.289879E0
9.651308E0,3.356251E0,4.181917E0
9.655479E0,3.185827E0,4.251691E0
9.659650E0,3.378217E0,4.292026E0
9.663821E0,3.137893E0,4.295990E0
9.667992E0,3.251865E0,4.238101E0
9.672163E0,2.862840E0,3.976248E0
9.676333E0,3.160501E0,4.164995E0
9.680504E0,3.024965E0,4.134184E0
9.684675E0,3.044146E0,3.944667E0
9.688846E0,3.262220E0,4.358377E0
9.693017E0,3.162840E0,4.371072E0
9.697188E0,3.079252E0,4.325686E0
9.701358E0,3.268943E0,4.273699E0
9.705529E0,3.145273E0,4.310830E0
9.709700E0,3.045797E0,4.456585E0
9.713871E0,3.109390E0,4.213271E0
9.718042E0,3.249996E0,4.216474E0
9.722213E0,3.069428E0,4.048034E0
9.726383E0,3.258579E0,4.027322E0
9.730554E0,3.146006E0,4.084641E0
9.734725E0,3.145935E0,4.177025E0
9.738896E0,3.209303E0,4.043357E0
9.743067E0,3.280395E0,4.119631E0
9.747238E0,3.173225E0,4.305615E0
9.751408E0,3.118825E0,4.239475E0
9.755579E0,3.150955E0,3.992180E0
9.759750E0,2.974862E0,4.201777E0
9.763921E0,3.457758E0,3.964108E0
9.768092E0,3.288587E0,3.988714E0
9.772263E0,3.456491E0,4.097946E0
9.776433E0,2.846290E0,4.100083E0
9.780604E0,3.188482E0,4.111411E0
9.784775E0,3.349799E0,4.403901E0
9.788946E0,3.348696E0,4.322429E0
9.793117E0,3.572159E0,4.412451E0
9.797288E0,3.584087E0,4.102095E0
9.801458E0,4.045040E0,4.395487E0
9.805629E0,3.976453E0,4.231235E0
9.809800E0,4.107783E0,4.315178E0
9.813971E0,3.795103E0,4.112635E0
9.818142E0,3.984615E0,3.951045E0
9.822313E0,4.391309E0,4.217044E0
9.826483E0,4.023666E0,3.933397E0
9.830654E0,3.988315E0,4.189908E0
9.834825E0,4.178131E0,4.140999E0
9.838996E0,3.832488E0,4.020133E0
9.843167E0,4.168465E0,4.178634E0
9.847338E0,4.155291E0,4.060615E0
9.851508E0,4.255167E0,4.098873E0
9.855679E0,4.313096E0,4.129426E0
9.859850E0,5.307944E0,3.756174E0
9.864021E0,4.868331E0,3.598462E0
9.868192E0,5.015771E0,3.665168E0
9.872363E0,5.267103E0,3.644458E0
9.876533E0,5.244798E0,3.419652E0
9.880704E0,5.135943E0,3.493982E0
9.884875E0,5.169488E0,3.321479E0
9.889046E0,5.088136E0,3.359510E0
9.893217E0,4.968827E0,3.057028E0
9.897388E0,5.412864E0,3.378356E0
9.901558E0,5.356206E0,3.225200E0
9.905729E0,5.183223E0,3.203208E0
9.909900E0,5.384948E0,3.387558E0
9.914071E0,5.222556E0,3.330326E0
9.918242E0,5.684663E0,3.383330E0
9.922413E0,5.692325E0,3.083462E0
9.926583E0,6.017561E0,2.802672E0
9.930754E0,6.189717E0,2.938525E0
9.934925E0,6.022966E0,3.094695E0
9.939096E0,6.293979E0,3.153033E0
9.943267E0,6.180200E0,3.074412E0
9.947438E0,6.221174E0,3.058607E0
9.951608E0,6.308199E0,3.049708E0
9.955779E0,6.278011E0,3.208349E0
9.959950E0,6.409245E0,3.371144E0
9.964121E0,6.387890E0,3.432693E0
9.968292E0,6.627325E0,2.449095E0
9.972463E0,6.681255E0,2.339256E0
9.976633E0,7.783626E0,1.779191E0
9.980804E0,6.959002E0,1.881155E0
9.984975E0,7.573830E0,1.986625E0
9.989146E0,7.140522E0,1.697178E0
9.993317E0,7.592076E0,2.055197E0
9.997488E0,7.764473E0,2.181329E0
1.000166E1,7.690225E0,2.209069E0
1.000583E1,7.851250E0,1.866867E0
1.001000E1,7.922473E0,2.220792E0
1.001417E1,7.981531E0,2.151910E0
1.001834E1,8.066529E0,2.272640E0
1.002251E1,8.078820E0,2.378318E0
1.002668E1,7.967174E0,2.182248E0
1.003085E1,8.132665E0,2.273092E0
1.003503E1,8.162345E0,2.306236E0
1.003920E1,8.096090E0,2.149316E0
1.004337E1,8.002873E0,2.376779E0
1.004754E1,7.823544E0,1.969416E0
1.005171E1,8.249759E0,2.438335E0
1.005588E1,8.072138E0,2.204184E0
1.006005E1,8.148821E0,2.165759E0
1.006422E1,8.060626E0,2.331529E0
1.006839E1,7.992262E0,1.974154E0
1.007256E1,8.053110E0,2.213194E0
1.007673E1,8.094171E0,2.221199E0
1.008090E1,8.355745E0,2.331156E0
1.008508E1,8.035659E0,2.004409E0
1.008925E1,8.185288E0,2.234316E0
1.009342E1,8.205395E0,2.386489E0
1.009759E1,8.205847E0,2.217365E0
1.010176E1,8.140376E0,2.273313E0
1.010593E1,7.980260E0,1.940893E0
1.011010E1,8.028593E0,2.177818E0
1.011427E1,8.113789E0,2.044282E0
1.011844E1,8.200094E0,2.298156E0
1.012261E1,8.221103E0,2.138973E0
1.012678E1,8.005637E0,2.309885E0
1.013095E1,8.155223E0,2.334660E0
1.013513E1,8.085647E0,2.446057E0
1.013930E1,8.212124E0,2.351797E0
1.014347E1,8.281145E0,2.262040E0
1.014764E1,8.109126E0,2.174507E0
1.015181E1,8.332504E0,2.566244E0
1.015598E1,8.303993E0,2.484179E0
1.016015E1,8.191308E0,2.415512E0
1.016432E1,8.117663E0,2.422650E0
1.016849E1,7.822193E0,2.260656E0
1.017266E1,7.886137E0,2.201868E0
1.017683E1,8.017012E0,2.230800E0
1.018100E1,7.958404E0,2.286668E0
1.018518E1,7.978803E0,2.082042E0
1.018935E1,8.132690E0,2.424725E0
1.019352E1,7.926768E0,2.371599E0
1.019769E1,8.106712E0,2.378390E0
1.020186E1,8.021390E0,2.405608E0
1.020603E1,8.184095E0,2.230756E0
1.021020E1,8.074419E0,2.471825E0
1.021437E1,8.049271E0,2.396330E0
1.021854E1,8.063419E0,2.440648E0
1.022271E1,7.863618E0,2.393627E0
1.022688E1,8.039607E0,2.435717E0
1.023105E1,7.879735E0,2.349011E0
1.023523E1,8.067890E0,2.234723E0
1.023940E1,7.762490E0,2.257989E0
1.024357E1,7.891478E0,2.470936E0
1.024774E1,7.874825E0,2.273300E0
1.025191E1,8.063680E0,2.288771E0
1.025608E1,7.912675E0,2.356581E0
1.026025E1,8.048728E0,2.374686E0
1.026442E1,8.108992E0,2.394383E0
1.026859E1,7.992726E0,2.148205E0
1.027276E1,8.047728E0,2.331502E0
1.027693E1,7.878571E0,2.333659E0
1.028110E1,8.033055E0,2.475829E0
1.028528E1,7.924859E0,2.316312E0
1.028945E1,8.002638E0,2.130970E0
1.029362E1,7.962588E0,2.298812E0
1.029779E1,7.932458E0,2.356340E0
1.030196E1,7.984863E0,2.279967E0
1.030613E1,7.963019E0,2.633188E0
1.031030E1,8.047254E0,2.314960E0
1.031447E1,8.108192E0,2.477162E0
1.031864E1,8.029659E0,2.377633E0
1.032281E1,7.856855E0,2.240902E0
1.032698E1,7.961179E0,2.490886E0
1.033115E1,7.980842E0,2.479969E0
1.033533E1,7.963498E0,2.461898E0
1.033950E1,7.947959E0,2.524299E0
1.034367E1,7.854318E0,2.556586E0
1.034784E1,7.980584E0,2.305596E0
1.035201E1,7.889676E0,2.425447E0
1.035618E1,8.085345E0,2.301162E0
1.036035E1,8.141614E0,2.670240E0
1.036452E1,7.971084E0,3.091180E0
1.036869E1,7.936736E0,2.531859E0
1.037286E1,8.030361E0,2.673182E0
1.037703E1,8.030561E0,2.589083E0
1.038120E1,7.926199E0,2.404634E0
1.038538E1,8.156664E0,2.528447E0
1.038955E1,8.055815E0,2.460830E0
1.039372E1,8.052183E0,2.416328E0
1.039789E1,7.945735E0,2.454238E0
1.040206E1,7.920475E0,2.403238E0
1.040623E1,8.019257E0,2.308487E0
1.041040E1,7.880939E0,2.313702E0
1.041457E1,7.950141E0,2.472414E0
1.041874E1,7.905340E0,2.181550E0
1.042291E1,8.057156E0,2.512523E0
1.042708E1,8.042341E0,2.477251E0
1.043125E1,8.135782E0,2.446015E0
1.043543E1,8.074021E0,2.367654E0
1.043960E1,8.110539E0,2.300532E0
1.044377E1,8.216291E0,2.518312E0
1.044794E1,8.121072E0,2.249195E0
1.045211E1,7.954765E0,2.363791E0
1.045628E1,8.107673E0,2.537354E0
1.046045E1,8.019055E0,2.389874E0
1.046462E1,7.877780E0,2.530875E0
1.046879E1,7.985161E0,2.540871E0
1.047296E1,7.851008E0,2.385776E0
1.047713E1,7.870032E0,2.352895E0
1.048130E1,7.897841E0,2.407807E0
1.048548E1,7.977285E0,2.381626E0
1.048965E1,8.038288E0,2.054632E0
1.049382E1,7.946231E0,2.199969E0
1.049799E1,7.943092E0,2.387068E0
1.050216E1,7.924748E0,2.228039E0
1.050633E1,7.990298E0,2.098107E0
1.051050E1,7.994434E0,2.100834E0
1.051467E1,8.106349E0,2.241063E0
1.051884E1,7.969775E0,2.185626E0
1.052301E1,8.112688E0,2.482894E0
1.052718E1,8.099152E0,2.296184E0
1.053135E1,7.948445E0,2.130093E0
1.053553E1,8.085210E0,2.519544E0
1.053970E1,8.035984E0,2.412736E0
1.054387E1,7.996209E0,2.417727E0
1.054804E1,8.102057E0,2.572590E0
1.055221E1,7.983232E0,2.323013E0
1.055638E1,7.940384E0,2.367926E0
1.056055E1,8.140894E0,2.254721E0
1.056472E1,7.967009E0,2.994438E0
1.056889E1,8.041828E0,2.682776E0
1.057306E1,8.074503E0,2.837944E0
1.057723E1,8.030158E0,2.854200E0
1.058140E1,8.101469E0,2.970335E0
1.058558E1,7.947586E0,2.770645E0
1.058975E1,8.058196E0,2.867395E0
1.059392E1,7.976878E0,2.980672E0
1.059809E1,8.051399E0,3.048995E0
