,mass A,,
t,x,y,
0.000000E0,3.007229E2,-1.067655E1
4.170833E-3,2.840906E2,-8.782684E0
8.341667E-3,2.657465E2,-5.536629E0
1.251250E-2,2.459532E2,-2.554498E0
1.668333E-2,2.257755E2,1.835971E0
2.085417E-2,2.024691E2,4.364274E0
2.502500E-2,1.783162E2,6.509053E0
2.919583E-2,1.506221E2,6.028192E0
3.336667E-2,1.103244E2,1.423540E1
3.753750E-2,8.105277E1,1.342587E1
4.170833E-2,5.256448E1,1.211840E1
4.587917E-2,2.001772E1,8.527647E0
5.005000E-2,-3.868325E1,1.221509E1
5.422083E-2,-7.137547E1,1.651672E1
5.839167E-2,-1.008799E2,2.268607E1
6.256250E-2,-1.305268E2,2.570134E1
6.673333E-2,-1.577985E2,2.668284E1
7.090417E-2,-1.815993E2,2.625849E1
7.507500E-2,-2.007707E2,2.583169E1
7.924583E-2,-2.207146E2,2.448094E1
8.341667E-2,-2.387441E2,2.260335E1
8.758750E-2,-2.555157E2,2.011036E1
9.175833E-2,-2.691557E2,1.850763E1
9.592917E-2,-2.810520E2,1.587902E1
1.001000E-1,-2.929298E2,1.297185E1
1.042708E-1,-3.029280E2,1.061184E1
1.084417E-1,-3.108555E2,7.919196E0
1.126125E-1,-3.188085E2,4.066760E0
1.167833E-1,-3.247735E2,1.933061E0
1.209542E-1,-3.304476E2,-1.439749E0
1.251250E-1,-3.345775E2,-4.326152E0
1.292958E-1,-3.379632E2,-6.723382E0
1.334667E-1,-3.403514E2,-8.970194E0
1.376375E-1,-3.424772E2,-1.118305E1
1.418083E-1,-3.437693E2,-1.349798E1
1.459792E-1,-3.448362E2,-1.577383E1
1.501500E-1,-3.445134E2,-1.827034E1
1.543208E-1,-3.444156E2,-2.040652E1
1.584917E-1,-3.434659E2,-2.245411E1
1.626625E-1,-3.420592E2,-2.494490E1
1.668333E-1,-3.398750E2,-2.666985E1
1.710042E-1,-3.365786E2,-2.855536E1
1.751750E-1,-3.331863E2,-3.047820E1
1.793458E-1,-3.287954E2,-3.260009E1
1.835167E-1,-3.238338E2,-3.412348E1
1.876875E-1,-3.175228E2,-3.558416E1
1.918583E-1,-3.097903E2,-3.746505E1
1.960292E-1,-3.013016E2,-3.845302E1
2.002000E-1,-2.908979E2,-3.987473E1
2.043708E-1,-2.797695E2,-4.113233E1
2.085417E-1,-2.662607E2,-4.127581E1
2.127125E-1,-2.505904E2,-4.254322E1
2.168833E-1,-2.346070E2,-4.257307E1
2.210542E-1,-2.154729E2,-4.256080E1
2.252250E-1,-1.950895E2,-4.306860E1
2.293958E-1,-1.712995E2,-4.213539E1
2.335667E-1,-1.465311E2,-4.089542E1
2.377375E-1,-1.208304E2,-4.010159E1
2.419083E-1,-9.205775E1,-3.953067E1
2.460792E-1,-6.210260E1,-3.937852E1
2.502500E-1,-2.893258E1,-3.582251E1
2.544208E-1,5.343999E0,-3.171616E1
2.585917E-1,3.929767E1,-2.706900E1
2.627625E-1,7.252699E1,-1.896404E1
2.669333E-1,1.021659E2,-1.145488E1
2.711042E-1,1.301629E2,-3.945213E0
2.752750E-1,1.553944E2,2.940665E0
2.794458E-1,1.793195E2,8.282614E0
2.836167E-1,2.012286E2,1.363413E1
2.877875E-1,2.220675E2,1.843617E1
2.919583E-1,2.412017E2,2.339058E1
2.961292E-1,2.590630E2,2.838288E1
3.003000E-1,2.745346E2,3.319391E1
3.044708E-1,2.883073E2,3.719883E1
3.086417E-1,3.011728E2,4.257409E1
3.128125E-1,3.115109E2,4.556464E1
3.169833E-1,3.210116E2,5.013884E1
3.211542E-1,3.293376E2,5.329473E1
3.253250E-1,3.364277E2,5.700386E1
3.294958E-1,3.420617E2,6.054254E1
3.336667E-1,3.469967E2,6.373052E1
3.378375E-1,3.510530E2,6.615133E1
3.420083E-1,3.534442E2,6.728122E1
3.461792E-1,3.555692E2,7.012551E1
3.503500E-1,3.571353E2,7.376940E1
3.545208E-1,3.576384E2,7.520508E1
3.586917E-1,3.573257E2,7.818491E1
3.628625E-1,3.563000E2,7.906801E1
3.670333E-1,3.544626E2,8.114406E1
3.712042E-1,3.520304E2,8.240828E1
3.753750E-1,3.486326E2,8.352369E1
3.795458E-1,3.445350E2,8.453500E1
3.837167E-1,3.392114E2,8.557338E1
3.878875E-1,3.331804E2,8.647803E1
3.920583E-1,3.268701E2,8.855153E1
3.962292E-1,3.184327E2,8.647790E1
4.004000E-1,3.095533E2,8.515853E1
4.045708E-1,2.991745E2,8.534439E1
4.087417E-1,2.871662E2,8.431864E1
4.129125E-1,2.730330E2,8.161683E1
4.170833E-1,2.574678E2,7.741437E1
4.212542E-1,2.411643E2,7.633228E1
4.254250E-1,2.230764E2,7.442600E1
4.295958E-1,2.011501E2,6.859361E1
4.337667E-1,1.783900E2,6.294631E1
4.379375E-1,1.531606E2,5.558422E1
4.421083E-1,1.275065E2,4.890845E1
4.462792E-1,9.858075E1,4.068303E1
4.504500E-1,6.932282E1,3.444466E1
4.546208E-1,3.826988E1,2.643783E1
4.587917E-1,6.030037E0,1.696828E1
4.629625E-1,-2.646748E1,6.298928E0
4.671333E-1,-5.991755E1,-3.351161E0
4.713042E-1,-9.097151E1,-1.132451E1
4.754750E-1,-1.036491E2,-1.695745E1
4.796458E-1,-1.278939E2,-2.615158E1
4.838167E-1,-1.518770E2,-3.503007E1
4.879875E-1,-1.739976E2,-4.349292E1
4.921583E-1,-1.924057E2,-5.581153E1
4.963292E-1,-2.105036E2,-6.331582E1
5.005000E-1,-2.263233E2,-6.946496E1
5.046708E-1,-2.394486E2,-8.170411E1
5.088417E-1,-2.516457E2,-8.773373E1
5.130125E-1,-2.623590E2,-9.407478E1
5.171833E-1,-2.719999E2,-9.961362E1
5.213542E-1,-2.799342E2,-1.042806E2
5.255250E-1,-2.865732E2,-1.090296E2
5.296958E-1,-2.919898E2,-1.133520E2
5.338667E-1,-2.971116E2,-1.172536E2
5.380375E-1,-3.005621E2,-1.200357E2
5.422083E-1,-3.032762E2,-1.231183E2
5.463792E-1,-3.057062E2,-1.257624E2
5.505500E-1,-3.071431E2,-1.280039E2
5.547208E-1,-3.076065E2,-1.300789E2
5.588917E-1,-3.077219E2,-1.318029E2
5.630625E-1,-3.070931E2,-1.331084E2
5.672333E-1,-3.061147E2,-1.343047E2
5.714042E-1,-3.042135E2,-1.353055E2
5.755750E-1,-3.019449E2,-1.358600E2
5.797458E-1,-2.988183E2,-1.362374E2
5.839167E-1,-2.952287E2,-1.359838E2
5.880875E-1,-2.902567E2,-1.355626E2
5.922583E-1,-2.846526E2,-1.347432E2
5.964292E-1,-2.784657E2,-1.333218E2
6.006000E-1,-2.706134E2,-1.317878E2
6.047708E-1,-2.613601E2,-1.294316E2
6.089417E-1,-2.517934E2,-1.265855E2
6.131125E-1,-2.407356E2,-1.230638E2
6.172833E-1,-2.274915E2,-1.185883E2
6.214542E-1,-2.134722E2,-1.132241E2
6.256250E-1,-1.974190E2,-1.073295E2
6.297958E-1,-1.799278E2,-1.007000E2
6.339667E-1,-1.603507E2,-9.265680E1
6.381375E-1,-1.393944E2,-8.408129E1
6.423083E-1,-1.173779E2,-7.556318E1
6.464792E-1,-9.355003E1,-6.588173E1
6.506500E-1,-6.872549E1,-5.518010E1
6.548208E-1,-4.212904E1,-4.356275E1
6.589917E-1,-1.405278E1,-2.937981E1
6.631625E-1,1.481999E1,-1.661973E1
6.673333E-1,4.376104E1,-2.876045E0
6.715042E-1,7.213515E1,1.062704E1
6.756750E-1,9.146206E1,2.953792E1
6.798458E-1,1.157755E2,4.379246E1
6.840167E-1,1.391716E2,5.830392E1
6.881875E-1,1.569138E2,6.759821E1
6.923583E-1,1.762508E2,7.828078E1
6.965292E-1,1.933037E2,8.762753E1
7.007000E-1,2.097322E2,9.691505E1
7.048708E-1,2.247163E2,1.058983E2
7.090417E-1,2.377054E2,1.138828E2
7.132125E-1,2.494310E2,1.214380E2
7.173833E-1,2.601706E2,1.290877E2
7.215542E-1,2.689454E2,1.353175E2
7.257250E-1,2.773468E2,1.415743E2
7.298958E-1,2.839571E2,1.465784E2
7.340667E-1,2.897144E2,1.505447E2
7.382375E-1,2.947272E2,1.547758E2
7.424083E-1,2.982679E2,1.597045E2
7.465792E-1,3.012232E2,1.624865E2
7.507500E-1,3.030891E2,1.645600E2
7.549208E-1,3.045332E2,1.669428E2
7.590917E-1,3.050154E2,1.678784E2
7.632625E-1,3.048843E2,1.697163E2
7.674333E-1,3.043136E2,1.704599E2
7.716042E-1,3.026255E2,1.708156E2
7.757750E-1,3.003496E2,1.705871E2
7.799458E-1,2.968648E2,1.699274E2
7.841167E-1,2.931451E2,1.687316E2
7.882875E-1,2.885889E2,1.663633E2
7.924583E-1,2.828664E2,1.645937E2
7.966292E-1,2.764658E2,1.606482E2
8.008000E-1,2.687259E2,1.570051E2
8.049708E-1,2.601865E2,1.520684E2
8.091417E-1,2.501533E2,1.473691E2
8.133125E-1,2.392275E2,1.420054E2
8.174833E-1,2.266866E2,1.354555E2
8.216542E-1,2.124743E2,1.285673E2
8.258250E-1,1.967169E2,1.193272E2
8.299958E-1,1.801283E2,1.112727E2
8.341667E-1,1.613877E2,9.978307E1
8.383375E-1,1.413846E2,8.840915E1
8.425083E-1,1.196418E2,7.636085E1
8.466792E-1,9.717493E1,6.265180E1
8.508500E-1,7.251749E1,4.821087E1
8.550208E-1,4.931203E1,3.004412E1
8.591917E-1,2.051027E1,1.612685E1
8.633625E-1,-7.044365E0,-1.254366E0
8.675333E-1,-3.595615E1,-1.892672E1
8.717042E-1,-6.371928E1,-3.598013E1
8.758750E-1,-9.030742E1,-5.200192E1
8.800458E-1,-9.705141E1,-6.205093E1
8.842167E-1,-1.186398E2,-7.421503E1
8.883875E-1,-1.376832E2,-8.708188E1
8.925583E-1,-1.560165E2,-9.871766E1
8.967292E-1,-1.715024E2,-1.096206E2
9.009000E-1,-1.869063E2,-1.200944E2
9.050708E-1,-2.003673E2,-1.282765E2
9.092417E-1,-2.121734E2,-1.360510E2
9.134125E-1,-2.220082E2,-1.428751E2
9.175833E-1,-2.303055E2,-1.484583E2
9.217542E-1,-2.379473E2,-1.541187E2
9.259250E-1,-2.446320E2,-1.584717E2
9.300958E-1,-2.500297E2,-1.625835E2
9.342667E-1,-2.543247E2,-1.653937E2
9.384375E-1,-2.582319E2,-1.692093E2
9.426083E-1,-2.613184E2,-1.714630E2
9.467792E-1,-2.636344E2,-1.729021E2
9.509500E-1,-2.653898E2,-1.743409E2
9.551208E-1,-2.664785E2,-1.751722E2
9.592917E-1,-2.668616E2,-1.758911E2
9.634625E-1,-2.667674E2,-1.763543E2
9.676333E-1,-2.661192E2,-1.759023E2
9.718042E-1,-2.644345E2,-1.747424E2
9.759750E-1,-2.630668E2,-1.740063E2
9.801458E-1,-2.602799E2,-1.724276E2
9.843167E-1,-2.566897E2,-1.706017E2
9.884875E-1,-2.528732E2,-1.677140E2
9.926583E-1,-2.483564E2,-1.647187E2
9.968292E-1,-2.425654E2,-1.608239E2
1.001000E0,-2.357513E2,-1.566938E2
1.005171E0,-2.280461E2,-1.515903E2
1.009342E0,-2.188108E2,-1.459728E2
1.013513E0,-2.089154E2,-1.392670E2
1.017683E0,-1.966551E2,-1.324715E2
1.021854E0,-1.838610E2,-1.241483E2
1.026025E0,-1.683201E2,-1.145259E2
1.030196E0,-1.528530E2,-1.040387E2
1.034367E0,-1.346862E2,-9.199505E1
1.038538E0,-1.157173E2,-7.925119E1
1.042708E0,-9.598071E1,-6.540608E1
1.046879E0,-7.467142E1,-5.076640E1
1.051050E0,-5.073831E1,-3.467062E1
1.055221E0,-2.673794E1,-1.812143E1
1.059392E0,-6.232942E-1,-8.326461E-2
1.063563E0,2.326570E1,1.657883E1
1.067733E0,4.862199E1,3.481044E1
1.071904E0,7.013418E1,5.044698E1
1.076075E0,9.307114E1,6.751360E1
1.080246E0,1.132021E2,8.135645E1
1.084417E0,1.324420E2,9.503336E1
1.088588E0,1.472246E2,1.040551E2
1.092758E0,1.640796E2,1.163714E2
1.096929E0,1.789658E2,1.266606E2
1.101100E0,1.935238E2,1.358815E2
1.105271E0,2.055339E2,1.438754E2
1.109442E0,2.165606E2,1.513833E2
1.113613E0,2.268964E2,1.585362E2
1.117783E0,2.361062E2,1.648299E2
1.121954E0,2.444750E2,1.703352E2
1.126125E0,2.509013E2,1.746928E2
1.130296E0,2.571380E2,1.789072E2
1.134467E0,2.621848E2,1.826336E2
1.138638E0,2.663938E2,1.848676E2
1.142808E0,2.694449E2,1.874687E2
1.146979E0,2.717542E2,1.890114E2
1.151150E0,2.734109E2,1.899581E2
1.155321E0,2.743052E2,1.902091E2
1.159492E0,2.747063E2,1.901210E2
1.163663E0,2.742874E2,1.897754E2
1.167833E0,2.729367E2,1.888063E2
1.172004E0,2.709315E2,1.870353E2
1.176175E0,2.683978E2,1.845706E2
1.180346E0,2.646448E2,1.815141E2
1.184517E0,2.601032E2,1.782501E2
1.188688E0,2.547383E2,1.732949E2
1.192858E0,2.483248E2,1.681510E2
1.197029E0,2.416977E2,1.628629E2
1.201200E0,2.323505E2,1.565917E2
1.205371E0,2.231571E2,1.499776E2
1.209542E0,2.122689E2,1.419877E2
1.213713E0,1.993148E2,1.322842E2
1.217883E0,1.862841E2,1.235072E2
1.222054E0,1.711863E2,1.130943E2
1.226225E0,1.549504E2,1.017345E2
1.230396E0,1.371506E2,8.930577E1
1.234567E0,1.174320E2,7.526374E1
1.238738E0,9.716777E1,6.128144E1
1.242908E0,7.435510E1,4.513563E1
1.247079E0,5.087244E1,2.951140E1
1.251250E0,2.666052E1,1.193053E1
1.255421E0,-5.225856E-1,-7.796181E0
1.259592E0,-2.752357E1,-2.377993E1
1.263763E0,-5.513605E1,-4.027735E1
1.267933E0,-8.044576E1,-5.596754E1
1.272104E0,-1.036864E2,-6.897798E1
1.276275E0,-1.152086E2,-7.695738E1
1.280446E0,-1.328003E2,-8.763336E1
1.284617E0,-1.511786E2,-9.884818E1
1.288788E0,-1.681150E2,-1.086204E2
1.292958E0,-1.829128E2,-1.173054E2
1.297129E0,-1.957927E2,-1.251455E2
1.301300E0,-2.074595E2,-1.316290E2
1.305471E0,-2.182361E2,-1.376791E2
1.309642E0,-2.277104E2,-1.426276E2
1.313813E0,-2.354802E2,-1.468502E2
1.317983E0,-2.427235E2,-1.506469E2
1.322154E0,-2.485057E2,-1.536996E2
1.326325E0,-2.536937E2,-1.564184E2
1.330496E0,-2.574977E2,-1.583604E2
1.334667E0,-2.605978E2,-1.598654E2
1.338838E0,-2.632342E2,-1.610683E2
1.343008E0,-2.649100E2,-1.612723E2
1.347179E0,-2.660500E2,-1.614549E2
1.351350E0,-2.665878E2,-1.616717E2
1.355521E0,-2.666628E2,-1.612648E2
1.359692E0,-2.658089E2,-1.598775E2
1.363863E0,-2.645811E2,-1.583211E2
1.368033E0,-2.622784E2,-1.568083E2
1.372204E0,-2.594683E2,-1.545694E2
1.376375E0,-2.559227E2,-1.513896E2
1.380546E0,-2.518744E2,-1.483793E2
1.384717E0,-2.464106E2,-1.450685E2
1.388888E0,-2.403613E2,-1.405226E2
1.393058E0,-2.327155E2,-1.358759E2
1.397229E0,-2.247284E2,-1.302412E2
1.401400E0,-2.139686E2,-1.237222E2
1.405571E0,-2.029824E2,-1.170134E2
1.409742E0,-1.895131E2,-1.090141E2
1.413913E0,-1.750003E2,-9.999797E1
1.418083E0,-1.586287E2,-8.983716E1
1.422254E0,-1.424372E2,-7.980918E1
1.426425E0,-1.223862E2,-6.774815E1
1.430596E0,-1.021514E2,-5.452445E1
1.434767E0,-8.028667E1,-4.176090E1
1.438938E0,-5.766926E1,-2.778147E1
1.443108E0,-3.354186E1,-1.407249E1
1.447279E0,-6.588845E0,1.808486E0
1.451450E0,1.987562E1,1.836250E1
1.455621E0,4.437890E1,3.223403E1
1.459792E0,6.861988E1,4.601664E1
1.463963E0,9.096028E1,6.072291E1
1.468133E0,1.118723E2,7.253426E1
1.472304E0,1.322196E2,8.403113E1
1.476475E0,1.501275E2,9.431104E1
1.480646E0,1.665949E2,1.027709E2
1.484817E0,1.822123E2,1.105580E2
1.488988E0,1.961769E2,1.172906E2
1.493158E0,2.101885E2,1.253880E2
1.497329E0,2.221746E2,1.311327E2
1.501500E0,2.324642E2,1.352901E2
1.505671E0,2.421957E2,1.397376E2
1.509842E0,2.502639E2,1.431195E2
1.514013E0,2.574563E2,1.468959E2
1.518183E0,2.634298E2,1.496413E2
1.522354E0,2.685155E2,1.514468E2
1.526525E0,2.732041E2,1.537853E2
1.530696E0,2.765622E2,1.548234E2
1.534867E0,2.788801E2,1.566791E2
1.539038E0,2.806713E2,1.565935E2
1.543208E0,2.815467E2,1.564085E2
1.547379E0,2.815784E2,1.556182E2
1.551550E0,2.807716E2,1.544608E2
1.555721E0,2.789921E2,1.531982E2
1.559892E0,2.764491E2,1.505022E2
1.564063E0,2.733285E2,1.481719E2
1.568233E0,2.686235E2,1.446378E2
1.572404E0,2.631909E2,1.415466E2
1.576575E0,2.569973E2,1.374785E2
1.580746E0,2.494794E2,1.320956E2
1.584917E0,2.411502E2,1.271611E2
1.589088E0,2.312748E2,1.216071E2
1.593258E0,2.199638E2,1.155006E2
1.597429E0,2.074653E2,1.079373E2
1.601600E0,1.932670E2,1.001733E2
1.605771E0,1.783237E2,9.190434E1
1.609942E0,1.616208E2,8.280690E1
1.614113E0,1.436502E2,7.275318E1
1.618283E0,1.231406E2,6.233001E1
1.622454E0,1.014366E2,4.929050E1
1.626625E0,7.858436E1,3.677135E1
1.630796E0,5.482914E1,2.132202E1
1.634967E0,2.896899E1,7.592588E0
1.639138E0,2.491112E0,-6.319616E0
1.643308E0,-2.553207E1,-2.079426E1
1.647479E0,-5.265115E1,-3.154823E1
1.651650E0,-7.853155E1,-4.325384E1
1.655821E0,-1.034345E2,-5.361637E1
1.659992E0,-1.247097E2,-6.275740E1
1.664163E0,-1.440749E2,-7.062887E1
1.668333E0,-1.576169E2,-7.777652E1
1.672504E0,-1.728191E2,-8.463633E1
1.676675E0,-1.878382E2,-9.172015E1
1.680846E0,-2.014994E2,-9.795594E1
1.685017E0,-2.137430E2,-1.035163E2
1.689188E0,-2.242799E2,-1.081612E2
1.693358E0,-2.341917E2,-1.119130E2
1.697529E0,-2.424357E2,-1.155442E2
1.701700E0,-2.500706E2,-1.186132E2
1.705871E0,-2.559462E2,-1.208995E2
1.710042E0,-2.607298E2,-1.231024E2
1.714213E0,-2.648000E2,-1.245165E2
1.718383E0,-2.680620E2,-1.257176E2
1.722554E0,-2.704243E2,-1.266215E2
1.726725E0,-2.719891E2,-1.267115E2
1.730896E0,-2.729950E2,-1.269319E2
1.735067E0,-2.728603E2,-1.266063E2
1.739238E0,-2.728322E2,-1.264743E2
1.743408E0,-2.708490E2,-1.250353E2
1.747579E0,-2.695888E2,-1.243076E2
1.751750E0,-2.665916E2,-1.226607E2
1.755921E0,-2.632185E2,-1.209573E2
1.760092E0,-2.586313E2,-1.178973E2
1.764263E0,-2.530878E2,-1.148483E2
1.768433E0,-2.463368E2,-1.117897E2
1.772604E0,-2.386769E2,-1.077524E2
1.776775E0,-2.300455E2,-1.034962E2
1.780946E0,-2.196270E2,-9.873801E1
1.785117E0,-2.088081E2,-9.297004E1
1.789288E0,-1.953154E2,-8.700731E1
1.793458E0,-1.807394E2,-7.986780E1
1.797629E0,-1.651142E2,-7.248076E1
1.801800E0,-1.479395E2,-6.455562E1
1.805971E0,-1.275509E2,-5.494735E1
1.810142E0,-1.047614E2,-4.371705E1
1.814313E0,-8.089542E1,-3.267270E1
1.818483E0,-5.670748E1,-2.073427E1
1.822654E0,-2.852775E1,-6.947337E0
1.826825E0,-3.718488E0,5.120513E0
1.830996E0,2.117676E1,1.739089E1
1.835167E0,4.628824E1,2.921153E1
1.839338E0,7.021811E1,4.101636E1
1.843508E0,9.260750E1,5.196965E1
1.847679E0,1.133085E2,6.243660E1
1.851850E0,1.335921E2,7.181302E1
1.856021E0,1.514908E2,8.002050E1
1.860192E0,1.681371E2,8.831841E1
1.864363E0,1.835233E2,9.493079E1
1.868533E0,1.982446E2,1.022145E2
1.872704E0,2.093682E2,1.052500E2
1.876875E0,2.212876E2,1.102861E2
1.881046E0,2.312483E2,1.137173E2
1.885217E0,2.404544E2,1.162092E2
1.889388E0,2.492593E2,1.210231E2
1.893558E0,2.562338E2,1.232210E2
1.897729E0,2.625416E2,1.249462E2
1.901900E0,2.674134E2,1.263254E2
1.906071E0,2.714338E2,1.281111E2
1.910242E0,2.745843E2,1.287831E2
1.914413E0,2.763689E2,1.294904E2
1.918583E0,2.780662E2,1.303442E2
1.922754E0,2.783412E2,1.299493E2
1.926925E0,2.774776E2,1.281570E2
1.931096E0,2.762655E2,1.279493E2
1.935267E0,2.742124E2,1.267964E2
1.939438E0,2.702932E2,1.236786E2
1.943608E0,2.662093E2,1.221091E2
1.947779E0,2.601664E2,1.177251E2
1.951950E0,2.542794E2,1.150027E2
1.956121E0,2.462015E2,1.106113E2
1.960292E0,2.382447E2,1.071373E2
1.964463E0,2.274499E2,1.001953E2
1.968633E0,2.161914E2,9.534564E1
1.972804E0,2.044839E2,8.979195E1
1.976975E0,1.901160E2,8.343487E1
1.981146E0,1.744134E2,7.508335E1
1.985317E0,1.570689E2,6.671486E1
1.989488E0,1.404084E2,5.897315E1
1.993658E0,1.195446E2,4.887051E1
1.997829E0,9.849091E1,3.917035E1
2.002000E0,7.400362E1,2.760663E1
2.006171E0,5.063632E1,1.674895E1
2.010342E0,2.322596E1,2.321875E0
2.014513E0,-2.849451E0,-7.769843E0
2.018683E0,-3.022391E1,-2.029118E1
2.022854E0,-5.758546E1,-2.967918E1
2.027025E0,-8.384847E1,-3.764999E1
2.031196E0,-1.070805E2,-4.390884E1
2.035367E0,-1.270360E2,-5.049935E1
2.039538E0,-1.483984E2,-5.706873E1
2.043708E0,-1.650622E2,-6.243882E1
2.047879E0,-1.808425E2,-6.776966E1
2.052050E0,-1.942882E2,-7.211979E1
2.056221E0,-2.074318E2,-7.625626E1
2.060392E0,-2.204446E2,-7.992768E1
2.064563E0,-2.307939E2,-8.329952E1
2.068733E0,-2.389722E2,-8.624271E1
2.072904E0,-2.468560E2,-8.846989E1
2.077075E0,-2.527805E2,-9.097070E1
2.081246E0,-2.589576E2,-9.287809E1
2.085417E0,-2.628869E2,-9.398922E1
2.089588E0,-2.666476E2,-9.525730E1
2.093758E0,-2.694955E2,-9.606536E1
2.097929E0,-2.716364E2,-9.648173E1
2.102100E0,-2.729144E2,-9.650473E1
2.106271E0,-2.732139E2,-9.682488E1
2.110442E0,-2.725967E2,-9.620067E1
2.114613E0,-2.712459E2,-9.521884E1
2.118783E0,-2.696498E2,-9.434343E1
2.122954E0,-2.663877E2,-9.318275E1
2.127125E0,-2.630829E2,-9.139429E1
2.131296E0,-2.581840E2,-8.952709E1
2.135467E0,-2.523402E2,-8.718630E1
2.139638E0,-2.463884E2,-8.464904E1
2.143808E0,-2.394723E2,-8.159029E1
2.147979E0,-2.312708E2,-7.813180E1
2.152150E0,-2.222440E2,-7.479633E1
2.156321E0,-2.113683E2,-7.065056E1
2.160492E0,-1.981626E2,-6.686790E1
2.164663E0,-1.844966E2,-6.221517E1
2.168833E0,-1.687035E2,-5.679900E1
2.173004E0,-1.513585E2,-5.106691E1
2.177175E0,-1.319345E2,-4.548207E1
2.181346E0,-1.097090E2,-4.085098E1
2.185517E0,-8.789713E1,-3.577854E1
2.189688E0,-6.498672E1,-3.103233E1
2.193858E0,-4.333033E1,-2.348794E1
2.198029E0,-2.020251E1,-1.538817E1
2.202200E0,4.223301E0,-7.005783E0
2.206371E0,2.816526E1,3.073996E0
2.210542E0,5.298401E1,9.751287E0
2.214713E0,7.544069E1,1.744762E1
2.218883E0,9.592714E1,2.475386E1
2.223054E0,1.138933E2,3.392754E1
2.227225E0,1.307336E2,4.248395E1
2.231396E0,1.477371E2,4.844371E1
2.235567E0,1.602145E2,5.417532E1
2.239738E0,1.696026E2,6.036219E1
2.243908E0,1.801883E2,6.504337E1
2.248079E0,1.912301E2,6.798778E1
2.252250E0,2.010479E2,7.120150E1
2.256421E0,2.098397E2,7.342346E1
2.260592E0,2.171174E2,7.568908E1
2.264763E0,2.221996E2,7.633129E1
2.268933E0,2.269266E2,7.796081E1
2.273104E0,2.316065E2,7.915141E1
2.277275E0,2.349854E2,7.963640E1
2.281446E0,2.370801E2,8.028487E1
2.285617E0,2.379751E2,8.060871E1
2.289788E0,2.389930E2,8.041295E1
2.293958E0,2.375437E2,7.984497E1
2.298129E0,2.353270E2,7.941060E1
2.302300E0,2.323380E2,7.845878E1
2.306471E0,2.281301E2,7.697279E1
2.310642E0,2.235707E2,7.526765E1
2.314813E0,2.186232E2,7.314362E1
2.318983E0,2.109146E2,7.117719E1
2.323154E0,2.036006E2,6.947720E1
2.327325E0,1.940436E2,6.717141E1
2.331496E0,1.866169E2,6.352536E1
2.335667E0,1.755746E2,5.954721E1
2.339838E0,1.592561E2,5.707923E1
2.344008E0,1.457285E2,5.253431E1
2.348179E0,1.304068E2,4.654304E1
2.352350E0,1.133233E2,4.044420E1
2.356521E0,1.019495E2,2.392513E1
2.360692E0,8.130673E1,1.619213E1
2.364863E0,5.529955E1,1.399410E1
2.369033E0,3.343826E1,4.396192E0
2.373204E0,8.553588E0,-4.503129E0
2.377375E0,-1.650942E1,-1.055694E1
2.381546E0,-3.665314E1,-2.077171E1
2.385717E0,-6.380775E1,-2.093584E1
2.389888E0,-8.589669E1,-2.620337E1
2.394058E0,-1.065816E2,-3.127366E1
2.398229E0,-1.265829E2,-3.673877E1
2.402400E0,-1.444500E2,-4.244897E1
2.406571E0,-1.612830E2,-4.745971E1
2.410742E0,-1.768928E2,-5.257447E1
2.414913E0,-1.903699E2,-5.700795E1
2.419083E0,-2.024719E2,-6.165994E1
2.423254E0,-2.132978E2,-6.602518E1
2.427425E0,-2.227637E2,-6.968033E1
2.431596E0,-2.307399E2,-7.343417E1
2.435767E0,-2.377079E2,-7.700384E1
2.439938E0,-2.435492E2,-7.994467E1
2.444108E0,-2.491832E2,-8.294479E1
2.448279E0,-2.524982E2,-8.486499E1
2.452450E0,-2.562219E2,-8.699191E1
2.456621E0,-2.573829E2,-8.809570E1
2.460792E0,-2.592240E2,-8.913481E1
2.464963E0,-2.601553E2,-8.972517E1
2.469133E0,-2.596255E2,-8.997438E1
2.473304E0,-2.590465E2,-8.994201E1
2.477475E0,-2.577560E2,-8.986835E1
2.481646E0,-2.547072E2,-8.912128E1
2.485817E0,-2.513090E2,-8.817080E1
2.489988E0,-2.478097E2,-8.687585E1
2.494158E0,-2.434868E2,-8.578702E1
2.498329E0,-2.376208E2,-8.360922E1
2.502500E0,-2.307296E2,-8.164139E1
2.506671E0,-2.222389E2,-7.916619E1
2.510842E0,-2.134926E2,-7.590193E1
2.515013E0,-2.035689E2,-7.251876E1
2.519183E0,-1.915359E2,-6.896412E1
2.523354E0,-1.786239E2,-6.464095E1
2.527525E0,-1.638686E2,-6.015333E1
2.531696E0,-1.471917E2,-5.488381E1
2.535867E0,-1.283431E2,-5.000657E1
2.540038E0,-1.086914E2,-4.496183E1
2.544208E0,-8.778748E1,-3.893184E1
2.548379E0,-6.423281E1,-3.562854E1
2.552550E0,-4.264662E1,-2.964537E1
2.556721E0,-2.141375E1,-2.050709E1
2.560892E0,1.135290E0,-1.195714E1
2.565063E0,2.461227E1,-2.379264E0
2.569233E0,4.608199E1,6.813963E0
2.573404E0,6.727685E1,1.520384E1
2.577575E0,8.864352E1,2.260550E1
2.581746E0,1.056259E2,3.247884E1
2.585917E0,1.212033E2,4.105641E1
2.590088E0,1.346570E2,5.044448E1
2.594258E0,1.494116E2,5.613889E1
2.598429E0,1.604743E2,6.212335E1
2.602600E0,1.691295E2,6.734960E1
2.606771E0,1.795001E2,7.156693E1
2.610942E0,1.874694E2,7.541421E1
2.615113E0,1.958806E2,7.858475E1
2.619283E0,2.018548E2,8.121680E1
2.623454E0,2.073755E2,8.355438E1
2.627625E0,2.121751E2,8.572054E1
2.631796E0,2.152063E2,8.663159E1
2.635967E0,2.181022E2,8.783811E1
2.640138E0,2.190898E2,8.849156E1
2.644308E0,2.193119E2,8.860144E1
2.648479E0,2.197433E2,8.797307E1
2.652650E0,2.180856E2,8.799034E1
2.656821E0,2.158595E2,8.709110E1
2.660992E0,2.123619E2,8.648328E1
2.665163E0,2.083916E2,8.473259E1
2.669333E0,2.041283E2,8.268230E1
2.673504E0,1.974678E2,8.008305E1
2.677675E0,1.898365E2,7.770710E1
2.681846E0,1.822581E2,7.421828E1
2.686017E0,1.725829E2,7.101679E1
2.690188E0,1.616968E2,6.741888E1
2.694358E0,1.482321E2,6.405252E1
2.698529E0,1.351444E2,5.920683E1
2.702700E0,1.203326E2,5.334183E1
2.706871E0,1.149893E2,3.613038E1
2.711042E0,9.651125E1,2.842783E1
2.715213E0,7.763101E1,1.949607E1
2.719383E0,5.254436E1,1.545450E1
2.723554E0,3.101748E1,5.918542E0
2.727725E0,7.134243E0,-3.086904E0
2.731896E0,-1.595759E1,-1.022877E1
2.736067E0,-3.850957E1,-1.755437E1
2.740238E0,-6.042472E1,-2.356968E1
2.744408E0,-8.086624E1,-3.025677E1
2.748579E0,-1.004169E2,-3.639233E1
2.752750E0,-1.188954E2,-4.313007E1
2.756921E0,-1.358835E2,-4.936978E1
2.761092E0,-1.518598E2,-5.514954E1
2.765263E0,-1.656288E2,-6.058336E1
2.769433E0,-1.785385E2,-6.639204E1
2.773604E0,-1.900524E2,-7.153993E1
2.777775E0,-1.998419E2,-7.578480E1
2.781946E0,-2.087226E2,-7.999828E1
2.786117E0,-2.165593E2,-8.386334E1
2.790288E0,-2.226303E2,-8.711254E1
2.794458E0,-2.283195E2,-9.019630E1
2.798629E0,-2.334075E2,-9.290890E1
2.802800E0,-2.367629E2,-9.481157E1
2.806971E0,-2.402243E2,-9.691187E1
2.811142E0,-2.419591E2,-9.777851E1
2.815313E0,-2.436554E2,-9.876119E1
2.819483E0,-2.433855E2,-9.895707E1
2.823654E0,-2.432455E2,-9.907950E1
2.827825E0,-2.425998E2,-9.864079E1
2.831996E0,-2.405693E2,-9.780703E1
2.836167E0,-2.375699E2,-9.679232E1
2.840338E0,-2.335594E2,-9.501430E1
2.844508E0,-2.288033E2,-9.288198E1
2.848679E0,-2.236366E2,-9.063035E1
2.852850E0,-2.170095E2,-8.797812E1
2.857021E0,-2.092781E2,-8.498790E1
2.861192E0,-2.013544E2,-8.161414E1
2.865363E0,-1.914139E2,-7.754623E1
2.869533E0,-1.799135E2,-7.282520E1
2.873704E0,-1.668192E2,-6.801453E1
2.877875E0,-1.523534E2,-6.256632E1
2.882046E0,-1.376766E2,-5.640210E1
2.886217E0,-1.204581E2,-5.047601E1
2.890388E0,-1.012355E2,-4.367147E1
2.894558E0,-8.155113E1,-3.782830E1
2.898729E0,-5.970734E1,-3.329411E1
2.902900E0,-3.933218E1,-2.605530E1
2.907071E0,-1.952489E1,-1.780056E1
2.911242E0,1.173989E0,-7.768070E0
2.915413E0,2.339717E1,2.294072E0
2.919583E0,4.362642E1,1.253904E1
2.923754E0,6.355057E1,2.035215E1
2.927925E0,8.256181E1,2.843415E1
2.932096E0,9.932571E1,3.729041E1
2.936267E0,1.114816E2,4.837858E1
2.940438E0,1.258904E2,5.491037E1
2.944608E0,1.389413E2,6.092684E1
2.948779E0,1.530311E2,6.529500E1
2.952950E0,1.634799E2,7.017269E1
2.957121E0,1.688407E2,7.513003E1
2.961292E0,1.748645E2,7.912570E1
2.965463E0,1.818382E2,8.189750E1
2.969633E0,1.894593E2,8.446027E1
2.973804E0,1.945471E2,8.656583E1
2.977975E0,1.973328E2,8.794163E1
2.982146E0,2.008019E2,8.915624E1
2.986317E0,2.032207E2,8.905543E1
2.990488E0,2.051009E2,8.938790E1
2.994658E0,2.044114E2,8.896316E1
2.998829E0,2.040733E2,8.826644E1
3.003000E0,2.012252E2,8.716206E1
3.007171E0,1.998000E2,8.550674E1
3.011342E0,1.957013E2,8.351395E1
3.015513E0,1.911381E2,8.109715E1
3.019683E0,1.854375E2,7.830586E1
3.023854E0,1.792687E2,7.485981E1
3.028025E0,1.724254E2,7.118140E1
3.032196E0,1.632225E2,6.718152E1
3.036367E0,1.503989E2,6.427867E1
3.040538E0,1.390568E2,5.901306E1
3.044708E0,1.275561E2,5.236446E1
3.048879E0,1.139178E2,4.476626E1
3.053050E0,9.957861E1,3.654416E1
3.057221E0,8.716354E1,2.202306E1
3.061392E0,6.642481E1,1.632125E1
3.065563E0,4.742062E1,6.351625E0
3.069733E0,2.523230E1,-1.031964E0
3.073904E0,5.352720E0,-1.354463E1
3.078075E0,-1.983046E1,-1.621208E1
3.082246E0,-3.823518E1,-2.529837E1
3.086417E0,-6.005833E1,-3.118615E1
3.090588E0,-8.030079E1,-3.465292E1
3.094758E0,-9.913177E1,-4.106220E1
3.098929E0,-1.174246E2,-4.573697E1
3.103100E0,-1.342006E2,-5.040792E1
3.107271E0,-1.495034E2,-5.502974E1
3.111442E0,-1.634154E2,-5.946305E1
3.115613E0,-1.757433E2,-6.350873E1
3.119783E0,-1.862048E2,-6.716367E1
3.123954E0,-1.958363E2,-7.012323E1
3.128125E0,-2.045892E2,-7.303669E1
3.132296E0,-2.122773E2,-7.592188E1
3.136467E0,-2.185238E2,-7.802101E1
3.140638E0,-2.239891E2,-7.969957E1
3.144808E0,-2.286445E2,-8.161186E1
3.148979E0,-2.318526E2,-8.271568E1
3.153150E0,-2.345726E2,-8.378451E1
3.157321E0,-2.357549E2,-8.394129E1
3.161492E0,-2.363448E2,-8.411199E1
3.165663E0,-2.366638E2,-8.373042E1
3.169833E0,-2.354311E2,-8.312944E1
3.174004E0,-2.337580E2,-8.182497E1
3.178175E0,-2.314541E2,-8.072931E1
3.182346E0,-2.278211E2,-7.858075E1
3.186517E0,-2.232429E2,-7.692286E1
3.190688E0,-2.179720E2,-7.431674E1
3.194858E0,-2.112697E2,-7.196768E1
3.199029E0,-2.039308E2,-6.871153E1
3.203200E0,-1.946967E2,-6.514455E1
3.207371E0,-1.844032E2,-6.113601E1
3.211542E0,-1.733426E2,-5.703112E1
3.215713E0,-1.603192E2,-5.301024E1
3.219883E0,-1.463897E2,-4.785342E1
3.224054E0,-1.303100E2,-4.314675E1
3.228225E0,-1.141062E2,-3.750215E1
3.232396E0,-9.444588E1,-3.337894E1
3.236567E0,-7.377190E1,-2.864233E1
3.240738E0,-5.331544E1,-2.511309E1
3.244908E0,-3.351633E1,-2.140732E1
3.249079E0,-1.441699E1,-1.153325E1
3.253250E0,7.703369E0,-5.327555E0
3.257421E0,2.957389E1,2.369316E0
3.261592E0,4.857972E1,1.053042E1
3.265763E0,6.708407E1,1.686221E1
3.269933E0,8.653776E1,2.241994E1
3.274104E0,1.009092E2,2.978678E1
3.278275E0,1.173080E2,3.522970E1
3.282446E0,1.300531E2,4.105399E1
3.286617E0,1.434900E2,4.538887E1
3.290788E0,1.547577E2,4.959189E1
3.294958E0,1.656179E2,5.250867E1
3.299129E0,1.731222E2,5.610350E1
3.303300E0,1.799788E2,5.901135E1
3.307471E0,1.852097E2,6.128651E1
3.311642E0,1.910515E2,6.311638E1
3.315813E0,1.935357E2,6.522828E1
3.319983E0,1.958055E2,6.629169E1
3.324154E0,2.002455E2,6.637219E1
3.328325E0,2.021201E2,6.650520E1
3.332496E0,2.025565E2,6.638657E1
3.336667E0,2.006878E2,6.611994E1
3.340838E0,1.999907E2,6.522301E1
3.345008E0,1.962026E2,6.408672E1
3.349179E0,1.930786E2,6.244173E1
3.353350E0,1.877352E2,6.054382E1
3.357521E0,1.810561E2,5.827543E1
3.361692E0,1.739635E2,5.608035E1
3.365863E0,1.657705E2,5.354633E1
3.370033E0,1.556843E2,5.056674E1
3.374204E0,1.406637E2,5.036177E1
3.378375E0,1.293973E2,4.571440E1
3.382546E0,1.166010E2,4.066947E1
3.386717E0,1.025192E2,3.433311E1
3.390888E0,9.356367E1,2.045657E1
3.395058E0,7.570942E1,1.358138E1
3.399229E0,5.754976E1,6.339652E0
3.403400E0,3.769189E1,-3.935668E-1
3.407571E0,1.547269E1,-7.648171E0
3.411742E0,-4.241507E0,-1.632671E1
3.415913E0,-2.563713E1,-2.455468E1
3.420083E0,-4.598489E1,-3.193536E1
3.424254E0,-6.460730E1,-3.856988E1
3.428425E0,-8.310260E1,-4.505547E1
3.432596E0,-9.965014E1,-5.088883E1
3.436767E0,-9.552291E1,-3.163531E1
3.440938E0,-1.115005E2,-3.755011E1
3.445108E0,-1.258538E2,-4.344603E1
3.449279E0,-1.393621E2,-4.843748E1
3.453450E0,-1.515562E2,-5.372720E1
3.457621E0,-1.620910E2,-5.872049E1
3.461792E0,-1.716474E2,-6.307803E1
3.465963E0,-1.802889E2,-6.661781E1
3.470133E0,-1.874867E2,-6.971185E1
3.474304E0,-1.934962E2,-7.225622E1
3.478475E0,-1.980275E2,-7.431334E1
3.482646E0,-2.015897E2,-7.674500E1
3.486817E0,-2.045352E2,-7.813184E1
3.490988E0,-2.065138E2,-7.887555E1
3.495158E0,-2.067685E2,-7.957442E1
3.499329E0,-2.065791E2,-7.999163E1
3.503500E0,-2.049778E2,-8.019175E1
3.507671E0,-2.025480E2,-7.981602E1
3.511842E0,-1.992451E2,-7.892410E1
3.516013E0,-1.947386E2,-7.811111E1
3.520183E0,-1.888848E2,-7.688734E1
3.524354E0,-1.821952E2,-7.496451E1
3.528525E0,-1.744658E2,-7.252399E1
3.532696E0,-1.656943E2,-7.006750E1
3.536867E0,-1.555164E2,-6.683548E1
3.541038E0,-1.443128E2,-6.301848E1
3.545208E0,-1.313926E2,-5.876536E1
3.549379E0,-1.181782E2,-5.390930E1
3.553550E0,-1.031105E2,-4.878425E1
3.557721E0,-8.714048E1,-4.378222E1
3.561892E0,-6.924503E1,-3.805054E1
3.566063E0,-5.069991E1,-3.082952E1
3.570233E0,-3.237495E1,-2.405499E1
3.574404E0,-1.129376E1,-1.581451E1
3.578575E0,1.094027E1,-6.815414E0
3.582746E0,3.151184E1,2.113292E0
3.586917E0,5.246309E1,1.149864E1
3.591088E0,7.247279E1,2.040514E1
3.595258E0,9.069569E1,2.913085E1
3.599429E0,1.085073E2,3.800953E1
3.603600E0,1.255250E2,4.546563E1
3.607771E0,1.402206E2,5.198647E1
3.611942E0,1.543663E2,5.876093E1
3.616113E0,1.668078E2,6.487147E1
3.620283E0,1.777659E2,7.044508E1
3.624454E0,1.870938E2,7.523535E1
3.628625E0,1.954005E2,7.944727E1
3.632796E0,2.024381E2,8.452180E1
3.636967E0,2.080927E2,8.722463E1
3.641138E0,2.131009E2,9.072155E1
3.645308E0,2.167232E2,9.388998E1
3.649479E0,2.195729E2,9.550484E1
3.653650E0,2.214922E2,9.651686E1
3.657821E0,2.223527E2,9.705857E1
3.661992E0,2.222766E2,9.733866E1
3.666163E0,2.206714E2,9.721726E1
3.670333E0,2.183754E2,9.675538E1
3.674504E0,2.154146E2,9.517746E1
3.678675E0,2.110943E2,9.336650E1
3.682846E0,2.055351E2,9.157531E1
3.687017E0,1.990837E2,8.885333E1
3.691188E0,1.917223E2,8.587476E1
3.695358E0,1.826220E2,8.171928E1
3.699529E0,1.724465E2,7.726131E1
3.703700E0,1.603524E2,7.304597E1
3.707871E0,1.476536E2,6.765662E1
3.712042E0,1.327163E2,6.141949E1
3.716213E0,1.171169E2,5.453478E1
3.720383E0,1.003351E2,4.740455E1
3.724554E0,8.148313E1,3.944919E1
3.728725E0,6.230158E1,3.200583E1
3.732896E0,4.299931E1,2.223578E1
3.737067E0,2.168100E1,1.201737E1
3.741238E0,1.431225E0,2.044615E0
3.745408E0,-2.209784E1,-9.616046E0
3.749579E0,-3.897587E1,-1.745596E1
3.753750E0,-5.675320E1,-2.700449E1
3.757921E0,-7.378581E1,-3.600187E1
3.762092E0,-8.988707E1,-4.377005E1
3.766263E0,-1.042215E2,-5.104937E1
3.770433E0,-1.163776E2,-5.710882E1
3.774604E0,-1.283739E2,-6.338287E1
3.778775E0,-1.395134E2,-6.894780E1
3.782946E0,-1.491819E2,-7.400067E1
3.787117E0,-1.574221E2,-7.835762E1
3.791288E0,-1.642500E2,-8.249113E1
3.795458E0,-1.702795E2,-8.550125E1
3.799629E0,-1.754648E2,-8.854307E1
3.803800E0,-1.801633E2,-9.103826E1
3.807971E0,-1.831167E2,-9.286187E1
3.812142E0,-1.848581E2,-9.390543E1
3.816313E0,-1.857152E2,-9.475943E1
3.820483E0,-1.861543E2,-9.513082E1
3.824654E0,-1.853038E2,-9.471237E1
3.828825E0,-1.836944E2,-9.419716E1
3.832996E0,-1.808634E2,-9.312449E1
3.837167E0,-1.768544E2,-9.140579E1
3.841338E0,-1.721267E2,-8.903402E1
3.845508E0,-1.664996E2,-8.624255E1
3.849679E0,-1.592710E2,-8.289216E1
3.853850E0,-1.518521E2,-7.916946E1
3.858021E0,-1.427304E2,-7.458278E1
3.862192E0,-1.327570E2,-6.963147E1
3.866363E0,-1.213215E2,-6.400651E1
3.870533E0,-1.092426E2,-5.768193E1
3.874704E0,-9.610884E1,-5.077118E1
3.878875E0,-8.136914E1,-4.311804E1
3.883046E0,-6.610580E1,-3.479702E1
3.887217E0,-4.831152E1,-2.605575E1
3.891388E0,-3.104974E1,-1.672902E1
3.895558E0,-1.272211E1,-6.918692E0
3.899729E0,7.524567E0,4.034511E0
3.903900E0,2.642242E1,1.480005E1
3.908071E0,4.419236E1,2.543224E1
3.912242E0,6.385423E1,3.490049E1
3.916413E0,7.738588E1,4.508764E1
3.920583E0,9.054132E1,5.325345E1
3.924754E0,1.047996E2,6.181688E1
3.928925E0,1.160552E2,6.949261E1
3.933096E0,1.254139E2,7.396210E1
3.937267E0,1.375990E2,8.194288E1
3.941438E0,1.463985E2,8.717642E1
3.945608E0,1.553021E2,9.297401E1
3.949779E0,1.623157E2,9.646575E1
3.953950E0,1.689734E2,1.005772E2
3.958121E0,1.753957E2,1.038255E2
3.962292E0,1.796690E2,1.058323E2
3.966463E0,1.832240E2,1.079897E2
3.970633E0,1.856895E2,1.081006E2
3.974804E0,1.870347E2,1.084035E2
3.978975E0,1.876810E2,1.078133E2
3.983146E0,1.871793E2,1.073884E2
3.987317E0,1.855935E2,1.052378E2
3.991488E0,1.827053E2,1.030408E2
3.995658E0,1.793823E2,1.009749E2
3.999829E0,1.741135E2,9.740601E1
4.004000E0,1.682533E2,9.341653E1
4.008171E0,1.617311E2,8.887386E1
4.012342E0,1.532955E2,8.341873E1
4.016513E0,1.444041E2,7.807375E1
4.020683E0,1.345977E2,7.188345E1
4.024854E0,1.233948E2,6.512944E1
4.029025E0,1.107239E2,5.695005E1
4.033196E0,9.734655E1,4.932034E1
4.037367E0,8.243013E1,4.012281E1
4.041538E0,6.701726E1,3.144048E1
4.045708E0,4.996893E1,2.141683E1
4.049879E0,3.242251E1,1.113850E1
4.054050E0,1.222092E1,2.818611E-1
4.058221E0,-7.470781E0,-1.002112E1
4.062392E0,-2.767044E1,-1.896070E1
4.066563E0,-4.569577E1,-2.684597E1
4.070733E0,-6.391430E1,-3.458553E1
4.074904E0,-8.050049E1,-4.193180E1
4.079075E0,-9.689692E1,-4.861192E1
4.083246E0,-1.109916E2,-5.453412E1
4.087417E0,-1.233901E2,-5.901295E1
4.091588E0,-1.345111E2,-6.300563E1
4.095758E0,-1.451970E2,-6.700696E1
4.099929E0,-1.600695E2,-7.459906E1
4.104100E0,-1.655634E2,-7.489083E1
4.108271E0,-1.725768E2,-7.683789E1
4.112442E0,-1.809121E2,-8.029830E1
4.116613E0,-1.858126E2,-8.146159E1
4.120783E0,-1.893000E2,-8.217546E1
4.124954E0,-1.917827E2,-8.190496E1
4.129125E0,-1.937030E2,-8.180261E1
4.133296E0,-1.948908E2,-8.141243E1
4.137467E0,-1.941714E2,-8.041261E1
4.141638E0,-1.930294E2,-7.938881E1
4.145808E0,-1.903885E2,-7.801423E1
4.149979E0,-1.872645E2,-7.608428E1
4.154150E0,-1.827736E2,-7.285689E1
4.158321E0,-1.781304E2,-7.040667E1
4.162492E0,-1.703774E2,-6.715088E1
4.166663E0,-1.623774E2,-6.315196E1
4.170833E0,-1.548913E2,-5.932943E1
4.175004E0,-1.448371E2,-5.555614E1
4.179175E0,-1.323781E2,-5.013004E1
4.183346E0,-1.190368E2,-4.335082E1
4.187517E0,-1.048469E2,-3.856701E1
4.191688E0,-8.646351E1,-2.897137E1
4.195858E0,-6.840250E1,-2.096675E1
4.200029E0,-4.984349E1,-1.272246E1
4.204200E0,-2.969020E1,-4.693071E0
4.208371E0,-9.577685E0,2.969403E0
4.212542E0,1.090696E1,1.156501E1
4.216713E0,3.030827E1,1.819875E1
4.220883E0,4.912827E1,2.528019E1
4.225054E0,6.659692E1,3.093498E1
4.229225E0,8.143784E1,3.617490E1
4.233396E0,9.643610E1,4.104301E1
4.237567E0,1.095065E2,4.523253E1
4.241738E0,1.219655E2,4.948906E1
4.245908E0,1.328757E2,5.270450E1
4.250079E0,1.429801E2,5.565226E1
4.254250E0,1.533073E2,5.909378E1
4.258421E0,1.611145E2,6.148554E1
4.262592E0,1.686997E2,6.376396E1
4.266763E0,1.746376E2,6.587572E1
4.270933E0,1.795473E2,6.779637E1
4.275104E0,1.828998E2,6.963552E1
4.279275E0,1.852341E2,6.964273E1
4.283446E0,1.870475E2,7.049380E1
4.287617E0,1.876368E2,6.994625E1
4.291788E0,1.862527E2,6.938864E1
4.295958E0,1.845033E2,6.812954E1
4.300129E0,1.816460E2,6.676116E1
4.304300E0,1.772890E2,6.529723E1
4.308471E0,1.722409E2,6.322561E1
4.312642E0,1.662197E2,6.111951E1
4.316813E0,1.586319E2,5.784255E1
4.320983E0,1.494449E2,5.416466E1
4.325154E0,1.400145E2,5.146060E1
4.329325E0,1.293188E2,4.724111E1
4.333496E0,1.174802E2,4.305502E1
4.337667E0,1.040450E2,3.851981E1
4.341838E0,8.978310E1,3.284488E1
4.346008E0,7.346575E1,2.723488E1
4.350179E0,5.623183E1,2.138142E1
4.354350E0,3.834129E1,1.526931E1
4.358521E0,1.987322E1,9.278734E0
4.362692E0,-1.138155E0,2.540597E0
4.366863E0,-2.049451E1,-3.828253E0
4.371033E0,-4.005156E1,-9.538348E0
4.375204E0,-5.929596E1,-1.590941E1
4.379375E0,-7.579496E1,-2.067222E1
4.383546E0,-9.192168E1,-2.560039E1
4.387717E0,-1.075642E2,-3.093126E1
4.391888E0,-1.221979E2,-3.625370E1
4.396058E0,-1.345105E2,-3.988925E1
4.400229E0,-1.474873E2,-4.383447E1
4.404400E0,-1.549800E2,-4.561405E1
4.408571E0,-1.630437E2,-4.827065E1
4.412742E0,-1.694643E2,-5.083143E1
4.416913E0,-1.749790E2,-5.251778E1
4.421083E0,-1.793340E2,-5.413347E1
4.425254E0,-1.822904E2,-5.522951E1
4.429425E0,-1.846828E2,-5.595355E1
4.433596E0,-1.858606E2,-5.667497E1
4.437767E0,-1.867576E2,-5.753859E1
4.441938E0,-1.857079E2,-5.767574E1
4.446108E0,-1.834940E2,-5.709744E1
4.450279E0,-1.812512E2,-5.698051E1
4.454450E0,-1.766528E2,-5.591125E1
4.458621E0,-1.715193E2,-5.495488E1
4.462792E0,-1.656744E2,-5.372799E1
4.466963E0,-1.577632E2,-5.171513E1
4.471133E0,-1.490387E2,-4.953597E1
4.475304E0,-1.398834E2,-4.751297E1
4.479475E0,-1.274191E2,-4.403384E1
4.483646E0,-1.142299E2,-4.016092E1
4.487817E0,-9.992361E1,-3.554347E1
4.491988E0,-8.285567E1,-2.962692E1
4.496158E0,-6.674633E1,-2.485128E1
4.500329E0,-4.760053E1,-1.893285E1
4.504500E0,-2.937788E1,-1.303243E1
4.508671E0,-9.503990E0,-5.994133E0
4.512842E0,9.156192E0,1.413458E0
4.517013E0,2.769580E1,8.921759E0
4.521183E0,4.386194E1,1.653098E1
4.525354E0,6.015137E1,2.330147E1
4.529525E0,7.410105E1,2.950036E1
4.533696E0,8.741260E1,3.525425E1
4.537867E0,1.000158E2,4.150708E1
4.542038E0,1.122962E2,4.710289E1
4.546208E0,1.223049E2,5.215945E1
4.550379E0,1.318849E2,5.732322E1
4.554550E0,1.401872E2,6.128411E1
4.558721E0,1.472330E2,6.531031E1
4.562892E0,1.540865E2,6.917179E1
4.567063E0,1.588170E2,7.186496E1
4.571233E0,1.627290E2,7.476632E1
4.575404E0,1.652868E2,7.733416E1
4.579575E0,1.664768E2,7.834642E1
4.583746E0,1.675869E2,7.973660E1
4.587917E0,1.669210E2,8.060806E1
4.592088E0,1.653910E2,8.032947E1
4.596258E0,1.631038E2,8.007821E1
4.600429E0,1.593382E2,7.808880E1
4.604600E0,1.552914E2,7.694820E1
4.608771E0,1.491168E2,7.445420E1
4.612942E0,1.423550E2,7.141613E1
4.617113E0,1.346439E2,6.793916E1
4.621283E0,1.259204E2,6.451671E1
4.625454E0,1.153481E2,5.932270E1
4.629625E0,1.053364E2,5.515387E1
4.633796E0,9.274156E1,4.904111E1
4.637967E0,7.932559E1,4.324514E1
4.642138E0,6.567398E1,3.685503E1
4.646308E0,5.091566E1,3.040706E1
4.650479E0,3.442190E1,2.214431E1
4.654650E0,1.650388E1,1.317336E1
4.658821E0,-1.020538E0,4.390204E0
4.662992E0,-1.903477E1,-4.638549E0
4.667163E0,-3.683981E1,-1.371242E1
4.671333E0,-5.280333E1,-2.170349E1
4.675504E0,-6.685406E1,-2.874667E1
4.679675E0,-8.076927E1,-3.567877E1
4.683846E0,-9.267910E1,-4.180305E1
4.688017E0,-1.086910E2,-5.177773E1
4.692188E0,-1.188738E2,-5.655635E1
4.696358E0,-1.280115E2,-6.148481E1
4.700529E0,-1.365837E2,-6.681659E1
4.704700E0,-1.440966E2,-7.032247E1
4.708871E0,-1.498924E2,-7.334980E1
4.713042E0,-1.543295E2,-7.603090E1
4.717213E0,-1.576248E2,-7.701746E1
4.721383E0,-1.604267E2,-7.823244E1
4.725554E0,-1.615750E2,-7.812693E1
4.729725E0,-1.628583E2,-7.860648E1
4.733896E0,-1.630467E2,-7.840130E1
4.738067E0,-1.614745E2,-7.798862E1
4.742238E0,-1.595872E2,-7.684762E1
4.746408E0,-1.567456E2,-7.549842E1
4.750579E0,-1.525866E2,-7.384056E1
4.754750E0,-1.470450E2,-7.042548E1
4.758921E0,-1.410619E2,-6.834443E1
4.763092E0,-1.325509E2,-6.398233E1
4.767263E0,-1.228281E2,-5.852959E1
4.771433E0,-1.135892E2,-5.488125E1
4.775604E0,-1.015203E2,-4.801591E1
4.779775E0,-8.789378E1,-3.960783E1
4.783946E0,-7.546709E1,-3.388825E1
4.788117E0,-5.965814E1,-2.570180E1
4.792288E0,-4.395555E1,-1.736028E1
4.796458E0,-2.682135E1,-8.599026E0
4.800629E0,-9.598494E0,2.030445E-1
4.804800E0,7.563248E0,9.022720E0
4.808971E0,2.374407E1,1.778471E1
4.813142E0,3.901758E1,2.634063E1
4.817313E0,5.390195E1,3.438656E1
4.821483E0,6.688630E1,4.145428E1
4.825654E0,7.847605E1,4.706454E1
4.829825E0,8.989341E1,5.349009E1
4.833996E0,9.958628E1,5.813345E1
4.838167E0,1.087825E2,6.287555E1
4.842338E0,1.175191E2,6.788383E1
4.846508E0,1.242484E2,7.124197E1
4.850679E0,1.304236E2,7.412669E1
4.854850E0,1.359396E2,7.729458E1
4.859021E0,1.406634E2,7.884529E1
4.863192E0,1.435964E2,8.008033E1
4.867363E0,1.460981E2,8.111200E1
4.871533E0,1.473307E2,8.108676E1
4.875704E0,1.472858E2,8.067567E1
4.879875E0,1.466563E2,7.915074E1
4.884046E0,1.444251E2,7.750627E1
4.888217E0,1.416330E2,7.484484E1
4.892388E0,1.377275E2,7.191919E1
4.896558E0,1.327971E2,6.875697E1
4.900729E0,1.265464E2,6.497848E1
4.904900E0,1.194901E2,6.088224E1
4.909071E0,1.114428E2,5.596684E1
4.913242E0,1.026876E2,5.075107E1
4.917413E0,9.224800E1,4.517869E1
4.921583E0,8.123046E1,3.909289E1
4.925754E0,6.860131E1,3.205826E1
4.929925E0,5.543389E1,2.509439E1
4.934096E0,4.044986E1,1.719211E1
4.938267E0,2.501342E1,9.471603E0
4.942438E0,8.169629E0,1.275716E0
4.946608E0,-8.240072E0,-6.173602E0
4.950779E0,-2.612415E1,-1.255693E1
4.954950E0,-4.223960E1,-1.908862E1
4.959121E0,-5.791881E1,-2.456740E1
4.963292E0,-7.182598E1,-2.964521E1
4.967463E0,-8.569122E1,-3.474360E1
4.971633E0,-9.792387E1,-3.940772E1
4.975804E0,-1.093622E2,-4.417919E1
4.979975E0,-1.206099E2,-4.893231E1
4.984146E0,-1.284089E2,-5.121222E1
4.988317E0,-1.366535E2,-5.361526E1
4.992488E0,-1.425042E2,-5.495277E1
4.996658E0,-1.476755E2,-5.554091E1
5.000829E0,-1.508998E2,-5.557194E1
5.005000E0,-1.544263E2,-5.687820E1
5.009171E0,-1.556708E2,-5.585174E1
5.013342E0,-1.566815E2,-5.561743E1
5.017513E0,-1.565441E2,-5.498684E1
5.021683E0,-1.546115E2,-5.309618E1
5.025854E0,-1.525567E2,-5.204978E1
5.030025E0,-1.488121E2,-4.970557E1
5.034196E0,-1.442617E2,-4.825940E1
5.038367E0,-1.388448E2,-4.557635E1
5.042538E0,-1.307154E2,-4.181760E1
5.046708E0,-1.228600E2,-3.859203E1
5.050879E0,-1.138691E2,-3.552489E1
5.055050E0,-1.023481E2,-3.121031E1
5.059221E0,-9.065332E1,-2.670019E1
5.063392E0,-7.642960E1,-2.111907E1
5.067563E0,-6.237820E1,-1.592278E1
5.071733E0,-4.682567E1,-1.053364E1
5.075904E0,-2.999064E1,-4.538400E0
5.080075E0,-1.237830E1,9.808297E-1
5.084246E0,5.463319E0,6.945122E0
5.088417E0,2.249027E1,1.295555E1
5.092588E0,3.787126E1,1.843180E1
5.096758E0,5.311285E1,2.321385E1
5.100929E0,6.664937E1,2.704868E1
5.105100E0,7.868221E1,3.092949E1
5.109271E0,9.003068E1,3.449525E1
5.113442E0,1.003260E2,3.733385E1
5.117613E0,1.094662E2,4.002287E1
5.121783E0,1.171742E2,4.238782E1
5.125954E0,1.249662E2,4.529380E1
5.130125E0,1.311338E2,4.724015E1
5.134296E0,1.360543E2,4.924656E1
5.138467E0,1.398491E2,5.069157E1
5.142638E0,1.430926E2,5.214911E1
5.146808E0,1.446623E2,5.299453E1
5.150979E0,1.442108E2,5.368892E1
5.155150E0,1.439075E2,5.439506E1
5.159321E0,1.422017E2,5.435249E1
5.163492E0,1.395032E2,5.389454E1
5.167663E0,1.352801E2,5.317113E1
5.171833E0,1.299105E2,5.172540E1
5.176004E0,1.243252E2,4.993578E1
5.180175E0,1.167842E2,4.683009E1
5.184346E0,1.086675E2,4.404515E1
5.188517E0,9.972986E1,4.101497E1
5.192688E0,9.055023E1,3.789803E1
5.196858E0,7.836780E1,3.319395E1
5.201029E0,6.577471E1,2.812913E1
5.205200E0,5.222770E1,2.335032E1
5.209371E0,3.663585E1,1.721988E1
5.213542E0,2.201137E1,1.234576E1
5.217713E0,5.533081E0,6.272094E0
5.221883E0,-1.117487E1,1.397919E0
5.226054E0,-2.764867E1,-3.922999E0
5.230225E0,-4.320102E1,-9.024208E0
5.234396E0,-5.742494E1,-1.308812E1
5.238567E0,-7.089973E1,-1.684732E1
5.242738E0,-8.307683E1,-2.064152E1
5.246908E0,-9.470407E1,-2.485709E1
5.251079E0,-1.064281E2,-3.004252E1
5.255250E0,-1.153301E2,-3.300140E1
5.259421E0,-1.221968E2,-3.518828E1
5.263592E0,-1.281097E2,-3.651595E1
5.267763E0,-1.334569E2,-3.895566E1
5.271933E0,-1.374567E2,-4.091697E1
5.276104E0,-1.402383E2,-4.215088E1
5.280275E0,-1.425944E2,-4.367617E1
5.284446E0,-1.429591E2,-4.434811E1
5.288617E0,-1.422249E2,-4.520643E1
5.292788E0,-1.405670E2,-4.495705E1
5.296958E0,-1.383654E2,-4.497534E1
5.301129E0,-1.342868E2,-4.422278E1
5.305300E0,-1.293861E2,-4.305310E1
5.309471E0,-1.227421E2,-4.081077E1
5.313642E0,-1.162550E2,-4.021952E1
5.317813E0,-1.085920E2,-3.785596E1
5.321983E0,-9.834285E1,-3.515852E1
5.326154E0,-8.670974E1,-3.081633E1
5.330325E0,-7.442448E1,-2.709129E1
5.334496E0,-6.096744E1,-2.266562E1
5.338667E0,-4.735815E1,-1.891469E1
5.342838E0,-3.236926E1,-1.407850E1
5.347008E0,-1.624303E1,-8.143651E0
5.351179E0,-6.026864E-1,-1.963473E0
5.355350E0,1.394419E1,4.496104E0
5.359521E0,2.907520E1,1.141857E1
5.363692E0,4.307244E1,1.819700E1
5.367863E0,5.533715E1,2.414813E1
5.372033E0,6.551561E1,2.916504E1
5.376204E0,7.675289E1,3.492780E1
5.380375E0,8.553941E1,3.994344E1
5.384546E0,9.317665E1,4.439696E1
5.388717E0,1.003210E2,4.841505E1
5.392888E0,1.069360E2,5.238099E1
5.397058E0,1.119538E2,5.555253E1
5.401229E0,1.162653E2,5.828031E1
5.405400E0,1.190459E2,6.073407E1
5.409571E0,1.213126E2,6.241694E1
5.413742E0,1.226213E2,6.385461E1
5.417913E0,1.224298E2,6.500692E1
5.422083E0,1.212853E2,6.531428E1
5.426254E0,1.192124E2,6.515521E1
5.430425E0,1.161083E2,6.431865E1
5.434596E0,1.123899E2,6.279945E1
5.438767E0,1.076451E2,6.101365E1
5.442938E0,1.011800E2,5.835550E1
5.447108E0,9.432942E1,5.504777E1
5.451279E0,8.672059E1,5.084292E1
5.455450E0,7.765194E1,4.599562E1
5.459621E0,6.792932E1,4.139520E1
5.463792E0,5.660781E1,3.507330E1
5.467963E0,4.534666E1,2.902446E1
5.472133E0,3.274930E1,2.196863E1
5.476304E0,1.997878E1,1.523815E1
5.480475E0,4.579658E0,6.100305E0
5.484646E0,-9.806348E0,-8.094644E-1
5.488817E0,-2.444260E1,-8.798972E0
5.492988E0,-3.765408E1,-1.572551E1
5.497158E0,-4.976840E1,-2.182679E1
5.501329E0,-6.099898E1,-2.766526E1
5.505500E0,-7.209641E1,-3.336839E1
5.509671E0,-8.225230E1,-4.020883E1
5.513842E0,-8.834627E1,-4.212373E1
5.518013E0,-9.611587E1,-4.542214E1
5.522183E0,-1.028948E2,-4.955722E1
5.526354E0,-1.076260E2,-5.187978E1
5.530525E0,-1.121311E2,-5.340300E1
5.534696E0,-1.153678E2,-5.601122E1
5.538867E0,-1.178599E2,-5.648787E1
5.543038E0,-1.186501E2,-5.689726E1
5.547208E0,-1.191453E2,-5.629715E1
5.551379E0,-1.182536E2,-5.609318E1
5.555550E0,-1.167077E2,-5.467758E1
5.559721E0,-1.147205E2,-5.363226E1
5.563892E0,-1.106142E2,-5.077048E1
5.568063E0,-1.057001E2,-4.779511E1
5.572233E0,-9.894576E1,-4.355470E1
5.576404E0,-9.259120E1,-4.084576E1
5.580575E0,-8.489729E1,-3.644884E1
5.584746E0,-7.490707E1,-3.062233E1
5.588917E0,-6.497429E1,-2.538082E1
5.593088E0,-5.369033E1,-1.972644E1
5.597258E0,-4.046731E1,-1.306977E1
5.601429E0,-2.804475E1,-6.458234E0
5.605600E0,-1.436974E1,7.284734E-2
5.609771E0,-2.651173E-1,7.048326E0
5.613942E0,1.538683E1,1.517342E1
5.618113E0,2.772607E1,2.100515E1
5.622283E0,3.993727E1,2.758638E1
5.626454E0,5.163577E1,3.290195E1
5.630625E0,6.056872E1,3.718083E1
5.634796E0,6.934258E1,4.128052E1
5.638967E0,7.748691E1,4.507973E1
5.643138E0,8.436769E1,4.830781E1
5.647308E0,9.099457E1,5.132817E1
5.651479E0,9.615129E1,5.342399E1
5.655650E0,1.010045E2,5.532222E1
5.659821E0,1.044582E2,5.623037E1
5.663992E0,1.064180E2,5.641013E1
5.668163E0,1.079949E2,5.673142E1
5.672333E0,1.089210E2,5.633294E1
5.676504E0,1.082638E2,5.522780E1
5.680675E0,1.067168E2,5.295070E1
5.684846E0,1.041004E2,5.146360E1
5.689017E0,1.004048E2,4.841991E1
5.693188E0,9.569070E1,4.495514E1
5.697358E0,9.038195E1,4.188237E1
5.701529E0,8.358941E1,3.780189E1
5.705700E0,7.542194E1,3.323423E1
5.709871E0,6.731927E1,2.904375E1
5.714042E0,5.702859E1,2.353396E1
5.718213E0,4.674895E1,1.799969E1
5.722383E0,3.456335E1,1.213200E1
5.726554E0,2.268499E1,6.831500E0
5.730725E0,8.393486E0,1.175999E0
5.734896E0,-5.628710E0,-3.758330E0
5.739067E0,-1.922441E1,-8.207690E0
5.743238E0,-3.263502E1,-1.182942E1
5.747408E0,-4.443424E1,-1.499184E1
5.751579E0,-5.584288E1,-1.776694E1
5.755750E0,-6.649400E1,-2.089558E1
5.759921E0,-7.666820E1,-2.373812E1
5.764092E0,-8.679119E1,-2.754155E1
5.768263E0,-9.438983E1,-3.006241E1
5.772433E0,-1.003172E2,-3.124356E1
5.776604E0,-1.047075E2,-3.084426E1
5.780775E0,-1.087450E2,-3.169379E1
5.784946E0,-1.115776E2,-3.194121E1
5.789117E0,-1.133854E2,-3.206617E1
5.793288E0,-1.140346E2,-3.133092E1
5.797458E0,-1.133467E2,-3.117996E1
5.801629E0,-1.119446E2,-2.948443E1
5.805800E0,-1.090761E2,-2.829960E1
5.809971E0,-1.045620E2,-2.707595E1
5.814142E0,-9.951128E1,-2.502233E1
5.818313E0,-9.371603E1,-2.285002E1
5.822483E0,-8.652031E1,-2.092647E1
5.826654E0,-7.644425E1,-1.715678E1
5.830825E0,-6.788835E1,-1.458333E1
5.834996E0,-5.717377E1,-1.126937E1
5.839167E0,-4.576648E1,-8.691843E0
5.843338E0,-3.244877E1,-5.039517E0
5.847508E0,-1.859259E1,-9.077885E-1
5.851679E0,-4.322680E0,2.881897E0
5.855850E0,1.006616E1,7.218407E0
5.860021E0,2.329605E1,1.112609E1
5.864192E0,3.573773E1,1.481994E1
5.868363E0,4.678427E1,1.791027E1
5.872533E0,5.641277E1,2.121528E1
5.876704E0,6.507702E1,2.351900E1
5.880875E0,7.361760E1,2.606083E1
5.885046E0,8.026672E1,2.837518E1
5.889217E0,8.673747E1,2.990708E1
5.893388E0,9.122148E1,3.148262E1
5.897558E0,9.547896E1,3.300094E1
5.901729E0,9.838093E1,3.423426E1
5.905900E0,1.001902E2,3.531744E1
5.910071E0,1.013052E2,3.605933E1
5.914242E0,1.012590E2,3.696789E1
5.918413E0,9.967824E1,3.673984E1
5.922583E0,9.713153E1,3.703725E1
5.926754E0,9.362839E1,3.676750E1
5.930925E0,8.904777E1,3.632368E1
5.935096E0,8.333254E1,3.503241E1
5.939267E0,7.686443E1,3.450380E1
5.943438E0,6.906159E1,3.245682E1
5.947608E0,6.097033E1,3.044186E1
5.951779E0,5.158653E1,2.784683E1
5.955950E0,4.058846E1,2.413143E1
5.960121E0,2.899754E1,2.053313E1
5.964292E0,1.763761E1,1.590061E1
5.968463E0,5.053016E0,1.121578E1
5.972633E0,-7.728101E0,5.141082E0
5.976804E0,-2.141196E1,-1.987922E0
5.980975E0,-3.264935E1,-7.744411E0
5.985146E0,-4.336114E1,-1.397333E1
5.989317E0,-5.244364E1,-1.902103E1
5.993488E0,-6.120724E1,-2.418654E1
5.997658E0,-6.970556E1,-2.968669E1
6.001829E0,-7.592137E1,-3.340424E1
6.006000E0,-7.986193E1,-3.560298E1
6.010171E0,-8.379404E1,-3.784748E1
6.014342E0,-8.788038E1,-4.139891E1
6.018513E0,-8.991992E1,-4.252656E1
6.022683E0,-9.163739E1,-4.474642E1
6.026854E0,-9.174832E1,-4.496888E1
6.031025E0,-9.164025E1,-4.568837E1
6.035196E0,-8.996270E1,-4.459478E1
6.039367E0,-8.757275E1,-4.401916E1
6.043538E0,-8.489018E1,-4.243397E1
6.047708E0,-8.064559E1,-4.069211E1
6.051879E0,-7.581816E1,-3.829504E1
6.056050E0,-6.946623E1,-3.506527E1
6.060221E0,-6.246576E1,-3.104753E1
6.064392E0,-5.465362E1,-2.671836E1
6.068563E0,-4.496455E1,-2.064155E1
6.072733E0,-3.469264E1,-1.490438E1
6.076904E0,-2.477483E1,-9.500902E0
6.081075E0,-1.324283E1,-3.107778E0
6.085246E0,-1.259124E0,3.848352E0
6.089417E0,1.058277E1,1.103475E1
6.093588E0,2.138446E1,1.801149E1
6.097758E0,3.112804E1,2.423736E1
6.101929E0,3.960990E1,2.903693E1
6.106100E0,4.770179E1,3.387233E1
6.110271E0,5.465358E1,3.794476E1
6.114442E0,6.109725E1,4.231006E1
6.118613E0,6.645832E1,4.513847E1
6.122783E0,7.119448E1,4.818634E1
6.126954E0,7.484176E1,5.051116E1
6.131125E0,7.745239E1,5.124705E1
6.135296E0,7.929121E1,5.216935E1
6.139467E0,8.016662E1,5.238234E1
6.143638E0,8.013125E1,5.166109E1
6.147808E0,7.944555E1,5.024959E1
6.151979E0,7.752541E1,4.819974E1
6.156150E0,7.484624E1,4.635085E1
6.160321E0,7.161046E1,4.287854E1
6.164492E0,6.689427E1,3.962093E1
6.168663E0,6.174286E1,3.473777E1
6.172833E0,5.494154E1,3.040497E1
6.177004E0,4.795317E1,2.538029E1
6.181175E0,4.061483E1,1.982877E1
6.185346E0,3.120228E1,1.417808E1
6.189517E0,2.080400E1,7.859244E0
6.193688E0,9.455709E0,2.221584E0
6.197858E0,-2.023380E0,-2.575769E0
6.202029E0,-1.446227E1,-7.866667E0
6.206200E0,-2.477582E1,-1.092077E1
6.210371E0,-3.615511E1,-1.432337E1
6.214542E0,-4.571343E1,-1.775228E1
6.218713E0,-5.371899E1,-1.984584E1
6.222883E0,-6.164306E1,-2.193498E1
6.227054E0,-6.850817E1,-2.395396E1
6.231225E0,-7.446083E1,-2.507358E1
6.235396E0,-7.944655E1,-2.590676E1
6.239567E0,-8.275786E1,-2.571461E1
6.243738E0,-8.530749E1,-2.609093E1
6.247908E0,-8.647935E1,-2.515616E1
6.252079E0,-8.740711E1,-2.505806E1
6.256250E0,-8.673519E1,-2.362555E1
6.260421E0,-8.448612E1,-2.203931E1
6.264592E0,-8.241695E1,-2.091912E1
6.268763E0,-7.863048E1,-1.885045E1
6.272933E0,-7.366204E1,-1.684653E1
6.277104E0,-6.805259E1,-1.445834E1
6.281275E0,-6.044454E1,-1.215172E1
6.285446E0,-5.300366E1,-9.355855E0
6.289617E0,-4.297165E1,-6.327871E0
6.293788E0,-3.293047E1,-3.474311E0
6.297958E0,-2.145238E1,-1.059437E-1
6.302129E0,-9.750158E0,3.064938E0
6.306300E0,2.612210E0,6.140932E0
6.310471E0,1.410657E1,9.507375E0
6.314642E0,2.513103E1,1.239086E1
6.318813E0,3.561948E1,1.495885E1
6.322983E0,4.417115E1,1.751344E1
6.327154E0,5.201872E1,1.962841E1
6.331325E0,5.914889E1,2.117430E1
6.335496E0,6.501754E1,2.266667E1
6.339667E0,7.051229E1,2.404833E1
6.343838E0,7.459644E1,2.512676E1
6.348008E0,7.744201E1,2.615541E1
6.352179E0,7.953311E1,2.697261E1
6.356350E0,8.017577E1,2.738764E1
6.360521E0,8.052649E1,2.774755E1
6.364692E0,7.907773E1,2.814585E1
6.368863E0,7.660366E1,2.786598E1
6.373033E0,7.329104E1,2.801789E1
6.377204E0,6.848118E1,2.729401E1
6.381375E0,6.343820E1,2.687996E1
6.385546E0,5.697920E1,2.623142E1
6.389717E0,4.889249E1,2.471906E1
6.393888E0,4.101388E1,2.328868E1
6.398058E0,3.207442E1,2.117787E1
6.402229E0,2.150769E1,1.832287E1
6.406400E0,1.127722E1,1.521465E1
6.410571E0,3.321004E-1,1.105567E1
6.414742E0,-1.135878E1,5.950848E0
6.418913E0,-2.174543E1,1.319213E0
6.423083E0,-3.127139E1,-3.992822E0
6.427254E0,-3.939655E1,-8.051349E0
6.431425E0,-4.721532E1,-1.314123E1
6.435596E0,-5.359536E1,-1.671222E1
6.439767E0,-5.837509E1,-2.004013E1
6.443938E0,-6.256907E1,-2.297543E1
6.448108E0,-6.610929E1,-2.553745E1
6.452279E0,-6.796069E1,-2.759129E1
6.456450E0,-6.933999E1,-3.004240E1
6.460621E0,-6.977107E1,-3.071192E1
6.464792E0,-6.920105E1,-3.220157E1
6.468963E0,-6.748142E1,-3.210143E1
6.473133E0,-6.555623E1,-3.183505E1
6.477304E0,-6.196166E1,-3.066609E1
6.481475E0,-5.809838E1,-2.938945E1
6.485646E0,-5.316028E1,-2.741787E1
6.489817E0,-4.701627E1,-2.457733E1
6.493988E0,-4.048641E1,-2.177701E1
6.498158E0,-3.225758E1,-1.720202E1
6.502329E0,-2.493700E1,-1.247652E1
6.506500E0,-1.637200E1,-7.937185E0
6.510671E0,-7.198889E0,-2.004944E0
6.514842E0,2.816390E0,4.779856E0
6.519013E0,1.062043E1,1.110888E1
6.523183E0,1.887680E1,1.856161E1
6.527354E0,2.586931E1,2.464411E1
6.531525E0,3.259339E1,2.998437E1
6.535696E0,3.703016E1,3.472668E1
6.539867E0,4.227044E1,3.919767E1
6.544038E0,4.633293E1,4.300016E1
6.548208E0,4.913180E1,4.625813E1
6.552379E0,5.137884E1,4.821966E1
6.556550E0,5.265299E1,4.933158E1
6.560721E0,5.370484E1,4.992045E1
6.564892E0,5.391550E1,5.025369E1
6.569063E0,5.336506E1,4.897022E1
6.573233E0,5.205201E1,4.725889E1
6.577404E0,4.985880E1,4.462038E1
6.581575E0,4.755395E1,4.089265E1
6.585746E0,4.355312E1,3.631550E1
6.589917E0,3.920062E1,3.160620E1
6.594088E0,3.437424E1,2.617245E1
6.598258E0,2.860234E1,2.000047E1
6.602429E0,2.157693E1,1.302997E1
6.606600E0,1.444848E1,7.055900E0
6.610771E0,5.203759E0,4.366899E-1
6.614942E0,-3.996671E0,-5.348182E0
6.619113E0,-1.316651E1,-1.039032E1
6.623283E0,-2.199928E1,-1.534085E1
6.627454E0,-2.905215E1,-1.854117E1
6.631625E0,-3.601065E1,-2.163461E1
6.635796E0,-4.232916E1,-2.498229E1
6.639967E0,-4.807327E1,-2.645129E1
6.644138E0,-5.242044E1,-2.806382E1
6.648308E0,-5.615985E1,-2.847805E1
6.652479E0,-5.872955E1,-2.878820E1
6.656650E0,-6.103564E1,-2.834365E1
6.660821E0,-6.177776E1,-2.774227E1
6.664992E0,-6.168694E1,-2.602436E1
6.669163E0,-6.064709E1,-2.404903E1
6.673333E0,-5.910499E1,-2.147363E1
6.677504E0,-5.673165E1,-1.959153E1
6.681675E0,-5.256582E1,-1.592002E1
6.685846E0,-4.745496E1,-1.209816E1
6.690017E0,-4.149644E1,-8.073113E0
6.694188E0,-3.467110E1,-3.741142E0
6.698358E0,-2.735300E1,-8.563575E-2
6.702529E0,-1.780852E1,5.150809E0
6.706700E0,-8.287961E0,8.875427E0
6.710871E0,2.095801E0,1.316996E1
6.715042E0,1.103383E1,1.558865E1
6.719213E0,2.015607E1,1.746568E1
6.723383E0,2.868599E1,1.895970E1
6.727554E0,3.552653E1,1.997040E1
6.731725E0,4.219577E1,2.102306E1
6.735896E0,4.773438E1,2.099690E1
6.740067E0,5.215758E1,2.116422E1
6.744238E0,5.606730E1,2.100538E1
6.748408E0,5.866846E1,2.021058E1
6.752579E0,6.001145E1,1.948861E1
6.756750E0,6.035904E1,1.846646E1
6.760921E0,5.984352E1,1.753910E1
6.765092E0,5.850282E1,1.636477E1
6.769263E0,5.563029E1,1.533299E1
6.773433E0,5.167544E1,1.426916E1
6.777604E0,4.774776E1,1.377557E1
6.781775E0,4.162053E1,1.289028E1
6.785946E0,3.450213E1,1.215523E1
6.790117E0,2.777490E1,1.179096E1
6.794288E0,1.882407E1,1.091424E1
6.798458E0,9.051954E0,1.040750E1
6.802629E0,-7.435995E-1,9.084176E0
6.806800E0,-1.015639E1,8.183054E0
6.810971E0,-1.958046E1,6.298564E0
6.815142E0,-2.709004E1,5.256896E0
6.819313E0,-3.489690E1,3.447136E0
6.823483E0,-4.048886E1,1.965001E0
6.827654E0,-4.555182E1,1.037750E0
6.831825E0,-5.023230E1,-8.494476E-1
6.835996E0,-5.242572E1,-1.079444E0
6.840167E0,-5.510116E1,-2.420823E0
6.844338E0,-5.488418E1,-2.937361E0
6.848508E0,-5.475613E1,-3.851440E0
6.852679E0,-5.375523E1,-4.672928E0
6.856850E0,-5.091911E1,-4.970028E0
6.861021E0,-4.824854E1,-6.008682E0
6.865192E0,-4.443426E1,-6.642937E0
6.869363E0,-3.895221E1,-6.562494E0
6.873533E0,-3.274194E1,-6.620102E0
6.877704E0,-2.571729E1,-6.458019E0
6.881875E0,-1.761846E1,-5.607570E0
6.886046E0,-7.970217E0,-3.944195E0
6.890217E0,1.021450E0,-1.762516E0
6.894388E0,9.332719E0,3.223410E-1
6.898558E0,1.722050E1,3.458614E0
6.902729E0,2.383388E1,6.605877E0
6.906900E0,3.100142E1,1.015324E1
6.911071E0,3.614301E1,1.325344E1
6.915242E0,4.078194E1,1.597258E1
6.919413E0,4.424922E1,1.915501E1
6.923583E0,4.638676E1,2.148841E1
6.927754E0,4.794958E1,2.363718E1
6.931925E0,4.873403E1,2.520109E1
6.936096E0,4.858413E1,2.686427E1
6.940267E0,4.711700E1,2.838848E1
6.944438E0,4.514968E1,2.902323E1
6.948608E0,4.170399E1,2.923939E1
6.952779E0,3.751285E1,2.911782E1
6.956950E0,3.259829E1,2.820188E1
6.961121E0,2.728678E1,2.709572E1
6.965292E0,2.118678E1,2.512464E1
6.969463E0,1.309159E1,2.158163E1
6.973633E0,5.929948E0,1.760711E1
6.977804E0,-6.210226E-1,1.303833E1
6.981975E0,-8.256851E0,6.941448E0
6.986146E0,-1.507690E1,1.662138E0
6.990317E0,-2.010079E1,-3.579156E0
6.994488E0,-2.432661E1,-8.973644E0
6.998658E0,-2.753380E1,-1.307128E1
7.002829E0,-3.031074E1,-1.707566E1
7.007000E0,-3.285172E1,-2.049890E1
7.011171E0,-3.322915E1,-2.326132E1
7.015342E0,-3.360384E1,-2.512243E1
7.019513E0,-3.363005E1,-2.679435E1
7.023683E0,-3.269559E1,-2.758935E1
7.027854E0,-3.104860E1,-2.751836E1
7.032025E0,-2.829398E1,-2.706820E1
7.036196E0,-2.571054E1,-2.570028E1
7.040367E0,-2.250983E1,-2.370083E1
7.044538E0,-1.832080E1,-2.084756E1
7.048708E0,-1.376543E1,-1.660195E1
7.052879E0,-8.649471E0,-1.188056E1
7.057050E0,-3.980887E0,-6.310040E0
7.061221E0,9.229338E-1,-4.017365E-1
7.065392E0,5.532989E0,6.094828E0
7.069563E0,9.164460E0,1.356463E1
7.073733E0,1.254012E1,2.011734E1
7.077904E0,1.451783E1,2.625153E1
7.082075E0,1.618228E1,3.154404E1
7.086246E0,1.736295E1,3.617783E1
7.090417E0,1.805461E1,4.015708E1
7.094588E0,1.827140E1,4.301088E1
7.098758E0,1.728759E1,4.464026E1
7.102929E0,1.653837E1,4.532837E1
7.107100E0,1.510835E1,4.541393E1
7.111271E0,1.375763E1,4.410641E1
7.115442E0,1.161601E1,4.209457E1
7.119613E0,9.207467E0,3.920174E1
7.123783E0,6.674752E0,3.504444E1
7.127954E0,3.560040E0,3.023754E1
7.132125E0,3.737421E-1,2.439439E1
7.136296E0,-2.955744E0,1.759513E1
7.140467E0,-5.509021E0,1.001264E1
7.144638E0,-8.685184E0,1.416028E0
7.148808E0,-9.841793E0,-5.770187E0
7.152979E0,-1.128869E1,-1.312835E1
7.157150E0,-1.227151E1,-1.893295E1
7.161321E0,-1.275548E1,-2.380309E1
7.165492E0,-1.279447E1,-2.793701E1
7.169663E0,-1.313299E1,-3.132574E1
7.173833E0,-1.276759E1,-3.368790E1
7.178004E0,-1.260691E1,-3.546511E1
7.182175E0,-1.186468E1,-3.570443E1
7.186346E0,-1.150157E1,-3.569523E1
7.190517E0,-1.053088E1,-3.396031E1
7.194688E0,-9.907682E0,-3.152295E1
7.198858E0,-8.623470E0,-2.787673E1
7.203029E0,-7.830091E0,-2.377425E1
7.207200E0,-6.872411E0,-1.845318E1
7.211371E0,-5.833754E0,-1.252045E1
7.215542E0,-4.766255E0,-5.628018E0
7.219713E0,-3.643926E0,2.097258E0
7.223883E0,-3.086959E0,1.072212E1
7.228054E0,-2.640836E0,1.770165E1
7.232225E0,-1.932293E0,2.540374E1
7.236396E0,-1.542357E0,3.089437E1
7.240567E0,-1.660707E0,3.606217E1
7.244738E0,-1.641304E0,4.011481E1
7.248908E0,-1.602757E0,4.318646E1
7.253079E0,-1.619257E0,4.498745E1
7.257250E0,-1.634309E0,4.618907E1
7.261421E0,-1.714103E0,4.620772E1
7.265592E0,-1.648025E0,4.483046E1
7.269763E0,-1.948082E0,4.314753E1
7.273933E0,-2.408410E0,3.938546E1
7.278104E0,-2.554560E0,3.520115E1
7.282275E0,-2.487509E0,3.007663E1
7.286446E0,-2.717139E0,2.423646E1
7.290617E0,-2.676944E0,1.712494E1
7.294788E0,-2.710912E0,9.050634E0
7.298958E0,-2.466094E0,9.710153E-1
7.303129E0,-2.755916E0,-6.559889E0
7.307300E0,-2.458388E0,-1.307408E1
7.311471E0,-2.843616E0,-1.856925E1
7.315642E0,-2.371775E0,-2.315402E1
7.319813E0,-2.707445E0,-2.676869E1
7.323983E0,-2.743533E0,-2.973751E1
7.328154E0,-2.848065E0,-3.152817E1
7.332325E0,-3.042578E0,-3.250982E1
7.336496E0,-3.068699E0,-3.245117E1
7.340667E0,-3.127241E0,-3.144469E1
7.344838E0,-3.023922E0,-2.952971E1
7.349008E0,-2.888415E0,-2.658979E1
7.353179E0,-2.743187E0,-2.276877E1
7.357350E0,-2.740456E0,-1.784718E1
7.361521E0,-3.320359E0,-1.292912E1
7.365692E0,-4.043033E0,-6.306570E0
7.369863E0,-3.343552E0,9.456314E-1
7.374033E0,-3.183680E0,8.771693E0
7.378204E0,-2.479454E0,1.692369E1
7.382375E0,-2.513500E0,2.334394E1
7.386546E0,-1.185982E0,2.973976E1
7.390717E0,-6.263114E-1,3.518249E1
7.394888E0,-5.614688E-2,3.954161E1
7.399058E0,4.751280E-1,4.219249E1
7.403229E0,1.156537E0,4.427700E1
7.407400E0,1.482253E0,4.494886E1
7.411571E0,1.810924E0,4.488827E1
7.415742E0,1.726500E0,4.407358E1
7.419913E0,1.923541E0,4.237802E1
7.424083E0,1.786628E0,3.885754E1
7.428254E0,1.889314E0,3.534354E1
7.432425E0,9.468830E-1,2.970331E1
7.436596E0,5.068408E-1,2.328890E1
7.440767E0,-4.239501E-2,1.651170E1
7.444938E0,-8.328893E-1,8.420710E0
7.449108E0,-1.376540E0,9.997074E-1
7.453279E0,-2.288002E0,-6.004380E0
7.457450E0,-3.435017E0,-1.208720E1
7.461621E0,-4.455747E0,-1.705248E1
7.465792E0,-5.805397E0,-2.150272E1
7.469963E0,-6.591070E0,-2.483641E1
7.474133E0,-6.936722E0,-2.679393E1
7.478304E0,-7.740842E0,-2.862662E1
7.482475E0,-7.754320E0,-2.881920E1
7.486646E0,-8.576237E0,-2.873266E1
7.490817E0,-8.328665E0,-2.710736E1
7.494988E0,-9.090779E0,-2.445762E1
7.499158E0,-9.231219E0,-2.190600E1
7.503329E0,-8.197626E0,-1.724085E1
7.507500E0,-7.687299E0,-1.182304E1
7.511671E0,-7.903828E0,-6.420287E0
7.515842E0,-6.773898E0,4.931569E-1
7.520013E0,-5.640924E0,7.335071E0
7.524183E0,-2.636472E0,1.508615E1
7.528354E0,-7.251247E-1,2.135048E1
7.532525E0,1.736418E0,2.696679E1
7.536696E0,3.261330E0,3.151549E1
7.540867E0,5.160342E0,3.555637E1
7.545038E0,6.702466E0,3.799376E1
7.549208E0,7.997640E0,4.048037E1
7.553379E0,9.039568E0,4.138926E1
7.557550E0,9.835834E0,4.137590E1
7.561721E0,1.019428E1,4.010542E1
7.565892E0,1.002758E1,3.847045E1
7.570063E0,9.621046E0,3.507774E1
7.574233E0,8.757494E0,3.094465E1
7.578404E0,7.370527E0,2.637953E1
7.582575E0,5.371041E0,2.036000E1
7.586746E0,3.350053E0,1.419522E1
7.590917E0,6.568956E-1,6.826337E0
7.595088E0,-2.436779E0,1.158697E-1
7.599258E0,-4.770281E0,-4.820367E0
7.603429E0,-7.518883E0,-9.983107E0
7.607600E0,-1.059057E1,-1.469450E1
7.611771E0,-1.235013E1,-1.804468E1
7.615942E0,-1.465631E1,-2.066796E1
7.620113E0,-1.552231E1,-2.202422E1
7.624283E0,-1.661738E1,-2.290921E1
7.628454E0,-1.722217E1,-2.312932E1
7.632625E0,-1.741741E1,-2.206425E1
7.636796E0,-1.762067E1,-2.070852E1
7.640967E0,-1.622321E1,-1.820490E1
7.645138E0,-1.514518E1,-1.452082E1
7.649308E0,-1.309154E1,-1.065345E1
7.653479E0,-1.039750E1,-6.232696E0
7.657650E0,-7.716948E0,-7.615609E-1
7.661821E0,-4.360417E0,4.950799E0
7.665992E0,-2.191072E-1,1.088666E1
7.670163E0,3.105066E0,1.663171E1
7.674333E0,6.999944E0,2.165949E1
7.678504E0,1.017734E1,2.559219E1
7.682675E0,1.352440E1,2.919600E1
7.686846E0,1.580983E1,3.175154E1
7.691017E0,1.703533E1,3.359530E1
7.695188E0,1.814794E1,3.429570E1
7.699358E0,1.858968E1,3.416889E1
7.703529E0,1.888164E1,3.414037E1
7.707700E0,1.781651E1,3.212990E1
7.711871E0,1.639126E1,3.008534E1
7.716042E0,1.453849E1,2.689621E1
7.720213E0,1.192548E1,2.327577E1
7.724383E0,8.451302E0,1.815452E1
7.728554E0,4.761305E0,1.279914E1
7.732725E0,-6.438745E-2,7.536849E0
7.736896E0,-4.226201E0,1.880530E0
7.741067E0,-8.620899E0,-2.737804E0
7.745238E0,-1.130743E1,-6.181875E0
7.749408E0,-1.504679E1,-9.440168E0
7.753579E0,-1.659736E1,-1.202327E1
7.757750E0,-1.838517E1,-1.411109E1
7.761921E0,-2.002075E1,-1.530680E1
7.766092E0,-2.043878E1,-1.670195E1
7.770263E0,-2.033664E1,-1.679855E1
7.774433E0,-1.942968E1,-1.580249E1
7.778604E0,-1.836486E1,-1.484325E1
7.782775E0,-1.623276E1,-1.281434E1
7.786946E0,-1.352201E1,-9.887015E0
7.791117E0,-1.050680E1,-6.747226E0
7.795288E0,-6.897224E0,-2.520506E0
7.799458E0,-2.490088E0,2.074915E0
7.803629E0,1.626733E0,7.071034E0
7.807800E0,5.035354E0,1.266503E1
7.811971E0,9.282879E0,1.822190E1
7.816142E0,1.171582E1,2.203187E1
7.820313E0,1.442475E1,2.608874E1
7.824483E0,1.622654E1,2.925208E1
7.828654E0,1.774108E1,3.078689E1
7.832825E0,1.775596E1,3.211678E1
7.836996E0,1.801277E1,3.311525E1
7.841167E0,1.726793E1,3.227354E1
7.845338E0,1.627164E1,3.098488E1
7.849508E0,1.454766E1,2.895805E1
7.853679E0,1.220307E1,2.615841E1
7.857850E0,8.887023E0,2.244247E1
7.862021E0,5.161670E0,1.754012E1
7.866192E0,1.403770E0,1.224502E1
7.870363E0,-2.312542E0,6.795013E0
7.874533E0,-6.521854E0,1.267261E0
7.878704E0,-8.695165E0,-2.748957E0
7.882875E0,-1.119810E1,-7.085460E0
7.887046E0,-1.269922E1,-9.979258E0
7.891217E0,-1.430728E1,-1.292437E1
7.895388E0,-1.527531E1,-1.495368E1
7.899558E0,-1.538714E1,-1.593162E1
7.903729E0,-1.561554E1,-1.655886E1
7.907900E0,-1.417442E1,-1.573001E1
7.912071E0,-1.281290E1,-1.465921E1
7.916242E0,-1.118043E1,-1.301804E1
7.920413E0,-8.898935E0,-9.767733E0
7.924583E0,-7.106230E0,-6.284905E0
7.928754E0,-3.373184E0,-2.168544E0
7.932925E0,-7.694716E-1,3.174012E0
7.937096E0,1.831967E0,8.707523E0
7.941267E0,4.497753E0,1.422470E1
7.945438E0,7.206775E0,2.007799E1
7.949608E0,8.238843E0,2.438338E1
7.953779E0,9.763692E0,2.791809E1
7.957950E0,9.880452E0,3.072705E1
7.962121E0,1.122145E1,3.296642E1
7.966292E0,1.120493E1,3.395220E1
7.970463E0,1.063968E1,3.396596E1
7.974633E0,9.417694E0,3.341716E1
7.978804E0,7.990356E0,3.172392E1
7.982975E0,6.626452E0,2.897095E1
7.987146E0,4.621033E0,2.523141E1
7.991317E0,2.484852E0,2.117393E1
7.995488E0,4.444225E-1,1.604177E1
7.999658E0,-1.581787E0,9.998678E0
8.003829E0,-2.851522E0,4.203104E0
8.008000E0,-3.970458E0,-1.440846E0
8.012171E0,-4.107801E0,-5.867689E0
8.016342E0,-4.465739E0,-1.000623E1
8.020513E0,-4.650347E0,-1.282793E1
8.024683E0,-4.995547E0,-1.482810E1
8.028854E0,-4.589181E0,-1.616551E1
8.033025E0,-4.812060E0,-1.633982E1
8.037196E0,-4.215292E0,-1.603814E1
8.041367E0,-3.676814E0,-1.406950E1
8.045538E0,-3.496492E0,-1.176394E1
8.049708E0,-2.585407E0,-8.087278E0
8.053879E0,-2.118895E0,-3.786261E0
8.058050E0,-1.173735E0,1.188454E0
8.062221E0,-7.408311E-1,6.578963E0
8.066392E0,1.103355E-1,1.244239E1
8.070563E0,1.616234E0,1.811101E1
8.074733E0,2.776447E0,2.290732E1
8.078904E0,3.670052E0,2.714681E1
8.083075E0,4.424345E0,3.032645E1
8.087246E0,4.734442E0,3.220766E1
8.091417E0,5.117517E0,3.342120E1
8.095588E0,5.151184E0,3.343091E1
8.099758E0,5.792391E0,3.275940E1
8.103929E0,5.169892E0,3.111638E1
8.108100E0,4.581839E0,2.815861E1
8.112271E0,3.284259E0,2.459669E1
8.116442E0,2.923882E0,2.048700E1
8.120613E0,1.394771E0,1.448389E1
8.124783E0,1.376340E-1,8.541507E0
8.128954E0,-8.585449E-1,3.271539E0
8.133125E0,-2.147754E0,-1.733759E0
8.137296E0,-3.726789E0,-6.534111E0
8.141467E0,-4.366739E0,-9.829295E0
8.145638E0,-5.767787E0,-1.258236E1
8.149808E0,-6.111408E0,-1.377150E1
8.153979E0,-6.645878E0,-1.475769E1
8.158150E0,-7.180623E0,-1.501828E1
8.162321E0,-7.714139E0,-1.352775E1
8.166492E0,-7.496842E0,-1.188990E1
8.170663E0,-6.978871E0,-8.683152E0
8.174833E0,-6.806910E0,-5.476965E0
8.179004E0,-5.257048E0,-1.176903E0
8.183175E0,-3.965627E0,4.167221E0
8.187346E0,-2.151578E0,9.400893E0
8.191517E0,4.692908E-1,1.430710E1
8.195688E0,2.986893E0,1.918351E1
8.199858E0,5.737968E0,2.275398E1
8.204029E0,7.605585E0,2.575739E1
8.208200E0,9.069364E0,2.803315E1
8.212371E0,1.000184E1,2.941453E1
8.216542E0,1.022949E1,2.960006E1
8.220713E0,1.078057E1,2.877478E1
8.224883E0,1.003092E1,2.755222E1
8.229054E0,9.121716E0,2.517465E1
8.233225E0,8.032829E0,2.206402E1
8.237396E0,6.102811E0,1.839679E1
8.241567E0,3.642518E0,1.323815E1
8.245738E0,9.730713E-1,8.501508E0
8.249908E0,-2.035845E0,3.626669E0
8.254079E0,-4.176793E0,-1.030446E0
8.258250E0,-5.851749E0,-3.967148E0
8.262421E0,-7.433318E0,-7.048380E0
8.266592E0,-8.640518E0,-9.003988E0
8.270763E0,-9.716471E0,-1.041101E1
8.274933E0,-9.737701E0,-1.105922E1
8.279104E0,-9.645327E0,-1.083548E1
8.283275E0,-8.955550E0,-9.642440E0
8.287446E0,-7.885106E0,-8.059258E0
8.291617E0,-6.586895E0,-5.731308E0
8.295788E0,-4.735933E0,-2.486146E0
8.299958E0,-2.573469E0,1.326129E0
8.304129E0,-5.661760E-1,5.412170E0
8.308300E0,1.922554E0,1.066370E1
8.312471E0,4.752984E0,1.516878E1
8.316642E0,6.369542E0,1.930492E1
8.320813E0,8.464959E0,2.297788E1
8.324983E0,9.163335E0,2.545850E1
8.329154E0,9.815963E0,2.707612E1
8.333325E0,9.840106E0,2.803903E1
8.337496E0,9.425636E0,2.795652E1
8.341667E0,8.899447E0,2.726838E1
8.345838E0,7.729967E0,2.518115E1
8.350008E0,5.837439E0,2.264729E1
8.354179E0,4.289238E0,1.905090E1
8.358350E0,2.356623E0,1.483550E1
8.362521E0,2.460508E-1,1.002612E1
8.366692E0,-1.332028E0,4.829789E0
8.370863E0,-2.749041E0,4.556979E-1
8.375033E0,-3.698705E0,-3.381993E0
8.379204E0,-4.317585E0,-6.771830E0
8.383375E0,-4.496535E0,-9.051359E0
8.387546E0,-4.651346E0,-1.014962E1
8.391717E0,-4.634512E0,-1.062142E1
8.395888E0,-4.726181E0,-1.033509E1
8.400058E0,-4.363683E0,-9.511850E0
8.404229E0,-3.403591E0,-6.975257E0
8.408400E0,-2.888949E0,-4.030200E0
8.412571E0,-1.684483E0,-1.051726E-1
8.416742E0,-8.414049E-1,4.387401E0
8.420913E0,-1.387662E-1,9.197801E0
8.425083E0,1.775307E0,1.399135E1
8.429254E0,2.828970E0,1.862355E1
8.433425E0,4.416385E0,2.196329E1
8.437596E0,4.983901E0,2.470110E1
8.441767E0,6.138118E0,2.685700E1
8.445938E0,6.225808E0,2.752049E1
8.450108E0,6.173435E0,2.740412E1
8.454279E0,6.424809E0,2.674849E1
8.458450E0,5.229969E0,2.468770E1
8.462621E0,4.830956E0,2.217552E1
8.466792E0,3.573938E0,1.836821E1
8.470963E0,2.355703E0,1.404061E1
8.475133E0,1.541551E-1,8.695392E0
8.479304E0,-3.916673E-1,3.922601E0
8.483475E0,-1.483363E0,-2.439150E-1
8.487646E0,-2.818162E0,-3.665828E0
8.491817E0,-3.844479E0,-6.320835E0
8.495988E0,-4.483654E0,-8.650169E0
8.500158E0,-5.044097E0,-9.475317E0
8.504329E0,-4.881596E0,-9.583805E0
8.508500E0,-4.774056E0,-8.918418E0
8.512671E0,-4.746370E0,-7.333832E0
8.516842E0,-3.984474E0,-4.924543E0
8.521013E0,-3.340083E0,-2.028137E0
8.525183E0,-2.309419E0,1.875695E0
8.529354E0,-1.030852E0,6.499058E0
8.533525E0,3.072925E-1,1.058172E1
8.537696E0,2.990004E0,1.525931E1
8.541867E0,5.401603E0,1.883213E1
8.546038E0,6.304208E0,2.150572E1
8.550208E0,7.555233E0,2.349757E1
8.554379E0,8.100128E0,2.445847E1
8.558550E0,8.267825E0,2.466111E1
8.562721E0,8.361217E0,2.406395E1
8.566892E0,7.466738E0,2.256687E1
8.571063E0,6.588143E0,2.015068E1
8.575233E0,4.966049E0,1.719425E1
8.579404E0,3.477254E0,1.323445E1
8.583575E0,1.336939E0,8.943111E0
8.587746E0,-1.064394E0,4.616354E0
8.591917E0,-2.526513E0,3.544766E-1
8.596088E0,-3.844724E0,-2.796867E0
8.600258E0,-4.512764E0,-5.136055E0
8.604429E0,-5.330183E0,-7.015218E0
8.608600E0,-5.656111E0,-7.879511E0
8.612771E0,-5.357683E0,-7.992979E0
8.616942E0,-5.094227E0,-6.997850E0
8.621113E0,-4.588428E0,-5.812491E0
8.625283E0,-3.651023E0,-3.691289E0
8.629454E0,-2.383819E0,-7.322838E-1
8.633625E0,-6.706724E-1,2.994661E0
8.637796E0,8.092702E-1,7.099843E0
8.641967E0,2.133193E0,1.160656E1
8.646138E0,3.650283E0,1.536544E1
8.650308E0,5.350903E0,1.887488E1
8.654479E0,5.839103E0,2.165218E1
8.658650E0,6.635372E0,2.303933E1
8.662821E0,6.879033E0,2.409909E1
8.666992E0,6.581194E0,2.400260E1
8.671163E0,6.131022E0,2.332608E1
8.675333E0,5.009820E0,2.135261E1
8.679504E0,3.855742E0,1.858827E1
8.683675E0,3.034386E0,1.494609E1
8.687846E0,1.595125E0,1.077583E1
8.692017E0,-7.997477E-2,6.316632E0
8.696188E0,-7.027667E-1,2.233768E0
8.700358E0,-1.425228E0,-1.455038E0
8.704529E0,-1.725804E0,-3.977667E0
8.708700E0,-1.931019E0,-5.886625E0
8.712871E0,-2.075642E0,-6.773132E0
8.717042E0,-1.867507E0,-6.880271E0
8.721213E0,-1.960572E0,-6.520756E0
8.725383E0,-1.455035E0,-5.100583E0
8.729554E0,-1.436381E0,-2.848664E0
8.733725E0,-1.055180E0,1.972606E-1
8.737896E0,3.018011E-1,4.248916E0
8.742067E0,9.748765E-1,8.466434E0
8.746238E0,2.680463E0,1.276975E1
8.750408E0,3.800518E0,1.645852E1
8.754579E0,4.631166E0,1.931589E1
8.758750E0,5.729733E0,2.125152E1
8.762921E0,6.243880E0,2.294760E1
8.767092E0,6.550063E0,2.338731E1
8.771263E0,6.431747E0,2.281308E1
8.775433E0,5.881761E0,2.142698E1
8.779604E0,5.419519E0,1.902659E1
8.783775E0,4.334639E0,1.594949E1
8.787946E0,2.756172E0,1.219733E1
8.792117E0,1.408096E0,7.978130E0
8.796288E0,2.345432E-1,4.193019E0
8.800458E0,-1.312016E0,3.826191E-1
8.804629E0,-2.492354E0,-2.558771E0
8.808800E0,-2.653038E0,-3.997240E0
8.812971E0,-2.784574E0,-5.060830E0
8.817142E0,-3.339039E0,-5.760707E0
8.821313E0,-3.286587E0,-5.228486E0
8.825483E0,-2.947555E0,-3.708176E0
8.829654E0,-2.202235E0,-2.050738E0
8.833825E0,-1.342579E0,7.782645E-1
8.837996E0,-4.286183E-1,4.318574E0
8.842167E0,1.000430E0,8.175764E0
8.846338E0,2.669550E0,1.210188E1
8.850508E0,4.271213E0,1.595167E1
8.854679E0,4.999160E0,1.870224E1
8.858850E0,6.355350E0,2.083521E1
8.863021E0,6.752571E0,2.186994E1
8.867192E0,6.491236E0,2.212739E1
8.871363E0,6.468999E0,2.176204E1
8.875533E0,5.330520E0,2.069620E1
8.879704E0,4.695119E0,1.817974E1
8.883875E0,3.298131E0,1.534684E1
8.888046E0,1.842087E0,1.154044E1
8.892217E0,5.047708E-1,7.178456E0
8.896388E0,-8.962940E-1,3.466367E0
8.900558E0,-1.599184E0,-6.296779E-2
8.904729E0,-1.887695E0,-1.831513E0
8.908900E0,-2.454292E0,-3.622137E0
8.913071E0,-2.151394E0,-4.064638E0
8.917242E0,-2.037623E0,-3.827928E0
8.921413E0,-2.111242E0,-3.439159E0
8.925583E0,-1.407065E0,-1.870352E0
8.929754E0,-1.170800E0,4.281491E-1
8.933925E0,3.394940E-1,3.744610E0
8.938096E0,1.130068E0,7.248159E0
8.942267E0,2.407114E0,1.139475E1
8.946438E0,3.734420E0,1.482716E1
8.950608E0,4.581896E0,1.793464E1
8.954779E0,5.326449E0,2.002014E1
8.958950E0,5.710101E0,2.112867E1
8.963121E0,5.627825E0,2.133101E1
8.967292E0,5.447652E0,2.101867E1
8.971463E0,5.072210E0,1.996506E1
8.975633E0,4.454059E0,1.784982E1
8.979804E0,3.366285E0,1.489479E1
8.983975E0,1.920337E0,1.125570E1
8.988146E0,1.005701E0,7.358034E0
8.992317E0,3.254894E-1,3.784095E0
8.996488E0,-5.008299E-1,8.868369E-1
9.000658E0,-1.018740E0,-7.117411E-1
9.004829E0,-1.458819E0,-2.464707E0
9.009000E0,-1.327017E0,-2.903158E0
9.013171E0,-1.533829E0,-2.718963E0
9.017342E0,-1.367509E0,-1.621509E0
9.021513E0,-8.496830E-1,1.599692E-1
9.025683E0,-1.674864E-1,2.993486E0
9.029854E0,6.653495E-1,5.968868E0
9.034025E0,1.351339E0,9.603495E0
9.038196E0,2.810262E0,1.281019E1
9.042367E0,3.911798E0,1.614743E1
9.046538E0,4.898984E0,1.850872E1
9.050708E0,5.742767E0,1.982150E1
9.054879E0,6.024999E0,2.102478E1
9.059050E0,5.734700E0,2.051998E1
9.063221E0,5.323144E0,1.926824E1
9.067392E0,4.276736E0,1.769415E1
9.071563E0,3.590364E0,1.490257E1
9.075733E0,2.292977E0,1.174482E1
9.079904E0,1.260782E0,8.076511E0
9.084075E0,-9.995217E-2,4.679403E0
9.088246E0,-4.123825E-1,1.944562E0
9.092417E0,-1.097813E0,4.648915E-2
9.096588E0,-1.558410E0,-1.299012E0
9.100758E0,-1.531561E0,-1.934607E0
9.104929E0,-1.515556E0,-1.671175E0
9.109100E0,-1.372288E0,-6.107035E-1
9.113271E0,-7.287876E-1,1.126472E0
9.117442E0,-6.783162E-2,3.714576E0
9.121613E0,9.317863E-1,6.665260E0
9.125783E0,2.308213E0,9.879502E0
9.129954E0,3.259109E0,1.341958E1
9.134125E0,4.325356E0,1.613673E1
9.138296E0,4.891347E0,1.820066E1
9.142467E0,5.424520E0,1.912102E1
9.146638E0,5.411245E0,1.944776E1
9.150808E0,5.262464E0,1.885885E1
9.154979E0,5.055893E0,1.794922E1
9.159150E0,3.739423E0,1.540874E1
9.163321E0,2.459361E0,1.257155E1
9.167492E0,1.595774E0,9.339485E0
9.171663E0,8.062565E-1,5.933168E0
9.175833E0,-2.540844E-2,3.165247E0
9.180004E0,-2.431312E-1,8.309783E-1
9.184175E0,-5.288648E-1,-2.620200E-1
9.188346E0,-8.325258E-1,-7.490912E-1
9.192517E0,-8.351155E-1,-3.064946E-1
9.196688E0,-6.687493E-1,1.746713E-1
9.200858E0,-5.554737E-2,1.838000E0
9.205029E0,4.621169E-1,4.047748E0
9.209200E0,1.281420E0,7.118429E0
9.213371E0,1.953039E0,1.026219E1
9.217542E0,3.157719E0,1.328780E1
9.221713E0,4.312427E0,1.589524E1
9.225883E0,4.996869E0,1.794394E1
9.230054E0,5.569338E0,1.877758E1
9.234225E0,5.406930E0,1.891702E1
9.238396E0,5.192662E0,1.851629E1
9.242567E0,4.523201E0,1.687406E1
9.246738E0,3.581848E0,1.486592E1
9.250908E0,2.665649E0,1.207012E1
9.255079E0,1.445390E0,9.009013E0
9.259250E0,5.166493E-1,6.204505E0
9.263421E0,-2.277889E-1,3.596396E0
9.267592E0,-5.894523E-1,1.904089E0
9.271763E0,-7.404346E-1,7.907912E-1
9.275933E0,-5.639638E-1,8.082840E-1
9.280104E0,-7.365928E-1,1.204557E0
9.284275E0,-3.381201E-1,2.865981E0
9.288446E0,-1.540200E-1,4.705917E0
9.292617E0,6.857156E-1,6.900886E0
9.296788E0,1.768799E0,9.991701E0
9.300958E0,2.732382E0,1.295292E1
9.305129E0,3.537708E0,1.581355E1
9.309300E0,4.112225E0,1.753252E1
9.313471E0,4.275478E0,1.866962E1
9.317642E0,4.512717E0,1.876663E1
9.321813E0,4.270567E0,1.821933E1
9.325983E0,3.367140E0,1.672731E1
9.330154E0,2.588478E0,1.451841E1
9.334325E0,2.001230E0,1.208211E1
9.338496E0,1.085450E0,9.186125E0
9.342667E0,5.188098E-1,6.313802E0
9.346838E0,-8.044600E-2,4.276054E0
9.351008E0,-3.443761E-1,2.842659E0
9.355179E0,-5.877787E-1,1.860659E0
9.359350E0,-5.368978E-1,1.920494E0
9.363521E0,-4.543039E-1,2.839303E0
9.367692E0,-3.919530E-1,4.100810E0
9.371863E0,-6.777755E-2,6.394642E0
9.376033E0,5.242506E-1,8.517229E0
9.380204E0,1.399788E0,1.130853E1
9.384375E0,2.659843E0,1.387655E1
9.388546E0,3.071583E0,1.620691E1
9.392717E0,3.804522E0,1.714252E1
9.396888E0,4.056913E0,1.811251E1
9.401058E0,3.814834E0,1.716517E1
9.405229E0,2.914077E0,1.664035E1
9.409400E0,2.899958E0,1.514741E1
9.413571E0,2.220778E0,1.283704E1
9.417742E0,1.254291E0,1.019276E1
9.421913E0,3.391758E-1,7.511434E0
9.426083E0,-3.393983E-1,5.095693E0
9.430254E0,-5.865129E-1,3.827989E0
9.434425E0,-8.947776E-1,3.405815E0
9.438596E0,-6.593852E-1,3.230271E0
9.442767E0,-2.969454E-1,3.773536E0
9.446938E0,-1.964445E-1,4.935572E0
9.451108E0,-1.229387E-1,7.143559E0
9.455279E0,6.019826E-1,9.217427E0
9.459450E0,1.187452E0,1.172979E1
9.463621E0,2.634200E0,1.384311E1
9.467792E0,3.161944E0,1.596759E1
9.471963E0,3.700858E0,1.691844E1
9.476133E0,3.377214E0,1.720532E1
9.480304E0,3.478666E0,1.694463E1
9.484475E0,2.837212E0,1.610110E1
9.488646E0,2.286991E0,1.403889E1
9.492817E0,1.557745E0,1.186230E1
9.496988E0,5.789023E-1,9.402006E0
9.501158E0,-7.590950E-2,7.412403E0
9.505329E0,-4.867018E-1,5.409417E0
9.509500E0,-8.001985E-1,4.414775E0
9.513671E0,-5.018748E-1,4.014898E0
9.517842E0,-8.086520E-1,4.314286E0
9.522013E0,-7.260301E-1,5.156260E0
9.526183E0,1.222028E-2,7.054328E0
9.530354E0,6.081445E-1,9.029672E0
9.534525E0,1.081209E0,1.128812E1
9.538696E0,1.915706E0,1.355351E1
9.542867E0,2.847312E0,1.537574E1
9.547038E0,3.292151E0,1.627185E1
9.551208E0,3.416448E0,1.640721E1
9.555379E0,3.366198E0,1.618315E1
9.559550E0,2.917584E0,1.522935E1
9.563721E0,2.355258E0,1.333969E1
9.567892E0,1.330006E0,1.129355E1
9.572063E0,7.002866E-1,9.107961E0
9.576233E0,4.158885E-2,7.377240E0
9.580404E0,-1.805225E-1,5.788026E0
9.584575E0,-3.287827E-1,4.840703E0
9.588746E0,-1.272298E0,4.393241E0
9.592917E0,-6.451553E-1,5.163809E0
9.597088E0,-4.808336E-1,6.399109E0
9.601258E0,-4.099302E-1,7.432204E0
9.605429E0,8.116034E-2,9.638220E0
9.609600E0,7.910877E-1,1.131427E1
9.613771E0,1.612245E0,1.312529E1
9.617942E0,2.378087E0,1.503744E1
9.622113E0,2.201305E0,1.553869E1
9.626283E0,2.277013E0,1.553173E1
9.630454E0,2.438663E0,1.493518E1
9.634625E0,1.446333E0,1.328149E1
9.638796E0,4.566988E-1,1.143903E1
9.642967E0,-2.013308E-1,9.282514E0
9.647138E0,-1.033260E0,7.654848E0
9.651308E0,-8.116880E-1,6.296958E0
9.655479E0,-1.254136E0,5.162589E0
9.659650E0,-1.235115E0,4.914524E0
9.663821E0,-1.458078E0,5.249890E0
9.667992E0,-1.286824E0,6.078910E0
9.672163E0,-1.543817E0,7.426314E0
9.676333E0,-6.714414E-1,9.383026E0
9.680504E0,1.492347E-1,1.130426E1
9.684675E0,1.156301E0,1.296606E1
9.688846E0,1.573577E0,1.405689E1
9.693017E0,2.082641E0,1.497152E1
9.697188E0,2.320322E0,1.500608E1
9.701358E0,1.832279E0,1.417955E1
9.705529E0,1.412372E0,1.289879E1
9.709700E0,4.825606E-1,1.124813E1
9.713871E0,5.302464E-1,9.849086E0
9.718042E0,-6.831367E-1,8.120096E0
9.722213E0,-7.378171E-1,7.157909E0
9.726383E0,-4.715136E-1,6.764187E0
9.730554E0,-4.052365E-1,6.760465E0
9.734725E0,-5.996864E-1,7.214848E0
9.738896E0,-3.600707E-1,7.860218E0
9.743067E0,-1.316979E-1,9.557607E0
9.747238E0,4.926021E-1,1.097984E1
9.751408E0,1.506986E0,1.292272E1
9.755579E0,1.500616E0,1.388661E1
9.759750E0,1.154240E0,1.466165E1
9.763921E0,2.121851E0,1.496528E1
9.768092E0,1.336327E0,1.430246E1
9.772263E0,9.065704E-1,1.339713E1
9.776433E0,8.808409E-1,1.211257E1
9.780604E0,2.785524E-1,1.044844E1
9.784775E0,-4.044289E-2,9.193617E0
9.788946E0,-2.893626E-1,7.878494E0
9.793117E0,-9.764284E-1,7.459643E0
9.797288E0,-6.705141E-1,7.164785E0
9.801458E0,-8.721481E-1,7.514577E0
9.805629E0,-3.464139E-1,7.960505E0
9.809800E0,-3.541227E-1,9.315869E0
9.813971E0,5.842137E-1,1.075919E1
9.818142E0,7.094704E-1,1.216164E1
9.822313E0,9.520609E-1,1.335498E1
9.826483E0,1.545587E0,1.389047E1
9.830654E0,1.386943E0,1.397102E1
9.834825E0,1.468399E0,1.379912E1
9.838996E0,9.624419E-1,1.317345E1
9.843167E0,6.864099E-1,1.176672E1
9.847338E0,-5.528889E-1,1.039236E1
9.851508E0,-6.049874E-1,9.340339E0
9.855679E0,-1.131807E0,8.405137E0
9.859850E0,-7.988440E-1,7.859382E0
9.864021E0,-7.374558E-1,7.958485E0
9.868192E0,-8.004190E-1,8.366467E0
9.872363E0,-5.224029E-1,9.265992E0
9.876533E0,-3.462083E-1,1.022625E1
9.880704E0,-9.429912E-2,1.150585E1
9.884875E0,3.707359E-2,1.263909E1
9.889046E0,7.858707E-1,1.313880E1
9.893217E0,6.700348E-2,1.358541E1
9.897388E0,3.576744E-1,1.337578E1
9.901558E0,5.423436E-1,1.289754E1
9.905729E0,2.242867E-2,1.215455E1
9.909900E0,-1.545526E-1,1.111612E1
9.914071E0,-3.590056E-1,9.946013E0
9.918242E0,-7.155636E-1,9.070152E0
9.922413E0,-1.414433E0,8.270869E0
9.926583E0,-1.444612E0,8.068299E0
9.930754E0,-1.598909E0,8.226411E0
9.934925E0,-1.051289E0,9.252157E0
9.939096E0,-7.609713E-1,1.023250E1
9.943267E0,-5.674015E-1,1.102623E1
9.947438E0,-3.431861E-1,1.209203E1
9.951608E0,6.287594E-2,1.325200E1
9.955779E0,-6.771675E-2,1.335069E1
9.959950E0,-7.030172E-2,1.326046E1
9.964121E0,3.279182E-1,1.295152E1
9.968292E0,-2.517479E-1,1.196621E1
9.972463E0,-6.627432E-1,1.112067E1
9.976633E0,-1.018045E0,1.048724E1
9.980804E0,-1.361379E0,9.365757E0
9.984975E0,-1.320658E0,8.925217E0
9.989146E0,-1.384542E0,8.907330E0
9.993317E0,-1.553434E0,9.192845E0
9.997488E0,-1.346270E0,9.852130E0
1.000166E1,-1.929106E0,1.055187E1
1.000583E1,-1.432448E0,1.120152E1
1.001000E1,-1.057239E0,1.240199E1
1.001417E1,-6.820491E-1,1.309611E1
1.001834E1,-9.062118E-1,1.329694E1
1.002251E1,-8.436849E-1,1.324063E1
1.002668E1,-4.965472E-1,1.294743E1
1.003085E1,-1.060845E0,1.235219E1
1.003503E1,-1.312571E0,1.109329E1
1.003920E1,-2.006438E0,1.046309E1
1.004337E1,-1.699460E0,1.007323E1
1.004754E1,-1.507316E0,9.840554E0
1.005171E1,-1.575568E0,9.893148E0
1.005588E1,-1.784773E0,1.015646E1
1.006005E1,-1.946250E0,1.048455E1
1.006422E1,-1.522349E0,1.100055E1
1.006839E1,-1.203249E0,1.177485E1
1.007256E1,-1.795772E0,1.252741E1
1.007673E1,-1.074326E0,1.316186E1
1.008090E1,-1.083182E0,1.328327E1
1.008508E1,-8.880720E-1,1.308764E1
1.008925E1,-1.540883E0,1.238982E1
1.009342E1,-1.338339E0,1.186850E1
1.009759E1,-1.944187E0,1.129419E1
1.010176E1,-2.431737E0,1.033786E1
1.010593E1,-2.195480E0,9.932510E0
1.011010E1,-2.332549E0,9.999567E0
1.011427E1,-2.604067E0,1.003113E1
1.011844E1,-2.922414E0,1.039930E1
1.012261E1,-2.215242E0,1.075191E1
1.012678E1,-2.799973E0,1.140027E1
1.013095E1,-2.207897E0,1.194925E1
1.013513E1,-1.653346E0,1.293919E1
1.013930E1,-1.889055E0,1.306912E1
1.014347E1,-1.942520E0,1.315376E1
1.014764E1,-1.766770E0,1.297332E1
1.015181E1,-2.442215E0,1.220516E1
1.015598E1,-2.259521E0,1.179070E1
1.016015E1,-2.917513E0,1.124674E1
1.016432E1,-2.639538E0,1.087881E1
1.016849E1,-2.504046E0,1.085152E1
1.017266E1,-2.539064E0,1.088228E1
1.017683E1,-2.834476E0,1.105555E1
1.018100E1,-2.957304E0,1.129873E1
1.018518E1,-3.119706E0,1.164779E1
1.018935E1,-2.406264E0,1.195558E1
1.019352E1,-2.924109E0,1.242155E1
1.019769E1,-3.060191E0,1.262114E1
1.020186E1,-3.033475E0,1.250686E1
1.020603E1,-2.728815E0,1.232352E1
1.021020E1,-2.785427E0,1.200643E1
1.021437E1,-3.210708E0,1.124105E1
1.021854E1,-3.369877E0,1.097755E1
1.022271E1,-3.193230E0,1.078829E1
1.022688E1,-3.283318E0,1.080389E1
1.023105E1,-3.354919E0,1.079821E1
1.023523E1,-3.476289E0,1.102235E1
1.023940E1,-3.766070E0,1.130788E1
1.024357E1,-3.959580E0,1.143940E1
1.024774E1,-3.205277E0,1.185219E1
1.025191E1,-3.447119E0,1.204260E1
1.025608E1,-3.613250E0,1.213546E1
1.026025E1,-3.715226E0,1.220654E1
1.026442E1,-3.490018E0,1.193930E1
1.026859E1,-4.349631E0,1.128501E1
1.027276E1,-4.340804E0,1.107885E1
1.027693E1,-4.259855E0,1.088887E1
1.028110E1,-4.179483E0,1.076152E1
1.028528E1,-4.291326E0,1.083114E1
1.028945E1,-4.405925E0,1.089859E1
1.029362E1,-4.563317E0,1.102464E1
1.029779E1,-4.797635E0,1.120788E1
1.030196E1,-4.961411E0,1.149020E1
1.030613E1,-5.113092E0,1.172656E1
1.031030E1,-5.143110E0,1.172563E1
1.031447E1,-5.049346E0,1.166505E1
1.031864E1,-4.954162E0,1.152271E1
1.032281E1,-4.880956E0,1.131989E1
1.032698E1,-4.901100E0,1.127600E1
1.033115E1,-4.687829E0,1.097753E1
1.033533E1,-4.306765E0,1.081478E1
1.033950E1,-4.600726E0,1.092354E1
1.034367E1,-4.545749E0,1.094450E1
1.034784E1,-4.571724E0,1.095691E1
1.035201E1,-4.724002E0,1.106022E1
1.035618E1,-4.916177E0,1.130677E1
1.036035E1,-4.866197E0,1.135226E1
1.036452E1,-5.047720E0,1.152338E1
1.036869E1,-4.969454E0,1.144470E1
1.037286E1,-4.880345E0,1.135425E1
1.037703E1,-4.784064E0,1.120022E1
1.038120E1,-4.778940E0,1.120191E1
1.038538E1,-4.586109E0,1.100305E1
1.038955E1,-4.570074E0,1.092137E1
1.039372E1,-4.557812E0,1.087600E1
1.039789E1,-4.475317E0,1.098631E1
1.040206E1,-4.684136E0,1.102604E1
1.040623E1,-4.721888E0,1.121017E1
1.041040E1,-5.025860E0,1.129512E1
1.041457E1,-4.706773E0,1.122630E1
1.041874E1,-4.845323E0,1.128098E1
