,mass A,,
t,x,y,
0.000000E0,4.021501E2,-8.185357E1
4.170833E-3,3.973297E2,-8.185087E1
8.341667E-3,3.920565E2,-8.171978E1
1.251250E-2,3.857830E2,-8.028036E1
1.668333E-2,3.774496E2,-7.825923E1
2.085417E-2,3.674589E2,-7.907281E1
2.502500E-2,3.560607E2,-7.560583E1
2.919583E-2,3.424218E2,-7.570728E1
3.336667E-2,3.261756E2,-7.502626E1
3.753750E-2,3.087922E2,-6.992173E1
4.170833E-2,2.880390E2,-6.740852E1
4.587917E-2,2.626229E2,-7.173628E1
5.005000E-2,2.381136E2,-6.502744E1
5.422083E-2,2.090573E2,-6.005374E1
5.839167E-2,1.779128E2,-5.552900E1
6.256250E-2,1.446340E2,-5.031725E1
6.673333E-2,1.040966E2,-4.888242E1
7.090417E-2,7.345241E1,-3.606508E1
7.507500E-2,2.459964E1,-3.395790E1
7.924583E-2,-1.304333E1,-2.469009E1
8.341667E-2,-4.895343E1,-1.694451E1
8.758750E-2,-8.409685E1,-9.821931E0
9.175833E-2,-1.162682E2,-2.644822E0
9.592917E-2,-1.437888E2,4.136396E0
1.001000E-1,-1.677598E2,1.067234E1
1.042708E-1,-1.896938E2,1.687459E1
1.084417E-1,-2.093518E2,2.258049E1
1.126125E-1,-2.271938E2,2.766377E1
1.167833E-1,-2.418628E2,3.255089E1
1.209542E-1,-2.562335E2,3.698822E1
1.251250E-1,-2.679626E2,4.103645E1
1.292958E-1,-2.780318E2,4.483983E1
1.334667E-1,-2.862261E2,4.818838E1
1.376375E-1,-2.933763E2,5.122417E1
1.418083E-1,-2.989434E2,5.360512E1
1.459792E-1,-3.035921E2,5.587028E1
1.501500E-1,-3.074322E2,5.780072E1
1.543208E-1,-3.102397E2,5.959286E1
1.584917E-1,-3.121409E2,6.100648E1
1.626625E-1,-3.136680E2,6.245531E1
1.668333E-1,-3.146649E2,6.339766E1
1.710042E-1,-3.155135E2,6.451526E1
1.751750E-1,-3.157995E2,6.533997E1
1.793458E-1,-3.160129E2,6.612216E1
1.835167E-1,-3.159374E2,6.693631E1
1.876875E-1,-3.153470E2,6.734870E1
1.918583E-1,-3.149042E2,6.798389E1
1.960292E-1,-3.146677E2,6.834759E1
2.002000E-1,-3.135516E2,6.872354E1
2.043708E-1,-3.131551E2,6.911263E1
2.085417E-1,-3.118811E2,6.933119E1
2.127125E-1,-3.107884E2,6.935810E1
2.168833E-1,-3.087489E2,6.920585E1
2.210542E-1,-3.068804E2,6.913637E1
2.252250E-1,-3.038969E2,6.877632E1
2.293958E-1,-3.002969E2,6.817152E1
2.335667E-1,-2.959616E2,6.738217E1
2.377375E-1,-2.907756E2,6.624966E1
2.419083E-1,-2.846246E2,6.485992E1
2.460792E-1,-2.771472E2,6.307389E1
2.502500E-1,-2.682702E2,6.091334E1
2.544208E-1,-2.559823E2,5.788957E1
2.585917E-1,-2.430834E2,5.439705E1
2.627625E-1,-2.295162E2,5.086954E1
2.669333E-1,-2.123738E2,4.629661E1
2.711042E-1,-1.933028E2,4.078800E1
2.752750E-1,-1.711632E2,3.521256E1
2.794458E-1,-1.463295E2,2.874371E1
2.836167E-1,-1.186279E2,2.138378E1
2.877875E-1,-8.995873E1,1.424241E1
2.919583E-1,-5.289054E1,8.202063E0
2.961292E-1,-1.265895E1,4.934284E0
3.003000E-1,2.562595E1,-2.103630E0
3.044708E-1,6.316204E1,-1.098513E1
3.086417E-1,9.709345E1,-2.280358E1
3.128125E-1,1.280179E2,-3.353767E1
3.169833E-1,1.581865E2,-4.269504E1
3.211542E-1,1.889707E2,-4.354074E1
3.253250E-1,2.158037E2,-4.900683E1
3.294958E-1,2.399828E2,-5.611363E1
3.336667E-1,2.620840E2,-6.359359E1
3.378375E-1,2.822791E2,-6.921429E1
3.420083E-1,3.001200E2,-7.389313E1
3.461792E-1,3.159396E2,-8.129101E1
3.503500E-1,3.298113E2,-8.456371E1
3.545208E-1,3.415674E2,-8.927075E1
3.586917E-1,3.518844E2,-9.317599E1
3.628625E-1,3.610473E2,-9.854349E1
3.670333E-1,3.701748E2,-1.073967E2
3.712042E-1,3.763675E2,-1.102895E2
3.753750E-1,3.820080E2,-1.122567E2
3.795458E-1,3.862865E2,-1.137584E2
3.837167E-1,3.900671E2,-1.165861E2
3.878875E-1,3.931989E2,-1.187676E2
3.920583E-1,3.952642E2,-1.202516E2
3.962292E-1,3.972092E2,-1.216618E2
4.004000E-1,3.985434E2,-1.230702E2
4.045708E-1,3.987315E2,-1.244641E2
4.087417E-1,3.994632E2,-1.254836E2
4.129125E-1,3.993208E2,-1.267569E2
4.170833E-1,3.989757E2,-1.275348E2
4.212542E-1,3.981907E2,-1.286877E2
4.254250E-1,3.971752E2,-1.292684E2
4.295958E-1,3.954375E2,-1.296620E2
4.337667E-1,3.934999E2,-1.303739E2
4.379375E-1,3.909792E2,-1.307165E2
4.421083E-1,3.880708E2,-1.309390E2
4.462792E-1,3.847204E2,-1.310219E2
4.504500E-1,3.805262E2,-1.305237E2
4.546208E-1,3.753924E2,-1.302584E2
4.587917E-1,3.693487E2,-1.292815E2
4.629625E-1,3.620814E2,-1.283961E2
4.671333E-1,3.540441E2,-1.266059E2
4.713042E-1,3.443170E2,-1.248222E2
4.754750E-1,3.333517E2,-1.223367E2
4.796458E-1,3.208335E2,-1.185584E2
4.838167E-1,3.066342E2,-1.146908E2
4.879875E-1,2.900833E2,-1.102793E2
4.921583E-1,2.718567E2,-1.058088E2
4.963292E-1,2.520403E2,-1.006190E2
5.005000E-1,2.283303E2,-1.003704E2
5.046708E-1,2.031098E2,-9.400355E1
5.088417E-1,1.761673E2,-8.602422E1
5.130125E-1,1.460332E2,-7.993016E1
5.171833E-1,1.143129E2,-7.074556E1
5.213542E-1,8.215252E1,-5.905248E1
5.255250E-1,4.824547E1,-4.699176E1
5.296958E-1,1.404158E1,-3.347313E1
5.338667E-1,-1.757518E1,-2.029485E1
5.380375E-1,-4.959270E1,-1.014270E1
5.422083E-1,-7.874470E1,3.373229E-1
5.463792E-1,-1.028608E2,1.195156E1
5.505500E-1,-1.247902E2,2.237815E1
5.547208E-1,-1.449072E2,3.191254E1
5.588917E-1,-1.635976E2,4.118516E1
5.630625E-1,-1.803413E2,5.013912E1
5.672333E-1,-1.957574E2,5.806819E1
5.714042E-1,-2.103400E2,6.529225E1
5.755750E-1,-2.239741E2,7.187790E1
5.797458E-1,-2.356808E2,7.829712E1
5.839167E-1,-2.462316E2,8.395768E1
5.880875E-1,-2.548262E2,8.907884E1
5.922583E-1,-2.622938E2,9.368125E1
5.964292E-1,-2.687591E2,9.809564E1
6.006000E-1,-2.734932E2,1.015449E2
6.047708E-1,-2.780011E2,1.046227E2
6.089417E-1,-2.807756E2,1.071546E2
6.131125E-1,-2.835445E2,1.095489E2
6.172833E-1,-2.847806E2,1.114106E2
6.214542E-1,-2.861981E2,1.129192E2
6.256250E-1,-2.865663E2,1.144735E2
6.297958E-1,-2.867769E2,1.155664E2
6.339667E-1,-2.867217E2,1.166038E2
6.381375E-1,-2.863912E2,1.174358E2
6.423083E-1,-2.859885E2,1.182045E2
6.464792E-1,-2.850299E2,1.186051E2
6.506500E-1,-2.831793E2,1.186630E2
6.548208E-1,-2.815462E2,1.187617E2
6.589917E-1,-2.792774E2,1.186731E2
6.631625E-1,-2.765206E2,1.181063E2
6.673333E-1,-2.725494E2,1.171784E2
6.715042E-1,-2.680404E2,1.158450E2
6.756750E-1,-2.634683E2,1.141994E2
6.798458E-1,-2.567244E2,1.120040E2
6.840167E-1,-2.495787E2,1.091970E2
6.881875E-1,-2.407090E2,1.060005E2
6.923583E-1,-2.306131E2,1.022708E2
6.965292E-1,-2.186569E2,9.780159E1
7.007000E-1,-2.067272E2,9.226869E1
7.048708E-1,-1.921049E2,8.627265E1
7.090417E-1,-1.750859E2,7.932323E1
7.132125E-1,-1.576923E2,7.117855E1
7.173833E-1,-1.383003E2,6.329186E1
7.215542E-1,-1.155280E2,5.381738E1
7.257250E-1,-9.417396E1,4.415879E1
7.298958E-1,-6.761987E1,3.286626E1
7.340667E-1,-4.219226E1,2.157657E1
7.382375E-1,-1.632345E1,3.562154E0
7.424083E-1,1.713800E1,-1.198966E1
7.465792E-1,5.590509E1,-1.377085E1
7.507500E-1,8.587924E1,-2.900564E1
7.549208E-1,1.138908E2,-4.449409E1
7.590917E-1,1.399963E2,-5.937991E1
7.632625E-1,1.652444E2,-7.274872E1
7.674333E-1,1.851070E2,-9.908684E1
7.716042E-1,2.059650E2,-1.105759E2
7.757750E-1,2.257230E2,-1.203619E2
7.799458E-1,2.443169E2,-1.317512E2
7.841167E-1,2.619452E2,-1.405721E2
7.882875E-1,2.760176E2,-1.484971E2
7.924583E-1,2.898871E2,-1.542213E2
7.966292E-1,3.003229E2,-1.611133E2
8.008000E-1,3.103481E2,-1.671340E2
8.049708E-1,3.191650E2,-1.720666E2
8.091417E-1,3.257088E2,-1.768130E2
8.133125E-1,3.317744E2,-1.806015E2
8.174833E-1,3.369956E2,-1.838730E2
8.216542E-1,3.402285E2,-1.885053E2
8.258250E-1,3.434934E2,-1.919159E2
8.299958E-1,3.463333E2,-1.941799E2
8.341667E-1,3.483849E2,-1.962651E2
8.383375E-1,3.491514E2,-1.985134E2
8.425083E-1,3.500816E2,-1.999576E2
8.466792E-1,3.501242E2,-2.017113E2
8.508500E-1,3.500146E2,-2.027201E2
8.550208E-1,3.500768E2,-2.030750E2
8.591917E-1,3.482871E2,-2.048198E2
8.633625E-1,3.473907E2,-2.043426E2
8.675333E-1,3.453155E2,-2.042279E2
8.717042E-1,3.420329E2,-2.043852E2
8.758750E-1,3.390136E2,-2.036170E2
8.800458E-1,3.350974E2,-2.025914E2
8.842167E-1,3.304722E2,-2.019837E2
8.883875E-1,3.251802E2,-1.996004E2
8.925583E-1,3.188184E2,-1.973935E2
8.967292E-1,3.120554E2,-1.956208E2
9.009000E-1,3.036751E2,-1.915626E2
9.050708E-1,2.942736E2,-1.884050E2
9.092417E-1,2.834455E2,-1.837745E2
9.134125E-1,2.712172E2,-1.772772E2
9.175833E-1,2.574776E2,-1.713086E2
9.217542E-1,2.421868E2,-1.633958E2
9.259250E-1,2.252029E2,-1.553301E2
9.300958E-1,2.062795E2,-1.442373E2
9.342667E-1,1.851444E2,-1.349752E2
9.384375E-1,1.629802E2,-1.238076E2
9.426083E-1,1.399405E2,-1.093925E2
9.467792E-1,1.152620E2,-9.571209E1
9.509500E-1,8.912745E1,-7.888192E1
9.551208E-1,6.250096E1,-6.119055E1
9.592917E-1,3.425805E1,-4.255702E1
9.634625E-1,7.040518E0,-2.340580E1
9.676333E-1,-1.808682E1,-3.572866E0
9.718042E-1,-2.801781E1,2.640451E1
9.759750E-1,-6.390568E1,2.369151E1
9.801458E-1,-1.906028E1,2.551247E1
9.843167E-1,-2.752989E1,3.195391E1
9.884875E-1,-1.672660E2,1.138832E2
9.926583E-1,-1.850602E2,1.227804E2
9.968292E-1,-1.992939E2,1.348480E2
1.001000E0,-2.122344E2,1.503516E2
1.005171E0,-2.230739E2,1.612596E2
1.009342E0,-2.331989E2,1.707540E2
1.013513E0,-2.421657E2,1.789823E2
1.017683E0,-2.500898E2,1.865318E2
1.021854E0,-2.568062E2,1.934661E2
1.026025E0,-2.625392E2,2.009851E2
1.030196E0,-2.671072E2,2.058908E2
1.034367E0,-2.703948E2,2.109308E2
1.038537E0,-2.733624E2,2.151101E2
1.042708E0,-2.753801E2,2.185843E2
1.046879E0,-2.774024E2,2.212404E2
1.051050E0,-2.784233E2,2.231463E2
1.055221E0,-2.789461E2,2.244696E2
1.059392E0,-2.792724E2,2.259077E2
1.063562E0,-2.791663E2,2.268838E2
1.067733E0,-2.787690E2,2.268031E2
1.071904E0,-2.780487E2,2.272634E2
1.076075E0,-2.760653E2,2.274172E2
1.080246E0,-2.741908E2,2.268554E2
1.084417E0,-2.718034E2,2.256480E2
1.088588E0,-2.691264E2,2.241961E2
1.092758E0,-2.652148E2,2.218049E2
1.096929E0,-2.609419E2,2.192254E2
1.101100E0,-2.557964E2,2.160580E2
1.105271E0,-2.499781E2,2.115938E2
1.109442E0,-2.430553E2,2.061447E2
1.113612E0,-2.353004E2,2.000219E2
1.117783E0,-2.259481E2,1.930198E2
1.121954E0,-2.165337E2,1.862448E2
1.126125E0,-2.056950E2,1.774024E2
1.130296E0,-1.934642E2,1.672407E2
1.134467E0,-1.795277E2,1.560007E2
1.138637E0,-1.650252E2,1.432591E2
1.142808E0,-1.476688E2,1.305123E2
1.146979E0,-1.307308E2,1.164246E2
1.151150E0,-9.608897E1,9.253012E1
1.155321E0,-7.269337E1,6.858481E1
1.159492E0,-4.677603E1,4.698567E1
1.163662E0,-1.924134E1,2.436898E1
1.167833E0,8.530261E0,5.346239E-1
1.172004E0,3.438492E1,-2.195632E1
1.176175E0,5.831464E1,-4.309168E1
1.180346E0,8.245231E1,-6.364358E1
1.184517E0,1.048937E2,-8.182667E1
1.188687E0,1.250140E2,-9.932090E1
1.192858E0,1.433867E2,-1.154782E2
1.197029E0,1.607500E2,-1.308505E2
1.201200E0,1.760668E2,-1.457963E2
1.205371E0,1.890674E2,-1.593609E2
1.209542E0,2.048434E2,-1.708820E2
1.213713E0,2.149218E2,-1.817008E2
1.217883E0,2.245728E2,-1.914827E2
1.222054E0,2.331291E2,-2.003804E2
1.226225E0,2.406634E2,-2.075083E2
1.230396E0,2.478558E2,-2.146903E2
1.234567E0,2.535636E2,-2.203860E2
1.238738E0,2.589562E2,-2.247757E2
1.242908E0,2.630359E2,-2.286968E2
1.247079E0,2.662430E2,-2.324258E2
1.251250E0,2.687718E2,-2.352557E2
1.255421E0,2.714057E2,-2.377026E2
1.259592E0,2.729660E2,-2.394146E2
1.263763E0,2.741392E2,-2.407806E2
1.267933E0,2.743231E2,-2.417281E2
1.272104E0,2.746039E2,-2.414924E2
1.276275E0,2.742717E2,-2.416535E2
1.280446E0,2.725074E2,-2.411443E2
1.284617E0,2.718980E2,-2.397137E2
1.288787E0,2.690762E2,-2.384041E2
1.292958E0,2.661167E2,-2.363769E2
1.297129E0,2.624021E2,-2.336133E2
1.301300E0,2.584930E2,-2.301651E2
1.305471E0,2.544701E2,-2.263238E2
1.309642E0,2.491880E2,-2.217317E2
1.313813E0,2.420760E2,-2.165695E2
1.317983E0,2.349437E2,-2.103206E2
1.322154E0,2.264407E2,-2.027407E2
1.326325E0,2.161513E2,-1.948605E2
1.330496E0,2.051105E2,-1.848689E2
1.334667E0,1.923252E2,-1.742569E2
1.338838E0,1.791613E2,-1.622742E2
1.343008E0,1.630343E2,-1.488732E2
1.347179E0,1.473719E2,-1.345124E2
1.351350E0,1.288664E2,-1.178278E2
1.355521E0,1.113470E2,-1.008291E2
1.359692E0,8.865692E1,-8.215077E1
1.363862E0,6.779264E1,-6.224252E1
1.368033E0,4.618405E1,-4.042225E1
1.372204E0,2.359111E1,-1.795046E1
1.376375E0,-4.227213E-1,5.499331E0
1.380546E0,-2.367006E1,2.842524E1
1.384717E0,-4.660066E1,4.918836E1
1.388888E0,-6.591289E1,7.320790E1
1.393058E0,-8.360941E1,9.359753E1
1.397229E0,-1.001037E2,1.116762E2
1.401400E0,-1.159836E2,1.286545E2
1.405571E0,-1.307506E2,1.439294E2
1.409742E0,-1.431736E2,1.557315E2
1.413912E0,-1.562958E2,1.691944E2
1.418083E0,-1.675129E2,1.804128E2
1.422254E0,-1.778887E2,1.917298E2
1.426425E0,-1.870056E2,2.004062E2
1.430596E0,-1.947261E2,2.085285E2
1.434767E0,-2.011963E2,2.159977E2
1.438937E0,-2.073876E2,2.216488E2
1.443108E0,-2.115177E2,2.264613E2
1.447279E0,-2.158329E2,2.309352E2
1.451450E0,-2.192716E2,2.340184E2
1.455621E0,-2.218535E2,2.364282E2
1.459792E0,-2.241974E2,2.383653E2
1.463963E0,-2.257933E2,2.397791E2
1.468133E0,-2.273983E2,2.403987E2
1.472304E0,-2.281887E2,2.404947E2
1.476475E0,-2.286710E2,2.401595E2
1.480646E0,-2.286516E2,2.395309E2
1.484817E0,-2.282631E2,2.380273E2
1.488987E0,-2.268815E2,2.360173E2
1.493158E0,-2.253240E2,2.333302E2
1.497329E0,-2.235184E2,2.300794E2
1.501500E0,-2.205763E2,2.261102E2
1.505671E0,-2.168192E2,2.219458E2
1.509842E0,-2.129154E2,2.161226E2
1.514012E0,-2.077438E2,2.099975E2
1.518183E0,-2.021621E2,2.022704E2
1.522354E0,-1.949651E2,1.942573E2
1.526525E0,-1.870255E2,1.847905E2
1.530696E0,-1.774062E2,1.733291E2
1.534867E0,-1.660594E2,1.608230E2
1.539037E0,-1.540608E2,1.476889E2
1.543208E0,-1.409651E2,1.336284E2
1.547379E0,-1.258692E2,1.178428E2
1.551550E0,-1.077818E2,9.893649E1
1.555721E0,-8.947055E1,7.928163E1
1.559892E0,-6.778168E1,5.848801E1
1.564062E0,-4.002750E1,3.362701E1
1.568233E0,-1.751618E1,1.244869E1
1.572404E0,4.477866E0,-7.695478E0
1.576575E0,2.693199E1,-2.778304E1
1.580746E0,5.068315E1,-4.716313E1
1.584917E0,7.300835E1,-6.536514E1
1.589087E0,9.335503E1,-8.206847E1
1.593258E0,1.128222E2,-9.751508E1
1.597429E0,1.315722E2,-1.114448E2
1.601600E0,1.492296E2,-1.243446E2
1.605771E0,1.646847E2,-1.368317E2
1.609942E0,1.782719E2,-1.473200E2
1.614113E0,1.900778E2,-1.577843E2
1.618283E0,2.021935E2,-1.675153E2
1.622454E0,2.132771E2,-1.754221E2
1.626625E0,2.228565E2,-1.825594E2
1.630796E0,2.314251E2,-1.886695E2
1.634967E0,2.391011E2,-1.942773E2
1.639138E0,2.465123E2,-1.987571E2
1.643308E0,2.528245E2,-2.023945E2
1.647479E0,2.579731E2,-2.053273E2
1.651650E0,2.628880E2,-2.079014E2
1.655821E0,2.662821E2,-2.096200E2
1.659992E0,2.692805E2,-2.113494E2
1.664163E0,2.718057E2,-2.115112E2
1.668333E0,2.734422E2,-2.114156E2
1.672504E0,2.743130E2,-2.116687E2
1.676675E0,2.744783E2,-2.104803E2
1.680846E0,2.735733E2,-2.090411E2
1.685017E0,2.727092E2,-2.072719E2
1.689188E0,2.704132E2,-2.049793E2
1.693358E0,2.681283E2,-2.025360E2
1.697529E0,2.644398E2,-1.991497E2
1.701700E0,2.602779E2,-1.954537E2
1.705871E0,2.552043E2,-1.909070E2
1.710042E0,2.481522E2,-1.853240E2
1.714213E0,2.419749E2,-1.795383E2
1.718383E0,2.334813E2,-1.725556E2
1.722554E0,2.248596E2,-1.645577E2
1.726725E0,2.152534E2,-1.558803E2
1.730896E0,2.037046E2,-1.464652E2
1.735067E0,1.911161E2,-1.355871E2
1.739237E0,1.771638E2,-1.237999E2
1.743408E0,1.618991E2,-1.114435E2
1.747579E0,1.440410E2,-9.743094E1
1.751750E0,1.251819E2,-8.284169E1
1.755921E0,1.041595E2,-6.752083E1
1.760092E0,8.299722E1,-5.063548E1
1.764263E0,5.988392E1,-3.304448E1
1.768433E0,3.673592E1,-1.429092E1
1.772604E0,1.257325E1,5.097679E0
1.776775E0,-1.304150E1,2.261872E1
1.780946E0,-3.727920E1,4.169930E1
1.785117E0,-5.919461E1,5.922267E1
1.789288E0,-7.918243E1,7.644898E1
1.793458E0,-1.007481E2,9.258634E1
1.797629E0,-1.142462E2,1.013800E2
1.801800E0,-1.305768E2,1.130816E2
1.805971E0,-1.458834E2,1.246345E2
1.810142E0,-1.609477E2,1.354210E2
1.814312E0,-1.737179E2,1.438963E2
1.818483E0,-1.858685E2,1.526393E2
1.822654E0,-1.969760E2,1.602837E2
1.826825E0,-2.059540E2,1.666349E2
1.830996E0,-2.135200E2,1.722228E2
1.835167E0,-2.201910E2,1.769444E2
1.839338E0,-2.263504E2,1.808836E2
1.843508E0,-2.313167E2,1.840156E2
1.847679E0,-2.355652E2,1.865098E2
1.851850E0,-2.391468E2,1.883567E2
1.856021E0,-2.417582E2,1.895815E2
1.860192E0,-2.438473E2,1.903709E2
1.864362E0,-2.455394E2,1.909052E2
1.868533E0,-2.460467E2,1.903177E2
1.872704E0,-2.462903E2,1.895811E2
1.876875E0,-2.456735E2,1.882416E2
1.881046E0,-2.442848E2,1.863566E2
1.885217E0,-2.426151E2,1.844589E2
1.889387E0,-2.399347E2,1.813283E2
1.893558E0,-2.361500E2,1.778426E2
1.897729E0,-2.322238E2,1.734208E2
1.901900E0,-2.270355E2,1.687186E2
1.906071E0,-2.210737E2,1.633248E2
1.910242E0,-2.139918E2,1.572248E2
1.914413E0,-2.054409E2,1.493420E2
1.918583E0,-1.960938E2,1.422240E2
1.922754E0,-1.840123E2,1.326912E2
1.926925E0,-1.722293E2,1.232239E2
1.931096E0,-1.580833E2,1.124759E2
1.935267E0,-1.413773E2,9.926744E1
1.939437E0,-1.224486E2,8.534973E1
1.943608E0,-1.044288E2,7.226791E1
1.947779E0,-8.404555E1,5.728775E1
1.951950E0,-6.238914E1,4.135229E1
1.956121E0,-3.370585E1,2.271427E1
1.960292E0,-1.279315E1,8.367659E0
1.964463E0,1.389147E1,-9.045383E0
1.968633E0,3.399234E1,-2.581776E1
1.972804E0,5.976892E1,-3.938019E1
1.976975E0,8.473963E1,-5.049333E1
1.981146E0,1.062939E2,-6.232348E1
1.985317E0,1.271593E2,-7.420060E1
1.989487E0,1.468094E2,-8.534340E1
1.993658E0,1.635305E2,-9.519826E1
1.997829E0,1.798320E2,-1.047515E2
2.002000E0,1.934652E2,-1.128762E2
2.006171E0,2.067055E2,-1.206857E2
2.010342E0,2.187545E2,-1.272394E2
2.014512E0,2.282714E2,-1.342756E2
2.018683E0,2.383142E2,-1.396494E2
2.022854E0,2.470514E2,-1.445393E2
2.027025E0,2.547520E2,-1.485530E2
2.031196E0,2.611398E2,-1.520515E2
2.035367E0,2.668934E2,-1.553955E2
2.039538E0,2.718274E2,-1.574677E2
2.043708E0,2.760895E2,-1.594433E2
2.047879E0,2.791930E2,-1.605966E2
2.052050E0,2.812337E2,-1.614860E2
2.056221E0,2.821350E2,-1.619503E2
2.060392E0,2.827523E2,-1.615208E2
2.064563E0,2.820085E2,-1.614595E2
2.068733E0,2.807865E2,-1.607285E2
2.072904E0,2.783179E2,-1.594166E2
2.077075E0,2.753362E2,-1.575712E2
2.081246E0,2.711105E2,-1.551837E2
2.085417E0,2.667352E2,-1.526649E2
2.089587E0,2.606781E2,-1.490652E2
2.093758E0,2.546778E2,-1.457128E2
2.097929E0,2.458662E2,-1.410874E2
2.102100E0,2.378564E2,-1.357783E2
2.106271E0,2.277508E2,-1.303283E2
2.110442E0,2.159951E2,-1.234030E2
2.114613E0,2.055119E2,-1.165326E2
2.118783E0,1.904166E2,-1.077513E2
2.122954E0,1.759627E2,-9.922473E1
2.127125E0,1.597885E2,-8.978546E1
2.131296E0,1.432482E2,-7.922316E1
2.135467E0,1.231258E2,-6.785967E1
2.139637E0,9.849348E1,-5.714635E1
2.143808E0,7.730856E1,-4.395830E1
2.147979E0,5.230842E1,-3.164743E1
2.152150E0,2.827512E1,-1.601360E1
2.156321E0,3.601621E0,-2.819999E-1
2.160492E0,-2.129313E1,1.549209E1
2.164662E0,-4.623559E1,3.146539E1
2.168833E0,-6.879711E1,4.651833E1
2.173004E0,-8.807790E1,6.171824E1
2.177175E0,-1.095016E2,7.622559E1
2.181346E0,-1.219056E2,8.461561E1
2.185517E0,-1.377441E2,9.501810E1
2.189687E0,-1.534348E2,1.043388E2
2.193858E0,-1.673367E2,1.133032E2
2.198029E0,-1.793170E2,1.216729E2
2.202200E0,-1.910263E2,1.299589E2
2.206371E0,-2.011764E2,1.363216E2
2.210542E0,-2.098013E2,1.424079E2
2.214713E0,-2.173408E2,1.477225E2
2.218883E0,-2.237793E2,1.527329E2
2.223054E0,-2.289875E2,1.566095E2
2.227225E0,-2.330606E2,1.596652E2
2.231396E0,-2.370598E2,1.624711E2
2.235567E0,-2.396122E2,1.644605E2
2.239738E0,-2.414867E2,1.658421E2
2.243908E0,-2.431772E2,1.670411E2
2.248079E0,-2.434538E2,1.675237E2
2.252250E0,-2.432583E2,1.673945E2
2.256421E0,-2.421715E2,1.666762E2
2.260592E0,-2.403971E2,1.656620E2
2.264762E0,-2.374895E2,1.637914E2
2.268933E0,-2.342029E2,1.616528E2
2.273104E0,-2.297340E2,1.587304E2
2.277275E0,-2.252687E2,1.554685E2
2.281446E0,-2.192872E2,1.516423E2
2.285617E0,-2.118871E2,1.466299E2
2.289788E0,-2.040632E2,1.412564E2
2.293958E0,-1.940414E2,1.347916E2
2.298129E0,-1.838797E2,1.276275E2
2.302300E0,-1.727509E2,1.207083E2
2.306471E0,-1.593947E2,1.113181E2
2.310642E0,-1.440095E2,1.015689E2
2.314812E0,-1.275446E2,9.023695E1
2.318983E0,-1.089951E2,7.866431E1
2.323154E0,-8.945071E1,6.624173E1
2.327325E0,-6.806643E1,5.252857E1
2.331496E0,-4.320207E1,3.646177E1
2.335667E0,-2.012955E1,2.234330E1
2.339838E0,4.845895E0,7.430636E0
2.344008E0,2.261406E1,-9.592464E0
2.348179E0,4.896898E1,-2.363410E1
2.352350E0,7.578701E1,-3.552618E1
2.356521E0,9.754971E1,-4.758662E1
2.360692E0,1.179392E2,-5.930188E1
2.364863E0,1.372941E2,-7.021126E1
2.369033E0,1.539506E2,-8.041024E1
2.373204E0,1.696756E2,-9.007938E1
2.377375E0,1.837668E2,-9.915608E1
2.381546E0,1.959994E2,-1.076455E2
2.385717E0,2.072493E2,-1.147076E2
2.389887E0,2.166815E2,-1.217684E2
2.394058E0,2.264969E2,-1.274785E2
2.398229E0,2.347312E2,-1.335599E2
2.402400E0,2.419313E2,-1.383097E2
2.406571E0,2.479917E2,-1.424996E2
2.410742E0,2.530948E2,-1.463365E2
2.414912E0,2.579627E2,-1.494679E2
2.419083E0,2.618327E2,-1.516967E2
2.423254E0,2.641045E2,-1.536551E2
2.427425E0,2.660950E2,-1.548987E2
2.431596E0,2.672873E2,-1.557255E2
2.435767E0,2.668580E2,-1.561466E2
2.439938E0,2.669098E2,-1.558748E2
2.444108E0,2.646984E2,-1.553100E2
2.448279E0,2.618792E2,-1.541807E2
2.452450E0,2.589897E2,-1.527839E2
2.456621E0,2.543878E2,-1.506038E2
2.460792E0,2.493870E2,-1.477512E2
2.464962E0,2.428776E2,-1.444052E2
2.469133E0,2.355468E2,-1.403939E2
2.473304E0,2.276248E2,-1.358517E2
2.477475E0,2.181569E2,-1.303616E2
2.481646E0,2.078071E2,-1.242630E2
2.485817E0,1.963916E2,-1.175468E2
2.489988E0,1.845322E2,-1.098370E2
2.494158E0,1.713146E2,-1.012494E2
2.498329E0,1.568236E2,-9.272953E1
2.502500E0,1.394924E2,-8.227363E1
2.506671E0,1.216221E2,-7.079000E1
2.510842E0,1.027428E2,-5.883611E1
2.515012E0,7.827873E1,-4.725401E1
2.519183E0,5.710490E1,-3.364346E1
2.523354E0,3.437099E1,-1.934615E1
2.527525E0,1.111899E1,-4.407556E0
2.531696E0,-1.260010E1,1.080021E1
2.535867E0,-3.679460E1,2.724284E1
2.540037E0,-5.762615E1,4.231713E1
2.544208E0,-7.858927E1,5.755914E1
2.548379E0,-9.740530E1,7.147663E1
2.552550E0,-1.143597E2,8.340850E1
2.556721E0,-1.297468E2,9.455438E1
2.560892E0,-1.441927E2,1.045723E2
2.565062E0,-1.569127E2,1.135946E2
2.569233E0,-1.692825E2,1.223580E2
2.573404E0,-1.801586E2,1.303749E2
2.577575E0,-1.892498E2,1.366273E2
2.581746E0,-1.970635E2,1.419950E2
2.585917E0,-2.046879E2,1.478446E2
2.590088E0,-2.111746E2,1.517442E2
2.594258E0,-2.169256E2,1.565365E2
2.598429E0,-2.215249E2,1.592287E2
2.602600E0,-2.250723E2,1.621661E2
2.606771E0,-2.271895E2,1.640133E2
2.610942E0,-2.292681E2,1.654531E2
2.615113E0,-2.299087E2,1.659895E2
2.619283E0,-2.303112E2,1.661170E2
2.623454E0,-2.300854E2,1.659904E2
2.627625E0,-2.289133E2,1.651609E2
2.631796E0,-2.271308E2,1.639144E2
2.635967E0,-2.240422E2,1.617535E2
2.640137E0,-2.208681E2,1.594457E2
2.644308E0,-2.167385E2,1.565258E2
2.648479E0,-2.101930E2,1.517229E2
2.652650E0,-2.042770E2,1.473570E2
2.656821E0,-1.966811E2,1.419704E2
2.660992E0,-1.890745E2,1.363960E2
2.665163E0,-1.792332E2,1.295706E2
2.669333E0,-1.678648E2,1.217246E2
2.673504E0,-1.563723E2,1.133083E2
2.677675E0,-1.423287E2,1.033047E2
2.681846E0,-1.339448E2,9.651367E1
2.686017E0,-1.193915E2,8.468130E1
2.690187E0,-1.033746E2,7.208070E1
2.694358E0,-6.903030E1,5.443258E1
2.698529E0,-5.348495E1,3.647385E1
2.702700E0,-3.036078E1,2.257821E1
2.706871E0,-7.771765E0,7.198731E0
2.711042E0,1.626527E1,-7.666056E0
2.715213E0,3.976229E1,-2.184541E1
2.719383E0,6.161288E1,-3.538008E1
2.723554E0,8.316343E1,-4.750651E1
2.727725E0,1.069689E2,-5.862621E1
2.731896E0,1.254889E2,-6.877990E1
2.736067E0,1.426439E2,-7.818388E1
2.740238E0,1.567556E2,-8.820853E1
2.744408E0,1.688110E2,-9.715737E1
2.748579E0,1.815965E2,-1.054682E2
2.752750E0,1.932764E2,-1.127124E2
2.756921E0,2.028086E2,-1.195651E2
2.761092E0,2.124956E2,-1.255120E2
2.765262E0,2.199015E2,-1.313979E2
2.769433E0,2.258768E2,-1.365781E2
2.773604E0,2.329397E2,-1.407192E2
2.777775E0,2.371287E2,-1.444886E2
2.781946E0,2.402908E2,-1.475256E2
2.786117E0,2.439227E2,-1.497401E2
2.790287E0,2.460569E2,-1.513479E2
2.794458E0,2.479004E2,-1.527724E2
2.798629E0,2.476953E2,-1.532810E2
2.802800E0,2.476733E2,-1.534251E2
2.806971E0,2.462810E2,-1.534310E2
2.811142E0,2.440460E2,-1.524752E2
2.815313E0,2.409246E2,-1.510675E2
2.819483E0,2.376717E2,-1.485911E2
2.823654E0,2.322213E2,-1.464062E2
2.827825E0,2.259636E2,-1.433306E2
2.831996E0,2.199757E2,-1.394885E2
2.836167E0,2.123775E2,-1.347766E2
2.840337E0,2.028095E2,-1.293779E2
2.844508E0,1.932692E2,-1.234003E2
2.848679E0,1.820027E2,-1.164794E2
2.852850E0,1.724070E2,-1.088820E2
2.857021E0,1.583546E2,-1.006391E2
2.861192E0,1.434946E2,-9.147630E1
2.865363E0,1.285249E2,-8.162783E1
2.869533E0,1.102238E2,-7.180325E1
2.873704E0,9.062819E1,-5.983047E1
2.877875E0,6.852927E1,-4.728325E1
2.882046E0,4.841128E1,-3.425626E1
2.886217E0,2.709310E1,-2.018328E1
2.890387E0,5.305565E0,-5.639291E0
2.894558E0,-1.768908E1,9.731796E0
2.898729E0,-3.903445E1,2.514402E1
2.902900E0,-5.852297E1,4.056663E1
2.907071E0,-7.757131E1,5.602492E1
2.911242E0,-9.401459E1,6.882983E1
2.915412E0,-1.104772E2,8.124885E1
2.919583E0,-1.259375E2,9.264791E1
2.923754E0,-1.389514E2,1.034108E2
2.927925E0,-1.495175E2,1.122704E2
2.932096E0,-1.603608E2,1.204946E2
2.936267E0,-1.705152E2,1.284672E2
2.940437E0,-1.789594E2,1.355206E2
2.944608E0,-1.874480E2,1.421016E2
2.948779E0,-1.931079E2,1.478472E2
2.952950E0,-1.985449E2,1.514153E2
2.957121E0,-2.031814E2,1.563705E2
2.961292E0,-2.068190E2,1.596034E2
2.965463E0,-2.098694E2,1.623728E2
2.969633E0,-2.119642E2,1.643130E2
2.973804E0,-2.134844E2,1.652687E2
2.977975E0,-2.138683E2,1.662704E2
2.982146E0,-2.139471E2,1.663696E2
2.986317E0,-2.122723E2,1.657795E2
2.990487E0,-2.110253E2,1.646748E2
2.994658E0,-2.079693E2,1.626987E2
2.998829E0,-2.040199E2,1.599141E2
3.003000E0,-1.996673E2,1.570283E2
3.007171E0,-1.945300E2,1.524473E2
3.011342E0,-1.877988E2,1.479599E2
3.015512E0,-1.809399E2,1.425495E2
3.019683E0,-1.720845E2,1.356848E2
3.023854E0,-1.642665E2,1.292825E2
3.028025E0,-1.536738E2,1.217335E2
3.032196E0,-1.439187E2,1.135548E2
3.036367E0,-1.316182E2,1.027362E2
3.040538E0,-1.197039E2,9.170006E1
3.044708E0,-1.025196E2,7.481381E1
3.048879E0,-8.570069E1,5.897155E1
3.053050E0,-6.644585E1,4.410329E1
3.057221E0,-4.633172E1,3.033098E1
3.061392E0,-2.367403E1,1.624681E1
3.065562E0,5.566141E-3,2.126207E0
3.069733E0,1.982870E1,-1.417243E1
3.073904E0,4.103658E1,-2.860806E1
3.078075E0,6.184341E1,-4.265678E1
3.082246E0,8.542350E1,-5.325858E1
3.086417E0,1.024313E2,-6.456478E1
3.090588E0,1.206785E2,-7.594900E1
3.094758E0,1.357226E2,-8.606838E1
3.098929E0,1.502983E2,-9.470698E1
3.103100E0,1.610538E2,-1.037493E2
3.107271E0,1.725601E2,-1.113975E2
3.111442E0,1.804285E2,-1.191771E2
3.115613E0,1.910255E2,-1.253732E2
3.119783E0,1.979347E2,-1.313021E2
3.123954E0,2.039596E2,-1.372013E2
3.128125E0,2.100786E2,-1.422463E2
3.132296E0,2.143815E2,-1.464394E2
3.136467E0,2.191943E2,-1.497728E2
3.140637E0,2.220743E2,-1.526049E2
3.144808E0,2.249056E2,-1.547273E2
3.148979E0,2.252067E2,-1.563443E2
3.153150E0,2.257176E2,-1.572704E2
3.157321E0,2.255376E2,-1.574365E2
3.161492E0,2.242368E2,-1.573806E2
3.165662E0,2.218679E2,-1.564476E2
3.169833E0,2.192612E2,-1.547838E2
3.174004E0,2.152174E2,-1.526442E2
3.178175E0,2.104568E2,-1.494825E2
3.182346E0,2.029563E2,-1.462640E2
3.186517E0,1.976320E2,-1.416426E2
3.190688E0,1.901575E2,-1.366957E2
3.194858E0,1.803982E2,-1.315364E2
3.199029E0,1.718391E2,-1.247215E2
3.203200E0,1.613754E2,-1.177452E2
3.207371E0,1.496338E2,-1.099982E2
3.211542E0,1.364457E2,-1.008912E2
3.215712E0,1.226420E2,-9.117417E1
3.219883E0,1.080775E2,-8.094349E1
3.224054E0,9.055314E1,-6.946815E1
3.228225E0,6.732817E1,-5.822746E1
3.232396E0,4.885972E1,-4.453043E1
3.236567E0,2.840076E1,-3.056969E1
3.240738E0,5.280499E0,-1.661775E1
3.244908E0,-1.497623E1,-7.892047E-1
3.249079E0,-3.455969E1,1.562906E1
3.253250E0,-5.279871E1,3.158250E1
3.257421E0,-6.932590E1,4.754085E1
3.261592E0,-8.459765E1,6.328395E1
3.265763E0,-1.004087E2,7.741820E1
3.269933E0,-1.134963E2,9.104167E1
3.274104E0,-1.234782E2,1.025695E2
3.278275E0,-1.337592E2,1.132862E2
3.282446E0,-1.454993E2,1.232005E2
3.286617E0,-1.529951E2,1.326247E2
3.290787E0,-1.625918E2,1.404729E2
3.294958E0,-1.686983E2,1.476860E2
3.299129E0,-1.731906E2,1.538837E2
3.303300E0,-1.787563E2,1.593148E2
3.307471E0,-1.820595E2,1.639274E2
3.311642E0,-1.850555E2,1.678017E2
3.315812E0,-1.880753E2,1.710674E2
3.319983E0,-1.892127E2,1.734793E2
3.324154E0,-1.898373E2,1.749913E2
3.328325E0,-1.900082E2,1.756980E2
3.332496E0,-1.890264E2,1.760859E2
3.336667E0,-1.876211E2,1.750067E2
3.340838E0,-1.858110E2,1.739479E2
3.345008E0,-1.821388E2,1.718963E2
3.349179E0,-1.787188E2,1.692813E2
3.353350E0,-1.740111E2,1.657446E2
3.357521E0,-1.688719E2,1.613684E2
3.361692E0,-1.615427E2,1.555318E2
3.365862E0,-1.536842E2,1.496591E2
3.370033E0,-1.467283E2,1.426685E2
3.374204E0,-1.390111E2,1.344029E2
3.378375E0,-1.265772E2,1.244274E2
3.382546E0,-1.148477E2,1.142408E2
3.386717E0,-1.045880E2,1.008195E2
3.390888E0,-9.314032E1,8.791537E1
3.395058E0,-7.964902E1,7.122394E1
3.399229E0,-6.319180E1,5.508500E1
3.403400E0,-4.454643E1,3.884768E1
3.407571E0,-2.561773E1,2.252458E1
3.411742E0,-6.219098E0,4.877639E0
3.415913E0,1.234745E1,-1.266943E1
3.420083E0,3.009278E1,-2.923763E1
3.424254E0,4.909894E1,-4.440145E1
3.428425E0,6.700404E1,-5.885668E1
3.432596E0,8.273234E1,-7.288266E1
3.436767E0,9.748795E1,-8.527222E1
3.440937E0,1.110626E2,-9.746297E1
3.445108E0,1.219385E2,-1.088108E2
3.449279E0,1.323797E2,-1.194599E2
3.453450E0,1.405751E2,-1.287508E2
3.457621E0,1.499402E2,-1.371596E2
3.461792E0,1.566036E2,-1.451125E2
3.465963E0,1.649775E2,-1.526253E2
3.470133E0,1.698849E2,-1.582827E2
3.474304E0,1.741488E2,-1.641041E2
3.478475E0,1.783387E2,-1.684978E2
3.482646E0,1.819347E2,-1.726133E2
3.486817E0,1.843580E2,-1.757610E2
3.490988E0,1.862859E2,-1.779642E2
3.495158E0,1.862573E2,-1.793867E2
3.499329E0,1.858714E2,-1.801968E2
3.503500E0,1.855373E2,-1.803705E2
3.507671E0,1.840130E2,-1.798448E2
3.511842E0,1.816036E2,-1.783898E2
3.516013E0,1.781107E2,-1.764628E2
3.520183E0,1.739492E2,-1.734522E2
3.524354E0,1.690307E2,-1.696377E2
3.528525E0,1.630889E2,-1.654008E2
3.532696E0,1.557834E2,-1.601841E2
3.536867E0,1.495668E2,-1.537972E2
3.541037E0,1.407642E2,-1.462736E2
3.545208E0,1.324293E2,-1.384298E2
3.549379E0,1.231294E2,-1.305760E2
3.553550E0,1.129040E2,-1.202108E2
3.557721E0,1.004631E2,-1.090619E2
3.561892E0,8.860290E1,-9.734857E1
3.566063E0,7.335506E1,-8.504925E1
3.570233E0,5.651584E1,-7.068082E1
3.574404E0,4.155525E1,-5.550906E1
3.578575E0,2.375551E1,-3.861138E1
3.582746E0,5.789072E0,-2.231577E1
3.586917E0,-1.139720E1,-4.504507E0
3.591087E0,-2.782029E1,1.351853E1
3.595258E0,-4.314655E1,3.256388E1
3.599429E0,-5.629136E1,4.910602E1
3.603600E0,-6.923522E1,6.724425E1
3.607771E0,-8.143438E1,8.389482E1
3.611942E0,-9.241302E1,9.861964E1
3.616113E0,-9.843727E1,1.132104E2
3.620283E0,-1.074944E2,1.254913E2
3.624454E0,-1.149725E2,1.387404E2
3.628625E0,-1.218243E2,1.487564E2
3.632796E0,-1.288168E2,1.586166E2
3.636967E0,-1.345295E2,1.667279E2
3.641138E0,-1.387651E2,1.743923E2
3.645308E0,-1.424792E2,1.804167E2
3.649479E0,-1.450528E2,1.858359E2
3.653650E0,-1.472581E2,1.903102E2
3.657821E0,-1.486457E2,1.937457E2
3.661992E0,-1.490841E2,1.964627E2
3.666162E0,-1.496425E2,1.978031E2
3.670333E0,-1.487728E2,1.987674E2
3.674504E0,-1.479107E2,1.985946E2
3.678675E0,-1.461516E2,1.979177E2
3.682846E0,-1.437027E2,1.963294E2
3.687017E0,-1.408807E2,1.938897E2
3.691187E0,-1.375101E2,1.898206E2
3.695358E0,-1.332270E2,1.851197E2
3.699529E0,-1.282093E2,1.796784E2
3.703700E0,-1.210099E2,1.728667E2
3.707871E0,-1.141170E2,1.648404E2
3.712042E0,-1.070439E2,1.554750E2
3.716213E0,-1.022426E2,1.444045E2
3.720383E0,-9.437400E1,1.330168E2
3.724554E0,-8.587600E1,1.185992E2
3.728725E0,-7.413986E1,1.021702E2
3.732896E0,-6.239285E1,8.704023E1
3.737067E0,-4.977757E1,7.075354E1
3.741237E0,-3.640168E1,5.234573E1
3.745408E0,-2.235764E1,3.293570E1
3.749579E0,-7.510617E0,1.342214E1
3.753750E0,7.472004E0,-6.423960E0
3.757921E0,2.172182E1,-2.575002E1
3.762092E0,3.516740E1,-4.448619E1
3.766263E0,4.858137E1,-6.190939E1
3.770433E0,6.173606E1,-7.788971E1
3.774604E0,7.092774E1,-9.342873E1
3.778775E0,8.511617E1,-1.074757E2
3.782946E0,9.153695E1,-1.206717E2
3.787117E0,9.938159E1,-1.328070E2
3.791287E0,1.051396E2,-1.442002E2
3.795458E0,1.122411E2,-1.545598E2
3.799629E0,1.172730E2,-1.635303E2
3.803800E0,1.223197E2,-1.718573E2
3.807971E0,1.261925E2,-1.786520E2
3.812142E0,1.296800E2,-1.854179E2
3.816312E0,1.326462E2,-1.904655E2
3.820483E0,1.350616E2,-1.945253E2
3.824654E0,1.367784E2,-1.982115E2
3.828825E0,1.379452E2,-2.008046E2
3.832996E0,1.380932E2,-2.024080E2
3.837167E0,1.378007E2,-2.030188E2
3.841338E0,1.362271E2,-2.030488E2
3.845508E0,1.345232E2,-2.022472E2
3.849679E0,1.323847E2,-2.003216E2
3.853850E0,1.293193E2,-1.974277E2
3.858021E0,1.254750E2,-1.936206E2
3.862192E0,1.214102E2,-1.886715E2
3.866363E0,1.166465E2,-1.830396E2
3.870533E0,1.111828E2,-1.764892E2
3.874704E0,1.051390E2,-1.686501E2
3.878875E0,9.784923E1,-1.596829E2
3.883046E0,9.061606E1,-1.496772E2
3.887217E0,8.325073E1,-1.391081E2
3.891388E0,7.467064E1,-1.270847E2
3.895558E0,6.575513E1,-1.137070E2
3.899729E0,5.516723E1,-9.920893E1
3.903900E0,4.356904E1,-8.369341E1
3.908071E0,3.185869E1,-6.676996E1
3.912242E0,1.842224E1,-4.906328E1
3.916412E0,5.700505E0,-3.052976E1
3.920583E0,-6.781783E0,-1.032233E1
3.924754E0,-1.854131E1,1.026468E1
3.928925E0,-2.908876E1,3.075515E1
3.933096E0,-3.886952E1,5.032758E1
3.937267E0,-4.872011E1,6.933939E1
3.941438E0,-5.696039E1,8.737696E1
3.945608E0,-6.498877E1,1.052512E2
3.949779E0,-7.125348E1,1.209993E2
3.953950E0,-7.808950E1,1.366686E2
3.958121E0,-8.245622E1,1.500249E2
3.962292E0,-8.709948E1,1.623985E2
3.966463E0,-9.005075E1,1.735659E2
3.970633E0,-9.353152E1,1.824421E2
3.974804E0,-9.568410E1,1.911565E2
3.978975E0,-9.759503E1,1.979286E2
3.983146E0,-9.898138E1,2.036517E2
3.987317E0,-1.002418E2,2.085573E2
3.991488E0,-1.007859E2,2.121974E2
3.995658E0,-1.011183E2,2.150093E2
3.999829E0,-1.008852E2,2.164686E2
4.004000E0,-1.001902E2,2.172956E2
4.008171E0,-9.927556E1,2.168808E2
4.012342E0,-9.767739E1,2.154665E2
4.016513E0,-9.603655E1,2.125765E2
4.020683E0,-9.402094E1,2.093186E2
4.024854E0,-9.161257E1,2.049074E2
4.029025E0,-8.806715E1,1.989493E2
4.033196E0,-8.472228E1,1.917229E2
4.037367E0,-8.021387E1,1.836636E2
4.041537E0,-7.570666E1,1.743086E2
4.045708E0,-7.182450E1,1.628589E2
4.049879E0,-6.578947E1,1.502170E2
4.054050E0,-6.017413E1,1.359742E2
4.058221E0,-5.294732E1,1.196454E2
4.062392E0,-4.476032E1,1.021799E2
4.066562E0,-3.670233E1,8.454221E1
4.070733E0,-2.796007E1,6.496927E1
4.074904E0,-1.855819E1,4.456668E1
4.079075E0,-8.590837E0,2.357174E1
4.083246E0,1.222844E0,1.343590E0
4.087417E0,1.017101E1,-2.030524E1
4.091588E0,1.872636E1,-4.092303E1
4.095758E0,2.750055E1,-5.996919E1
4.099929E0,3.645318E1,-7.828902E1
4.104100E0,4.355630E1,-9.517960E1
4.108271E0,4.990039E1,-1.108101E2
4.112442E0,5.518309E1,-1.255495E2
4.116613E0,6.094679E1,-1.391897E2
4.120783E0,6.489958E1,-1.514048E2
4.124954E0,7.017459E1,-1.630149E2
4.129125E0,7.347411E1,-1.729413E2
4.133296E0,7.681420E1,-1.811698E2
4.137467E0,7.913726E1,-1.889748E2
4.141637E0,8.158909E1,-1.958685E2
4.145808E0,8.419646E1,-2.013388E2
4.149979E0,8.586786E1,-2.058591E2
4.154150E0,8.709173E1,-2.094199E2
4.158321E0,8.805418E1,-2.116898E2
4.162492E0,8.838959E1,-2.130760E2
4.166663E0,8.822585E1,-2.136874E2
4.170833E0,8.785312E1,-2.130338E2
4.175004E0,8.716053E1,-2.114163E2
4.179175E0,8.595808E1,-2.087421E2
4.183346E0,8.405675E1,-2.049093E2
4.187517E0,8.203487E1,-1.999777E2
4.191687E0,7.945757E1,-1.942846E2
4.195858E0,7.648590E1,-1.871554E2
4.200029E0,7.373174E1,-1.798182E2
4.204200E0,7.024384E1,-1.705964E2
4.208371E0,6.609700E1,-1.601283E2
4.212542E0,6.234286E1,-1.493864E2
4.216712E0,5.673624E1,-1.370179E2
4.220883E0,5.115656E1,-1.228474E2
4.225054E0,4.435986E1,-1.074413E2
4.229225E0,3.835338E1,-9.114739E1
4.233396E0,3.151971E1,-7.402216E1
4.237567E0,2.387130E1,-5.570192E1
4.241738E0,1.431875E1,-3.599236E1
4.245908E0,6.083400E0,-1.514608E1
4.250079E0,-2.861767E0,6.355238E0
4.254250E0,-1.121076E1,2.759564E1
4.258421E0,-1.938416E1,4.787722E1
4.262592E0,-2.697137E1,6.680320E1
4.266762E0,-3.454002E1,8.507023E1
4.270933E0,-4.162069E1,1.045258E2
4.275104E0,-4.681604E1,1.207236E2
4.279275E0,-5.255599E1,1.343412E2
4.283446E0,-5.691175E1,1.485302E2
4.287617E0,-6.134108E1,1.616680E2
4.291788E0,-6.436739E1,1.718602E2
4.295958E0,-6.791833E1,1.813178E2
4.300129E0,-7.109215E1,1.893239E2
4.304300E0,-7.362977E1,1.956670E2
4.308471E0,-7.671677E1,2.008069E2
4.312642E0,-7.859166E1,2.050864E2
4.316813E0,-8.031120E1,2.082973E2
4.320983E0,-8.186090E1,2.103195E2
4.325154E0,-8.305125E1,2.114661E2
4.329325E0,-8.365334E1,2.114729E2
4.333496E0,-8.391920E1,2.103192E2
4.337667E0,-8.382153E1,2.083036E2
4.341837E0,-8.322846E1,2.054464E2
4.346008E0,-8.255185E1,2.013420E2
4.350179E0,-8.084675E1,1.959387E2
4.354350E0,-7.921422E1,1.894593E2
4.358521E0,-7.694678E1,1.812944E2
4.362692E0,-7.464493E1,1.725153E2
4.366862E0,-7.172922E1,1.621052E2
4.371033E0,-6.871989E1,1.501832E2
4.375204E0,-6.454395E1,1.364096E2
4.379375E0,-5.919577E1,1.207963E2
4.383546E0,-5.436541E1,1.043820E2
4.387717E0,-4.682237E1,8.632611E1
4.391888E0,-4.012402E1,6.816445E1
4.396058E0,-3.164589E1,4.813878E1
4.400229E0,-2.329144E1,2.776424E1
4.404400E0,-1.355320E1,6.570477E0
4.408571E0,-2.884739E0,-1.430018E1
4.412742E0,7.653152E0,-3.319631E1
4.416913E0,1.921752E1,-5.180810E1
4.421083E0,2.943107E1,-6.836386E1
4.425254E0,3.950916E1,-8.461133E1
4.429425E0,4.785586E1,-9.932726E1
4.433596E0,5.552391E1,-1.129842E2
4.437767E0,6.240377E1,-1.253837E2
4.441937E0,6.918151E1,-1.366959E2
4.446108E0,7.473971E1,-1.468693E2
4.450279E0,8.080106E1,-1.561800E2
4.454450E0,8.520598E1,-1.639243E2
4.458621E0,8.931058E1,-1.710647E2
4.462792E0,9.308205E1,-1.769797E2
4.466962E0,9.650913E1,-1.824032E2
4.471133E0,9.922104E1,-1.862698E2
4.475304E0,1.013403E2,-1.894134E2
4.479475E0,1.031169E2,-1.913583E2
4.483646E0,1.042758E2,-1.924725E2
4.487817E0,1.047579E2,-1.925362E2
4.491988E0,1.050006E2,-1.918002E2
4.496158E0,1.046285E2,-1.898255E2
4.500329E0,1.035834E2,-1.867916E2
4.504500E0,1.020169E2,-1.830814E2
4.508671E0,9.963037E1,-1.781828E2
4.512842E0,9.696446E1,-1.724085E2
4.517012E0,9.411229E1,-1.662289E2
4.521183E0,8.954108E1,-1.578801E2
4.525354E0,8.585349E1,-1.493773E2
4.529525E0,8.079499E1,-1.395520E2
4.533696E0,7.504967E1,-1.289267E2
4.537867E0,6.851872E1,-1.168385E2
4.542038E0,6.162301E1,-1.037727E2
4.546208E0,5.366915E1,-8.948817E1
4.550379E0,4.408325E1,-7.388451E1
4.554550E0,3.461191E1,-5.819330E1
4.558721E0,2.473632E1,-4.048281E1
4.562892E0,1.348760E1,-2.246193E1
4.567062E0,3.172834E0,-3.843853E0
4.571233E0,-8.913562E0,1.485023E1
4.575404E0,-2.017509E1,3.305577E1
4.579575E0,-3.080040E1,5.105380E1
4.583746E0,-4.098788E1,6.753104E1
4.587917E0,-5.022012E1,8.277636E1
4.592087E0,-5.888268E1,9.762641E1
4.596258E0,-6.738746E1,1.117522E2
4.600429E0,-7.335261E1,1.242380E2
4.604600E0,-8.102160E1,1.366713E2
4.608771E0,-8.717048E1,1.462967E2
4.612942E0,-9.176819E1,1.544739E2
4.617113E0,-9.652241E1,1.623612E2
4.621283E0,-9.983734E1,1.683687E2
4.625454E0,-1.033968E2,1.738349E2
4.629625E0,-1.056807E2,1.779381E2
4.633796E0,-1.075703E2,1.807390E2
4.637967E0,-1.090481E2,1.827423E2
4.642137E0,-1.097031E2,1.838901E2
4.646308E0,-1.099134E2,1.841521E2
4.650479E0,-1.098683E2,1.835515E2
4.654650E0,-1.086737E2,1.817839E2
4.658821E0,-1.074658E2,1.792346E2
4.662992E0,-1.051781E2,1.750481E2
4.667163E0,-1.026449E2,1.709618E2
4.671333E0,-9.969533E1,1.646140E2
4.675504E0,-9.609408E1,1.576054E2
4.679675E0,-9.163931E1,1.501540E2
4.683846E0,-8.636623E1,1.405461E2
4.688017E0,-8.041466E1,1.278645E2
4.692188E0,-7.359324E1,1.157779E2
4.696358E0,-6.617077E1,1.024847E2
4.700529E0,-5.701406E1,8.798025E1
4.704700E0,-4.743653E1,7.071356E1
4.708871E0,-3.701352E1,5.474097E1
4.713042E0,-2.606173E1,3.672323E1
4.717212E0,-1.452014E1,1.871060E1
4.721383E0,-2.413904E0,4.439564E-1
4.725554E0,9.009810E0,-1.851023E1
4.729725E0,1.994859E1,-3.616494E1
4.733896E0,3.123473E1,-5.212579E1
4.738067E0,4.212868E1,-6.726304E1
4.742237E0,5.068458E1,-8.188989E1
4.746408E0,5.948783E1,-9.470574E1
4.750579E0,6.714013E1,-1.069188E2
4.754750E0,7.374960E1,-1.179369E2
4.758921E0,7.901821E1,-1.275353E2
4.763092E0,8.496705E1,-1.374146E2
4.767263E0,8.973693E1,-1.456866E2
4.771433E0,9.393220E1,-1.524488E2
4.775604E0,9.743799E1,-1.589160E2
4.779775E0,1.004897E2,-1.640671E2
4.783946E0,1.027588E2,-1.687567E2
4.788117E0,1.043952E2,-1.721209E2
4.792288E0,1.054404E2,-1.746312E2
4.796458E0,1.058027E2,-1.763464E2
4.800629E0,1.058467E2,-1.767357E2
4.804800E0,1.049403E2,-1.762119E2
4.808971E0,1.036688E2,-1.750777E2
4.813142E0,1.019802E2,-1.727229E2
4.817312E0,9.937757E1,-1.694197E2
4.821483E0,9.603399E1,-1.651987E2
4.825654E0,9.238106E1,-1.600926E2
4.829825E0,8.761982E1,-1.538579E2
4.833996E0,8.326150E1,-1.465406E2
4.838167E0,7.810620E1,-1.382797E2
4.842337E0,7.173308E1,-1.289365E2
4.846508E0,6.537109E1,-1.188173E2
4.850679E0,5.722557E1,-1.075514E2
4.854850E0,4.966874E1,-9.487714E1
4.859021E0,4.215228E1,-8.170587E1
4.863192E0,3.281207E1,-6.660239E1
4.867363E0,2.267939E1,-5.128628E1
4.871533E0,1.228479E1,-3.431347E1
4.875704E0,1.470519E0,-1.662784E1
4.879875E0,-9.130166E0,1.968197E0
4.884046E0,-1.860089E1,2.058775E1
4.888217E0,-2.692673E1,3.891900E1
4.892387E0,-3.527144E1,5.641054E1
4.896558E0,-4.261419E1,7.251171E1
4.900729E0,-4.955605E1,8.739445E1
4.904900E0,-5.574465E1,1.027027E2
4.909071E0,-6.117959E1,1.155501E2
4.913242E0,-6.598449E1,1.274345E2
4.917413E0,-7.033290E1,1.392054E2
4.921583E0,-7.409484E1,1.488910E2
4.925754E0,-7.699862E1,1.574824E2
4.929925E0,-7.970748E1,1.642078E2
4.934096E0,-8.194983E1,1.704526E2
4.938267E0,-8.331395E1,1.754961E2
4.942437E0,-8.438509E1,1.792392E2
4.946608E0,-8.489279E1,1.816680E2
4.950779E0,-8.497376E1,1.830801E2
4.954950E0,-8.491452E1,1.834517E2
4.959121E0,-8.412831E1,1.831411E2
4.963292E0,-8.302773E1,1.812266E2
4.967462E0,-8.179209E1,1.785435E2
4.971633E0,-8.009105E1,1.744379E2
4.975804E0,-7.770932E1,1.695993E2
4.979975E0,-7.504545E1,1.634838E2
4.984146E0,-7.169696E1,1.560404E2
4.988317E0,-6.769305E1,1.470647E2
4.992488E0,-6.364839E1,1.372648E2
4.996658E0,-5.868654E1,1.256336E2
5.000829E0,-5.309253E1,1.114970E2
5.005000E0,-4.696535E1,9.837114E1
5.009171E0,-3.991896E1,8.151748E1
5.013342E0,-3.266651E1,6.449102E1
5.017512E0,-2.423008E1,4.677713E1
5.021683E0,-1.620007E1,2.877911E1
5.025854E0,-7.292773E0,9.611206E0
5.030025E0,1.330325E0,-9.947825E0
5.034196E0,9.393847E0,-2.793105E1
5.038367E0,1.755014E1,-4.520664E1
5.042538E0,2.499164E1,-6.109245E1
5.046708E0,3.133227E1,-7.653955E1
5.050879E0,3.732319E1,-9.085134E1
5.055050E0,4.297504E1,-1.034990E2
5.059221E0,4.731883E1,-1.152778E2
5.063392E0,5.204750E1,-1.260957E2
5.067563E0,5.616985E1,-1.359151E2
5.071733E0,5.960681E1,-1.442600E2
5.075904E0,6.313138E1,-1.518318E2
5.080075E0,6.592854E1,-1.583644E2
5.084246E0,6.846492E1,-1.638244E2
5.088417E0,7.065137E1,-1.682264E2
5.092587E0,7.239428E1,-1.717583E2
5.096758E0,7.350831E1,-1.737052E2
5.100929E0,7.416207E1,-1.751138E2
5.105100E0,7.458423E1,-1.754218E2
5.109271E0,7.473449E1,-1.745268E2
5.113442E0,7.435105E1,-1.725363E2
5.117612E0,7.326298E1,-1.697153E2
5.121783E0,7.167719E1,-1.659496E2
5.125954E0,7.003420E1,-1.612779E2
5.130125E0,6.764374E1,-1.549892E2
5.134296E0,6.502956E1,-1.484250E2
5.138467E0,6.178589E1,-1.403710E2
5.142638E0,5.801263E1,-1.312821E2
5.146808E0,5.395011E1,-1.211782E2
5.150979E0,4.938931E1,-1.100151E2
5.155150E0,4.490582E1,-9.850341E1
5.159321E0,3.863305E1,-8.392802E1
5.163492E0,3.259154E1,-6.969221E1
5.167663E0,2.681556E1,-5.402353E1
5.171833E0,1.877274E1,-3.748470E1
5.176004E0,1.124369E1,-1.989910E1
5.180175E0,2.376817E0,-1.746218E0
5.184346E0,-6.599397E0,1.652633E1
5.188517E0,-1.514091E1,3.452738E1
5.192687E0,-2.293572E1,5.090786E1
5.196858E0,-3.077518E1,6.647129E1
5.201029E0,-3.795846E1,8.166760E1
5.205200E0,-4.480391E1,9.547398E1
5.209371E0,-5.115540E1,1.084970E2
5.213542E0,-5.623557E1,1.197453E2
5.217712E0,-6.129973E1,1.299175E2
5.221883E0,-6.599681E1,1.392629E2
5.226054E0,-6.993259E1,1.474174E2
5.230225E0,-7.356736E1,1.540165E2
5.234396E0,-7.694524E1,1.577277E2
5.238567E0,-7.902083E1,1.624779E2
5.242738E0,-8.135717E1,1.654673E2
5.246908E0,-8.277682E1,1.674427E2
5.251079E0,-8.417069E1,1.681778E2
5.255250E0,-8.460368E1,1.681224E2
5.259421E0,-8.473776E1,1.672019E2
5.263592E0,-8.485288E1,1.648472E2
5.267762E0,-8.425839E1,1.618102E2
5.271933E0,-8.249490E1,1.574663E2
5.276104E0,-8.085032E1,1.517470E2
5.280275E0,-7.796038E1,1.451967E2
5.284446E0,-7.501251E1,1.371179E2
5.288617E0,-7.186125E1,1.276830E2
5.292788E0,-6.712675E1,1.173626E2
5.296958E0,-6.222264E1,1.046759E2
5.301129E0,-5.628252E1,9.160006E1
5.305300E0,-4.959885E1,7.759158E1
5.309471E0,-4.203591E1,6.270231E1
5.313642E0,-3.381130E1,4.676965E1
5.317812E0,-2.511345E1,2.957957E1
5.321983E0,-1.558756E1,1.250624E1
5.326154E0,-4.988648E0,-4.929251E0
5.330325E0,5.702100E0,-2.194121E1
5.334496E0,1.596693E1,-3.693946E1
5.338667E0,2.610088E1,-5.129507E1
5.342837E0,3.526801E1,-6.477396E1
5.347008E0,4.417429E1,-7.710287E1
5.351179E0,5.220106E1,-8.835040E1
5.355350E0,5.899862E1,-9.860428E1
5.359521E0,6.568392E1,-1.080880E2
5.363692E0,7.120177E1,-1.166428E2
5.367863E0,7.652866E1,-1.240988E2
5.372033E0,8.116904E1,-1.309047E2
5.376204E0,8.478602E1,-1.364045E2
5.380375E0,8.786635E1,-1.409461E2
5.384546E0,9.015484E1,-1.447964E2
5.388717E0,9.198165E1,-1.473629E2
5.392887E0,9.340015E1,-1.493949E2
5.397058E0,9.362380E1,-1.505222E2
5.401229E0,9.362439E1,-1.504154E2
5.405400E0,9.342809E1,-1.496415E2
5.409571E0,9.233191E1,-1.478250E2
5.413742E0,9.054634E1,-1.448066E2
5.417913E0,8.791992E1,-1.412426E2
5.422083E0,8.478699E1,-1.367272E2
5.426254E0,8.133771E1,-1.315079E2
5.430425E0,7.694972E1,-1.247899E2
5.434596E0,7.210242E1,-1.175878E2
5.438767E0,6.620801E1,-1.090580E2
5.442938E0,6.025641E1,-1.000503E2
5.447108E0,5.237253E1,-8.956488E1
5.451279E0,4.561823E1,-7.855021E1
5.455450E0,3.797623E1,-6.633144E1
5.459621E0,2.849908E1,-5.312372E1
5.463792E0,1.931264E1,-3.934805E1
5.467962E0,9.087466E0,-2.424940E1
5.472133E0,-1.634643E0,-7.896009E0
5.476304E0,-1.170564E1,8.623203E0
5.480475E0,-2.113566E1,2.524506E1
5.484646E0,-3.019136E1,4.052156E1
5.488817E0,-3.824760E1,5.522728E1
5.492987E0,-4.597053E1,6.928949E1
5.497158E0,-5.265213E1,8.242707E1
5.501329E0,-5.889974E1,9.406120E1
5.505500E0,-6.484151E1,1.057354E2
5.509671E0,-6.925246E1,1.147567E2
5.513842E0,-7.305394E1,1.234741E2
5.518013E0,-7.616120E1,1.313581E2
5.522183E0,-7.906046E1,1.373867E2
5.526354E0,-8.157636E1,1.430125E2
5.530525E0,-8.304451E1,1.465852E2
5.534696E0,-8.420185E1,1.496111E2
5.538867E0,-8.462552E1,1.514411E2
5.543038E0,-8.486768E1,1.524353E2
5.547208E0,-8.433682E1,1.523342E2
5.551379E0,-8.332407E1,1.514169E2
5.555550E0,-8.149763E1,1.496736E2
5.559721E0,-7.890730E1,1.460886E2
5.563892E0,-7.680465E1,1.421143E2
5.568062E0,-7.366103E1,1.363374E2
5.572233E0,-6.970571E1,1.300526E2
5.576404E0,-6.532606E1,1.221394E2
5.580575E0,-6.052062E1,1.128667E2
5.584746E0,-5.469231E1,1.021619E2
5.588917E0,-4.824808E1,9.029016E1
5.593087E0,-4.160343E1,7.749385E1
5.597258E0,-3.436297E1,6.380151E1
5.601429E0,-2.577868E1,4.846100E1
5.605600E0,-1.731671E1,3.268537E1
5.609771E0,-8.134463E0,1.647335E1
5.613942E0,7.059988E-1,-1.012106E0
5.618113E0,8.731947E0,-1.784837E1
5.622283E0,1.624417E1,-3.294678E1
5.626454E0,2.340935E1,-4.751024E1
5.630625E0,2.966207E1,-6.138680E1
5.634796E0,3.571501E1,-7.435396E1
5.638967E0,4.095794E1,-8.576815E1
5.643137E0,4.618007E1,-9.657679E1
5.647308E0,4.983895E1,-1.057255E2
5.651479E0,5.355996E1,-1.146883E2
5.655650E0,5.688870E1,-1.222307E2
5.659821E0,6.003229E1,-1.290496E2
5.663992E0,6.220347E1,-1.347803E2
5.668163E0,6.417720E1,-1.391894E2
5.672333E0,6.574038E1,-1.428927E2
5.676504E0,6.673725E1,-1.454967E2
5.680675E0,6.740109E1,-1.470776E2
5.684846E0,6.752624E1,-1.478153E2
5.689017E0,6.725201E1,-1.472991E2
5.693187E0,6.662029E1,-1.458276E2
5.697358E0,6.549951E1,-1.432464E2
5.701529E0,6.403565E1,-1.398857E2
5.705700E0,6.171519E1,-1.352658E2
5.709871E0,5.928111E1,-1.297405E2
5.714042E0,5.607818E1,-1.233389E2
5.718212E0,5.229151E1,-1.161851E2
5.722383E0,4.864243E1,-1.074491E2
5.726554E0,4.456407E1,-9.799730E1
5.730725E0,4.005532E1,-8.762396E1
5.734896E0,3.466261E1,-7.583149E1
5.739067E0,2.919326E1,-6.330795E1
5.743238E0,2.273075E1,-4.966486E1
5.747408E0,1.616730E1,-3.499523E1
5.751579E0,8.744842E0,-1.915977E1
5.755750E0,7.230883E-1,-3.125608E0
5.759921E0,-7.426397E0,1.360777E1
5.764092E0,-1.473465E1,2.932773E1
5.768262E0,-2.197415E1,4.385992E1
5.772433E0,-2.912844E1,5.919540E1
5.776604E0,-3.510238E1,7.243790E1
5.780775E0,-4.105510E1,8.504028E1
5.784946E0,-4.573846E1,9.648463E1
5.789117E0,-5.068358E1,1.057082E2
5.793287E0,-5.480636E1,1.146796E2
5.797458E0,-5.889966E1,1.223169E2
5.801629E0,-6.206624E1,1.286933E2
5.805800E0,-6.451354E1,1.343863E2
5.809971E0,-6.668916E1,1.383090E2
5.814142E0,-6.872497E1,1.412116E2
5.818313E0,-6.976545E1,1.431467E2
5.822483E0,-7.058506E1,1.444147E2
5.826654E0,-7.172341E1,1.435800E2
5.830825E0,-7.133811E1,1.426132E2
5.834996E0,-7.024362E1,1.404133E2
5.839167E0,-6.924412E1,1.365442E2
5.843337E0,-6.764695E1,1.321019E2
5.847508E0,-6.568774E1,1.264387E2
5.851679E0,-6.280717E1,1.200495E2
5.855850E0,-5.956370E1,1.119318E2
5.860021E0,-5.583350E1,1.023840E2
5.864192E0,-5.164891E1,9.171119E1
5.868362E0,-4.673891E1,8.023099E1
5.872533E0,-4.053801E1,6.724156E1
5.876704E0,-3.348146E1,5.263390E1
5.880875E0,-2.597387E1,3.835840E1
5.885046E0,-1.817541E1,2.222856E1
5.889217E0,-8.918271E0,6.836345E0
5.893388E0,-5.407127E-1,-9.283018E0
5.897558E0,8.649717E0,-2.415157E1
5.901729E0,1.796490E1,-3.790302E1
5.905900E0,2.626667E1,-5.015648E1
5.910071E0,3.294144E1,-6.188014E1
5.914242E0,3.980201E1,-7.235616E1
5.918413E0,4.534532E1,-8.185835E1
5.922583E0,5.090536E1,-9.079158E1
5.926754E0,5.612967E1,-9.854849E1
5.930925E0,6.036408E1,-1.051966E2
5.935096E0,6.406733E1,-1.119886E2
5.939267E0,6.739445E1,-1.173871E2
5.943437E0,6.973703E1,-1.212067E2
5.947608E0,7.193576E1,-1.246826E2
5.951779E0,7.310284E1,-1.271869E2
5.955950E0,7.412769E1,-1.288895E2
5.960121E0,7.399650E1,-1.290261E2
5.964292E0,7.360285E1,-1.287454E2
5.968462E0,7.298992E1,-1.271647E2
5.972633E0,7.170611E1,-1.249281E2
5.976804E0,6.987389E1,-1.215378E2
5.980975E0,6.701752E1,-1.173252E2
5.985146E0,6.352451E1,-1.122632E2
5.989317E0,5.977742E1,-1.061768E2
5.993488E0,5.565906E1,-9.954351E1
5.997658E0,5.109156E1,-9.137417E1
6.001829E0,4.478624E1,-8.273976E1
6.006000E0,3.878185E1,-7.281230E1
6.010171E0,3.295258E1,-6.249413E1
6.014342E0,2.582273E1,-5.067186E1
6.018512E0,1.796750E1,-3.840831E1
6.022683E0,9.337934E0,-2.422811E1
6.026854E0,1.025945E-1,-9.814138E0
6.031025E0,-8.576404E0,5.424118E0
6.035196E0,-1.644058E1,2.050282E1
6.039367E0,-2.407796E1,3.415484E1
6.043538E0,-3.093924E1,4.765734E1
6.047708E0,-3.764111E1,6.055333E1
6.051879E0,-4.349520E1,7.211128E1
6.056050E0,-4.843607E1,8.287581E1
6.060221E0,-5.340137E1,9.264210E1
6.064392E0,-5.682082E1,1.005209E2
6.068562E0,-6.011034E1,1.078337E2
6.072733E0,-6.284356E1,1.141242E2
6.076904E0,-6.491538E1,1.192054E2
6.081075E0,-6.693119E1,1.233834E2
6.085246E0,-6.820398E1,1.263374E2
6.089417E0,-6.868918E1,1.282001E2
6.093587E0,-6.874531E1,1.292290E2
6.097758E0,-6.835331E1,1.293563E2
6.101929E0,-6.777167E1,1.275619E2
6.106100E0,-6.628723E1,1.254668E2
6.110271E0,-6.411821E1,1.221780E2
6.114442E0,-6.194365E1,1.175628E2
6.118613E0,-5.877813E1,1.120833E2
6.122783E0,-5.538756E1,1.054901E2
6.126954E0,-5.113883E1,9.680541E1
6.131125E0,-4.631862E1,8.734299E1
6.135296E0,-4.125602E1,7.706704E1
6.139467E0,-3.489333E1,6.501501E1
6.143637E0,-2.822646E1,5.167978E1
6.147808E0,-2.103691E1,3.881695E1
6.151979E0,-1.392696E1,2.408575E1
6.156150E0,-6.127084E0,9.147693E0
6.160321E0,9.151271E-1,-5.575224E0
6.164492E0,8.307639E0,-2.031950E1
6.168662E0,1.498785E1,-3.355126E1
6.172833E0,2.092677E1,-4.648571E1
6.177004E0,2.680779E1,-5.812378E1
6.181175E0,3.111246E1,-6.869475E1
6.185346E0,3.566646E1,-7.823006E1
6.189517E0,3.959876E1,-8.712660E1
6.193688E0,4.324928E1,-9.493316E1
6.197858E0,4.637511E1,-1.017072E2
6.202029E0,4.876451E1,-1.074029E2
6.206200E0,5.110577E1,-1.121600E2
6.210371E0,5.272876E1,-1.163407E2
6.214542E0,5.393634E1,-1.191635E2
6.218712E0,5.479120E1,-1.210954E2
6.222883E0,5.543541E1,-1.223944E2
6.227054E0,5.555607E1,-1.222510E2
6.231225E0,5.510951E1,-1.213016E2
6.235396E0,5.416200E1,-1.194442E2
6.239567E0,5.277624E1,-1.161684E2
6.243737E0,5.105062E1,-1.122641E2
6.247908E0,4.882916E1,-1.072489E2
6.252079E0,4.644512E1,-1.014009E2
6.256250E0,4.343072E1,-9.446423E1
6.260421E0,3.973189E1,-8.628458E1
6.264592E0,3.588268E1,-7.747916E1
6.268763E0,3.096878E1,-6.775696E1
6.272933E0,2.672373E1,-5.682211E1
6.277104E0,2.120482E1,-4.503994E1
6.281275E0,1.600447E1,-3.298247E1
6.285446E0,9.302545E0,-1.937080E1
6.289617E0,1.773831E0,-3.933807E0
6.293788E0,-5.340935E0,9.811176E0
6.297958E0,-1.212063E1,2.352708E1
6.302129E0,-1.913926E1,3.661049E1
6.306300E0,-2.579214E1,4.944177E1
6.310471E0,-3.185351E1,6.145416E1
6.314642E0,-3.729591E1,7.182040E1
6.318812E0,-4.171180E1,8.176507E1
6.322983E0,-4.620113E1,9.010404E1
6.327154E0,-4.997479E1,9.721798E1
6.331325E0,-5.350126E1,1.033552E2
6.335496E0,-5.588532E1,1.083563E2
6.339667E0,-5.827739E1,1.124283E2
6.343837E0,-6.034405E1,1.146862E2
6.348008E0,-6.162968E1,1.161338E2
6.352179E0,-6.222563E1,1.172278E2
6.356350E0,-6.292823E1,1.164677E2
6.360521E0,-6.295678E1,1.149439E2
6.364692E0,-6.206888E1,1.123644E2
6.368863E0,-6.008891E1,1.091791E2
6.373033E0,-5.851833E1,1.048434E2
6.377204E0,-5.575672E1,9.866690E1
6.381375E0,-5.328750E1,9.178972E1
6.385546E0,-4.910389E1,8.406377E1
6.389717E0,-4.487705E1,7.468531E1
6.393887E0,-4.002621E1,6.467226E1
6.398058E0,-3.410463E1,5.267414E1
6.402229E0,-2.780837E1,4.072668E1
6.406400E0,-2.107986E1,2.736531E1
6.410571E0,-1.315720E1,1.326600E1
6.414742E0,-4.737432E0,9.284827E-3
6.418913E0,3.389785E0,-1.353145E1
6.423083E0,1.097606E1,-2.569589E1
6.427254E0,1.799497E1,-3.759811E1
6.431425E0,2.528520E1,-4.813483E1
6.435596E0,3.120062E1,-5.694167E1
6.439767E0,3.666565E1,-6.568050E1
6.443937E0,4.189746E1,-7.324182E1
6.448108E0,4.669230E1,-8.006541E1
6.452279E0,5.057715E1,-8.658344E1
6.456450E0,5.406284E1,-9.168746E1
6.460621E0,5.632090E1,-9.625986E1
6.464792E0,5.843440E1,-9.930215E1
6.468963E0,6.015914E1,-1.019298E2
6.473133E0,6.096193E1,-1.036332E2
6.477304E0,6.127657E1,-1.044879E2
6.481475E0,6.081427E1,-1.040782E2
6.485646E0,5.976354E1,-1.031634E2
6.489817E0,5.820455E1,-1.013788E2
6.493988E0,5.624676E1,-9.860510E1
6.498158E0,5.343476E1,-9.462191E1
6.502329E0,5.066130E1,-8.986681E1
6.506500E0,4.674830E1,-8.401334E1
6.510671E0,4.278967E1,-7.773608E1
6.514842E0,3.830403E1,-6.993654E1
6.519012E0,3.221423E1,-6.234853E1
6.523183E0,2.625559E1,-5.302454E1
6.527354E0,2.004881E1,-4.352046E1
6.531525E0,1.304947E1,-3.269899E1
6.535696E0,5.629459E0,-2.078713E1
6.539867E0,-1.924249E0,-7.861390E0
6.544037E0,-9.314780E0,5.638623E0
6.548208E0,-1.640479E1,1.865134E1
6.552379E0,-2.310345E1,3.128872E1
6.556550E0,-2.880294E1,4.263723E1
6.560721E0,-3.419042E1,5.337890E1
6.564892E0,-3.886560E1,6.362455E1
6.569063E0,-4.297177E1,7.223327E1
6.573233E0,-4.684708E1,8.000013E1
6.577404E0,-4.985870E1,8.607284E1
6.581575E0,-5.206803E1,9.239180E1
6.585746E0,-5.386825E1,9.686454E1
6.589917E0,-5.512435E1,1.003572E2
6.594088E0,-5.579246E1,1.030662E2
6.598258E0,-5.648625E1,1.047093E2
6.602429E0,-5.584298E1,1.050984E2
6.606600E0,-5.514200E1,1.045686E2
6.610771E0,-5.422741E1,1.026737E2
6.614942E0,-5.266793E1,9.940498E1
6.619112E0,-5.023214E1,9.632291E1
6.623283E0,-4.790385E1,9.090837E1
6.627454E0,-4.426970E1,8.523785E1
6.631625E0,-4.041715E1,7.828247E1
6.635796E0,-3.675658E1,6.945734E1
6.639967E0,-3.174050E1,6.016573E1
6.644138E0,-2.641805E1,4.924615E1
6.648308E0,-2.022390E1,3.657741E1
6.652479E0,-1.412201E1,2.493308E1
6.656650E0,-7.482597E0,1.104296E1
6.660821E0,-1.429837E0,-1.816224E0
6.664992E0,5.027824E0,-1.503501E1
6.669163E0,9.996453E0,-2.733281E1
6.673333E0,1.516254E1,-3.817256E1
6.677504E0,1.909544E1,-4.818947E1
6.681675E0,2.321061E1,-5.776557E1
6.685846E0,2.646740E1,-6.573422E1
6.690017E0,3.021701E1,-7.291295E1
6.694187E0,3.265319E1,-7.951607E1
6.698358E0,3.475640E1,-8.506804E1
6.702529E0,3.681584E1,-8.981234E1
6.706700E0,3.797244E1,-9.325313E1
6.710871E0,3.895477E1,-9.649077E1
6.715042E0,4.001962E1,-9.777001E1
6.719213E0,4.026386E1,-9.870127E1
6.723383E0,3.985387E1,-9.822899E1
6.727554E0,3.919699E1,-9.718584E1
6.731725E0,3.858174E1,-9.471564E1
6.735896E0,3.747372E1,-9.131126E1
6.740067E0,3.602447E1,-8.730183E1
6.744238E0,3.394297E1,-8.213567E1
6.748408E0,3.148329E1,-7.604465E1
6.752579E0,2.925088E1,-6.896385E1
6.756750E0,2.597479E1,-6.099602E1
6.760921E0,2.245824E1,-5.211994E1
6.765092E0,1.861665E1,-4.253388E1
6.769262E0,1.425650E1,-3.157042E1
6.773433E0,1.015059E1,-2.127864E1
6.777604E0,4.730196E0,-9.349184E0
6.781775E0,-1.170785E0,3.770401E0
6.785946E0,-7.686114E0,1.642325E1
6.790117E0,-1.432926E1,2.832548E1
6.794288E0,-1.982802E1,3.966765E1
6.798458E0,-2.571871E1,4.957565E1
6.802629E0,-3.047158E1,5.845853E1
6.806800E0,-3.464198E1,6.634070E1
6.810971E0,-3.844337E1,7.410400E1
6.815142E0,-4.182959E1,7.926871E1
6.819312E0,-4.452976E1,8.430033E1
6.823483E0,-4.711084E1,8.773525E1
6.827654E0,-4.883980E1,9.023280E1
6.831825E0,-5.054306E1,9.173706E1
6.835996E0,-5.101234E1,9.210891E1
6.840167E0,-5.148687E1,9.168306E1
6.844338E0,-5.099862E1,9.009410E1
6.848508E0,-5.056439E1,8.743030E1
6.852679E0,-4.902498E1,8.413246E1
6.856850E0,-4.708861E1,7.948834E1
6.861021E0,-4.488403E1,7.365296E1
6.865192E0,-4.190146E1,6.669077E1
6.869363E0,-3.837484E1,5.929312E1
6.873533E0,-3.330391E1,5.058076E1
6.877704E0,-2.850254E1,4.119551E1
6.881875E0,-2.211822E1,2.945384E1
6.886046E0,-1.595057E1,1.930441E1
6.890217E0,-8.315222E0,7.209529E0
6.894387E0,-1.242718E0,-4.563403E0
6.898558E0,5.944259E0,-1.554058E1
6.902729E0,1.294718E1,-2.547238E1
6.906900E0,1.877978E1,-3.428494E1
6.911071E0,2.457460E1,-4.258253E1
6.915242E0,2.975281E1,-5.000352E1
6.919412E0,3.413643E1,-5.632339E1
6.923583E0,3.797988E1,-6.203346E1
6.927754E0,4.111196E1,-6.730505E1
6.931925E0,4.423146E1,-7.117501E1
6.936096E0,4.646101E1,-7.456631E1
6.940267E0,4.773310E1,-7.738641E1
6.944438E0,4.853040E1,-7.915104E1
6.948608E0,4.914941E1,-7.990602E1
6.952779E0,4.876960E1,-7.944388E1
6.956950E0,4.786308E1,-7.882100E1
6.961121E0,4.637772E1,-7.696310E1
6.965292E0,4.397304E1,-7.429743E1
6.969463E0,4.121653E1,-7.067851E1
6.973633E0,3.768463E1,-6.644613E1
6.977804E0,3.376866E1,-6.113665E1
6.981975E0,2.932136E1,-5.527593E1
6.986146E0,2.441389E1,-4.837419E1
6.990317E0,1.903575E1,-4.071607E1
6.994487E0,1.329117E1,-3.234095E1
6.998658E0,6.910210E0,-2.330144E1
7.002829E0,5.984712E-1,-1.287176E1
7.007000E0,-5.189675E0,-2.189457E0
7.011171E0,-1.161888E1,9.945771E0
7.015342E0,-1.814503E1,2.146335E1
7.019512E0,-2.324278E1,3.111792E1
7.023683E0,-2.768274E1,4.041769E1
7.027854E0,-3.165385E1,4.929482E1
7.032025E0,-3.519326E1,5.674756E1
7.036196E0,-3.776055E1,6.316493E1
7.040367E0,-4.003503E1,6.920117E1
7.044538E0,-4.183650E1,7.328198E1
7.048708E0,-4.306962E1,7.688437E1
7.052879E0,-4.368677E1,7.924993E1
7.057050E0,-4.396899E1,8.069080E1
7.061221E0,-4.359256E1,8.107514E1
7.065392E0,-4.311176E1,8.063972E1
7.069562E0,-4.165065E1,7.922317E1
7.073733E0,-3.997922E1,7.648469E1
7.077904E0,-3.800800E1,7.264773E1
7.082075E0,-3.539415E1,6.788498E1
7.086246E0,-3.243663E1,6.199453E1
7.090417E0,-2.843838E1,5.493879E1
7.094588E0,-2.454373E1,4.701030E1
7.098758E0,-1.992005E1,3.701304E1
7.102929E0,-1.527152E1,2.662812E1
7.107100E0,-1.022906E1,1.603658E1
7.111271E0,-4.697107E0,4.577642E0
7.115442E0,1.789546E-1,-7.309175E0
7.119613E0,3.969691E0,-1.791894E1
7.123783E0,7.946524E0,-2.775013E1
7.127954E0,1.126737E1,-3.704851E1
7.132125E0,1.386848E1,-4.505115E1
7.136296E0,1.620440E1,-5.232828E1
7.140467E0,1.864472E1,-5.874001E1
7.144637E0,2.069595E1,-6.365871E1
7.148808E0,2.195648E1,-6.834105E1
7.152979E0,2.322080E1,-7.195175E1
7.157150E0,2.391413E1,-7.425660E1
7.161321E0,2.471345E1,-7.575579E1
7.165492E0,2.489294E1,-7.630660E1
7.169663E0,2.460501E1,-7.611227E1
7.173833E0,2.475155E1,-7.479677E1
7.178004E0,2.378300E1,-7.258098E1
7.182175E0,2.292639E1,-6.931966E1
7.186346E0,2.166109E1,-6.502719E1
7.190517E0,2.013759E1,-6.019267E1
7.194687E0,1.866056E1,-5.369743E1
7.198858E0,1.666983E1,-4.694157E1
7.203029E0,1.425439E1,-3.845161E1
7.207200E0,1.142011E1,-2.977214E1
7.211371E0,8.420029E0,-2.037512E1
7.215542E0,4.889995E0,-1.011208E1
7.219713E0,6.531041E-1,3.826846E-1
7.223883E0,-4.074918E0,1.121390E1
7.228054E0,-8.802046E0,2.132665E1
7.232225E0,-1.357721E1,3.120213E1
7.236396E0,-1.750759E1,3.940739E1
7.240567E0,-2.158147E1,4.748319E1
7.244738E0,-2.500236E1,5.413924E1
7.248908E0,-2.806005E1,5.974701E1
7.253079E0,-3.067663E1,6.404398E1
7.257250E0,-3.296103E1,6.737076E1
7.261421E0,-3.501577E1,6.963594E1
7.265592E0,-3.624013E1,7.124119E1
7.269762E0,-3.708901E1,7.136976E1
7.273933E0,-3.778454E1,7.032866E1
7.278104E0,-3.806529E1,6.846270E1
7.282275E0,-3.781238E1,6.539884E1
7.286446E0,-3.695210E1,6.143029E1
7.290617E0,-3.528944E1,5.680772E1
7.294787E0,-3.289042E1,5.112298E1
7.298958E0,-3.025304E1,4.435441E1
7.303129E0,-2.693623E1,3.664685E1
7.307300E0,-2.271557E1,2.824243E1
7.311471E0,-1.787227E1,1.866482E1
7.315642E0,-1.216503E1,9.163450E0
7.319813E0,-5.481742E0,-5.870402E-1
7.323983E0,1.112693E0,-9.687575E0
7.328154E0,7.201242E0,-1.766260E1
7.332325E0,1.323520E1,-2.506506E1
7.336496E0,1.857134E1,-3.165232E1
7.340667E0,2.372978E1,-3.692037E1
7.344838E0,2.789278E1,-4.198148E1
7.349008E0,3.130814E1,-4.641632E1
7.353179E0,3.423579E1,-4.946100E1
7.357350E0,3.676969E1,-5.177491E1
7.361521E0,3.832704E1,-5.392737E1
7.365692E0,3.907739E1,-5.490002E1
7.369862E0,3.885249E1,-5.523882E1
7.374033E0,3.812936E1,-5.515748E1
7.378204E0,3.685522E1,-5.433474E1
7.382375E0,3.487820E1,-5.232842E1
7.386546E0,3.230470E1,-4.988961E1
7.390717E0,2.859427E1,-4.660980E1
7.394887E0,2.445237E1,-4.241624E1
7.399058E0,2.021145E1,-3.772792E1
7.403229E0,1.501158E1,-3.189509E1
7.407400E0,9.188118E0,-2.577415E1
7.411571E0,3.659605E0,-1.841637E1
7.415742E0,-2.358411E0,-1.072342E1
7.419913E0,-8.459697E0,-1.957892E0
7.424083E0,-1.344137E1,7.389824E0
7.428254E0,-1.793074E1,1.659664E1
7.432425E0,-2.207797E1,2.466376E1
7.436596E0,-2.511021E1,3.178202E1
7.440767E0,-2.775166E1,3.812101E1
7.444937E0,-2.988206E1,4.351962E1
7.449108E0,-3.117199E1,4.891413E1
7.453279E0,-3.212134E1,5.249273E1
7.457450E0,-3.248235E1,5.543180E1
7.461621E0,-3.197825E1,5.710509E1
7.465792E0,-3.192929E1,5.788371E1
7.469963E0,-3.030893E1,5.833145E1
7.474133E0,-2.920079E1,5.690321E1
7.478304E0,-2.716893E1,5.487683E1
7.482475E0,-2.472164E1,5.130073E1
7.486646E0,-2.209296E1,4.732125E1
7.490817E0,-1.911866E1,4.167355E1
7.494988E0,-1.588581E1,3.542410E1
7.499158E0,-1.246645E1,2.885196E1
7.503329E0,-8.799679E0,1.990930E1
7.507500E0,-5.353154E0,1.103406E1
7.511671E0,-2.075977E0,1.267538E0
7.515842E0,4.271608E-1,-8.279789E0
7.520012E0,2.753650E0,-1.698297E1
7.524183E0,4.526923E0,-2.483239E1
7.528354E0,6.045793E0,-3.142398E1
7.532525E0,6.758002E0,-3.762777E1
7.536696E0,7.290865E0,-4.284415E1
7.540867E0,7.570408E0,-4.680612E1
7.545038E0,7.909967E0,-4.966137E1
7.549208E0,7.554379E0,-5.206422E1
7.553379E0,7.608990E0,-5.364179E1
7.557550E0,7.198242E0,-5.392544E1
7.561721E0,6.476422E0,-5.348581E1
7.565892E0,6.170263E0,-5.191367E1
7.570062E0,5.568492E0,-4.916677E1
7.574233E0,5.112304E0,-4.571553E1
7.578404E0,4.245008E0,-4.131599E1
7.582575E0,3.075246E0,-3.619529E1
7.586746E0,2.593222E0,-2.981425E1
7.590917E0,1.138929E0,-2.318764E1
7.595088E0,1.469289E-1,-1.495269E1
7.599258E0,-1.267818E0,-5.996262E0
7.603429E0,-3.090683E0,3.058050E0
7.607600E0,-4.977099E0,1.309642E1
7.611771E0,-7.486243E0,2.171892E1
7.615942E0,-8.974002E0,2.909707E1
7.620113E0,-1.088224E1,3.625479E1
7.624283E0,-1.244927E1,4.237722E1
7.628454E0,-1.363379E1,4.716425E1
7.632625E0,-1.495848E1,5.096788E1
7.636796E0,-1.586442E1,5.359679E1
7.640967E0,-1.666889E1,5.545144E1
7.645137E0,-1.690246E1,5.608147E1
7.649308E0,-1.753711E1,5.598526E1
7.653479E0,-1.786256E1,5.360879E1
7.657650E0,-1.716526E1,5.128642E1
7.661821E0,-1.704761E1,4.732540E1
7.665992E0,-1.672441E1,4.253617E1
7.670162E0,-1.607333E1,3.669480E1
7.674333E0,-1.476739E1,2.978433E1
7.678504E0,-1.336605E1,2.196407E1
7.682675E0,-1.108952E1,1.337953E1
7.686846E0,-8.991464E0,3.774434E0
7.691017E0,-5.559419E0,-5.296254E0
7.695188E0,-2.118392E0,-1.325156E1
7.699358E0,3.913664E-1,-2.084262E1
7.703529E0,3.249174E0,-2.651063E1
7.707700E0,5.181938E0,-3.215674E1
7.711871E0,7.292627E0,-3.675003E1
7.716042E0,8.795981E0,-4.017754E1
7.720213E0,1.069998E1,-4.279536E1
7.724383E0,1.164873E1,-4.417633E1
7.728554E0,1.254800E1,-4.538538E1
7.732725E0,1.306367E1,-4.542867E1
7.736896E0,1.318722E1,-4.459202E1
7.741067E0,1.302354E1,-4.254574E1
7.745237E0,1.271086E1,-3.971205E1
7.749408E0,1.147894E1,-3.602688E1
7.753579E0,1.059436E1,-3.136747E1
7.757750E0,8.991386E0,-2.637523E1
7.761921E0,7.534824E0,-2.001755E1
7.766092E0,5.251756E0,-1.348606E1
7.770262E0,2.782984E0,-5.705456E0
7.774433E0,-3.103263E-1,2.307293E0
7.778604E0,-3.647698E0,1.009695E1
7.782775E0,-7.480745E0,1.792096E1
7.786946E0,-1.045701E1,2.485100E1
7.791117E0,-1.314778E1,3.073708E1
7.795288E0,-1.572686E1,3.513191E1
7.799458E0,-1.802469E1,3.919235E1
7.803629E0,-1.947526E1,4.249707E1
7.807800E0,-2.093947E1,4.422248E1
7.811971E0,-2.188491E1,4.517337E1
7.816142E0,-2.265772E1,4.512071E1
7.820312E0,-2.285604E1,4.421904E1
7.824483E0,-2.260085E1,4.207083E1
7.828654E0,-2.285437E1,3.866412E1
7.832825E0,-2.156373E1,3.490529E1
7.836996E0,-1.912384E1,3.009833E1
7.841167E0,-1.715257E1,2.413637E1
7.845338E0,-1.421881E1,1.759692E1
7.849508E0,-1.006668E1,1.013177E1
7.853679E0,-6.055584E0,2.383531E0
7.857850E0,-1.013008E0,-3.900199E0
7.862021E0,3.508111E0,-9.684366E0
7.866192E0,7.900803E0,-1.480911E1
7.870363E0,1.164214E1,-1.923385E1
7.874533E0,1.548120E1,-2.252016E1
7.878704E0,1.805134E1,-2.538527E1
7.882875E0,2.012902E1,-2.779256E1
7.887046E0,2.169861E1,-2.854681E1
7.891217E0,2.256526E1,-2.921323E1
7.895388E0,2.300485E1,-2.942098E1
7.899558E0,2.239926E1,-2.887921E1
7.903729E0,2.090501E1,-2.724045E1
7.907900E0,1.875568E1,-2.541031E1
7.912071E0,1.604690E1,-2.314967E1
7.916242E0,1.275372E1,-1.972267E1
7.920413E0,8.638523E0,-1.621786E1
7.924583E0,4.151423E0,-1.188306E1
7.928754E0,-1.194201E0,-6.709451E0
7.932925E0,-6.643143E0,-1.664607E0
7.937096E0,-1.206755E1,4.390150E0
7.941267E0,-1.637458E1,1.018926E1
7.945437E0,-1.983235E1,1.546398E1
7.949608E0,-2.303609E1,1.978179E1
7.953779E0,-2.526125E1,2.373639E1
7.957950E0,-2.663189E1,2.614482E1
7.962121E0,-2.772777E1,2.817142E1
7.966292E0,-2.801553E1,2.980111E1
7.970463E0,-2.745485E1,3.058639E1
7.974633E0,-2.594798E1,3.009639E1
7.978804E0,-2.419863E1,2.971598E1
7.982975E0,-2.179564E1,2.756849E1
7.987146E0,-1.832825E1,2.579417E1
7.991317E0,-1.452806E1,2.287942E1
7.995488E0,-9.889012E0,1.851915E1
7.999658E0,-5.602747E0,1.351506E1
8.003829E0,-1.494970E0,8.523228E0
8.008000E0,2.242591E0,1.908731E0
8.012171E0,5.189151E0,-4.118527E0
8.016342E0,7.657368E0,-9.181771E0
8.020513E0,9.765204E0,-1.373863E1
8.024683E0,1.060449E1,-1.807436E1
8.028854E0,1.160966E1,-2.130979E1
8.033025E0,1.205836E1,-2.392021E1
8.037196E0,1.157018E1,-2.540485E1
8.041367E0,1.063866E1,-2.622048E1
8.045538E0,9.778152E0,-2.676122E1
8.049708E0,7.565419E0,-2.620276E1
8.053879E0,5.678263E0,-2.454751E1
8.058050E0,2.938517E0,-2.253680E1
8.062221E0,8.603146E-2,-1.966533E1
8.066392E0,-3.392148E0,-1.571946E1
8.070562E0,-6.943049E0,-1.143390E1
8.074733E0,-1.043927E1,-5.871905E0
8.078904E0,-1.338653E1,4.484045E-1
8.083075E0,-1.578767E1,6.347956E0
8.087246E0,-1.722685E1,1.184243E1
8.091417E0,-1.811818E1,1.657710E1
8.095588E0,-1.827285E1,2.052771E1
8.099758E0,-1.799275E1,2.402675E1
8.103929E0,-1.726153E1,2.647926E1
8.108100E0,-1.617525E1,2.750612E1
8.112271E0,-1.451050E1,2.848092E1
8.116442E0,-1.272641E1,2.746851E1
8.120613E0,-1.081346E1,2.608350E1
8.124783E0,-8.920027E0,2.385554E1
8.128954E0,-6.505192E0,2.081258E1
8.133125E0,-4.041301E0,1.616839E1
8.137296E0,-2.204927E0,1.126387E1
8.141467E0,-6.655513E-1,4.819557E0
8.145637E0,1.937124E-1,-1.431125E0
8.149808E0,3.221975E-1,-7.602558E0
8.153979E0,8.011033E-2,-1.269063E1
8.158150E0,-8.412619E-1,-1.733060E1
8.162321E0,-1.678306E0,-2.151009E1
8.166492E0,-3.110152E0,-2.435191E1
8.170663E0,-4.336693E0,-2.628665E1
8.174833E0,-5.777540E0,-2.771177E1
8.179004E0,-7.254339E0,-2.780174E1
8.183175E0,-8.310639E0,-2.657579E1
8.187346E0,-9.899429E0,-2.554748E1
8.191517E0,-1.098926E1,-2.279538E1
8.195688E0,-1.228659E1,-1.897100E1
8.199858E0,-1.321924E1,-1.534450E1
8.204029E0,-1.336691E1,-9.940807E0
8.208200E0,-1.342041E1,-3.772410E0
8.212371E0,-1.276551E1,1.791655E0
8.216542E0,-1.134832E1,7.922052E0
8.220712E0,-9.374296E0,1.298832E1
8.224883E0,-7.042175E0,1.671235E1
8.229054E0,-4.710847E0,2.006265E1
8.233225E0,-2.879933E0,2.269948E1
8.237396E0,-9.978487E-1,2.416276E1
8.241567E0,4.999354E-1,2.489669E1
8.245737E0,2.066989E0,2.421347E1
8.249908E0,2.861529E0,2.310124E1
8.254079E0,3.202313E0,2.088620E1
8.258250E0,3.300376E0,1.749777E1
8.262421E0,2.906613E0,1.403777E1
8.266592E0,1.667117E0,9.797288E0
8.270763E0,1.469501E-1,4.273874E0
8.274933E0,-2.292783E0,-1.193190E0
8.279104E0,-5.144932E0,-6.094476E0
8.283275E0,-8.234237E0,-1.084072E1
8.287446E0,-1.167980E1,-1.490340E1
8.291617E0,-1.429911E1,-1.692499E1
8.295788E0,-1.712994E1,-1.955682E1
8.299958E0,-1.910193E1,-2.072750E1
8.304129E0,-2.074411E1,-2.157015E1
8.308300E0,-2.180339E1,-2.145509E1
8.312471E0,-2.234751E1,-2.039868E1
8.316642E0,-2.206737E1,-1.888027E1
8.320813E0,-2.121016E1,-1.686388E1
8.324983E0,-1.941770E1,-1.370650E1
8.329154E0,-1.746831E1,-1.036374E1
8.333325E0,-1.444173E1,-6.428038E0
8.337496E0,-1.111468E1,-2.539653E0
8.341667E0,-6.913905E0,2.050645E0
8.345838E0,-2.669086E0,6.139739E0
8.350008E0,1.219033E0,1.010297E1
8.354179E0,4.586898E0,1.344895E1
8.358350E0,7.244620E0,1.517007E1
8.362521E0,9.180742E0,1.655042E1
8.366692E0,1.063585E1,1.789125E1
8.370862E0,1.136747E1,1.717437E1
8.375033E0,1.115921E1,1.683815E1
8.379204E0,1.068920E1,1.590239E1
8.383375E0,9.247732E0,1.358698E1
8.387546E0,7.280956E0,1.109675E1
8.391717E0,4.592223E0,8.337976E0
8.395888E0,1.185530E0,4.448683E0
8.400058E0,-3.104624E0,5.205414E-1
8.404229E0,-7.787997E0,-3.477625E0
8.408400E0,-1.260832E1,-6.879613E0
8.412571E0,-1.685894E1,-9.533350E0
8.416742E0,-2.013877E1,-1.143256E1
8.420913E0,-2.302459E1,-1.306916E1
8.425083E0,-2.500324E1,-1.446856E1
8.429254E0,-2.598040E1,-1.481492E1
8.433425E0,-2.672197E1,-1.473072E1
8.437596E0,-2.631094E1,-1.378187E1
8.441767E0,-2.524655E1,-1.266633E1
8.445937E0,-2.340343E1,-1.120795E1
8.450108E0,-2.080396E1,-9.585333E0
8.454279E0,-1.744769E1,-6.629469E0
8.458450E0,-1.315925E1,-3.844367E0
8.462621E0,-8.738507E0,-1.352830E0
8.466792E0,-3.789499E0,1.790961E0
8.470962E0,9.856948E-1,5.129212E0
8.475133E0,4.778417E0,8.054745E0
8.479304E0,7.635377E0,1.000473E1
8.483475E0,1.033022E1,1.117077E1
8.487646E0,1.180685E1,1.247498E1
8.491817E0,1.314936E1,1.303240E1
8.495988E0,1.286124E1,1.285843E1
8.500158E0,1.237725E1,1.208242E1
8.504329E0,1.062082E1,1.086046E1
8.508500E0,8.693469E0,9.232069E0
8.512671E0,5.821798E0,7.148373E0
8.516842E0,1.953375E0,4.098784E0
8.521013E0,-2.208318E0,1.248551E0
8.525183E0,-7.270774E0,-1.311470E0
8.529354E0,-1.217652E1,-3.852464E0
8.533525E0,-1.687695E1,-6.392909E0
8.537696E0,-2.022525E1,-7.505636E0
8.541867E0,-2.303376E1,-9.187835E0
8.546038E0,-2.527705E1,-1.029504E1
8.550208E0,-2.597519E1,-1.096169E1
8.554379E0,-2.629369E1,-1.074764E1
8.558550E0,-2.583151E1,-1.067699E1
8.562721E0,-2.473753E1,-1.051281E1
8.566892E0,-2.268054E1,-9.373632E0
8.571063E0,-1.974222E1,-7.834424E0
8.575233E0,-1.622637E1,-5.722104E0
8.579404E0,-1.169347E1,-3.660112E0
8.583575E0,-7.030707E0,-1.217169E0
8.587746E0,-2.004656E0,1.536823E0
8.591917E0,2.262222E0,4.275919E0
8.596087E0,5.714371E0,7.434589E0
8.600258E0,7.970368E0,8.830997E0
8.604429E0,9.962671E0,1.038761E1
8.608600E0,1.105837E1,1.134701E1
8.612771E0,1.124269E1,1.147198E1
8.616942E0,1.080387E1,1.181495E1
8.621112E0,1.016992E1,1.104790E1
8.625283E0,7.910748E0,9.675384E0
8.629454E0,5.224891E0,7.651080E0
8.633625E0,1.954111E0,5.416538E0
8.637796E0,-2.226577E0,2.850927E0
8.641967E0,-6.816723E0,-5.962207E-1
8.646138E0,-1.143127E1,-2.605706E0
8.650308E0,-1.532292E1,-4.810291E0
8.654479E0,-1.879229E1,-7.502303E0
8.658650E0,-2.173574E1,-9.599199E0
8.662821E0,-2.330783E1,-1.054282E1
8.666992E0,-2.442839E1,-1.116396E1
8.671163E0,-2.486956E1,-1.236082E1
8.675333E0,-2.420484E1,-1.189859E1
8.679504E0,-2.293535E1,-1.162444E1
8.683675E0,-2.115887E1,-1.041033E1
8.687846E0,-1.823105E1,-8.767742E0
8.692017E0,-1.489038E1,-6.743427E0
8.696188E0,-1.105708E1,-4.108009E0
8.700358E0,-6.536123E0,-1.273276E0
8.704529E0,-2.172299E0,1.636852E0
8.708700E0,1.329670E0,4.474609E0
8.712871E0,3.980041E0,7.542401E0
8.717042E0,6.226297E0,9.710165E0
8.721213E0,7.538913E0,1.160764E1
8.725383E0,8.262076E0,1.191525E1
8.729554E0,8.273180E0,1.220486E1
8.733725E0,7.688025E0,1.250476E1
8.737896E0,6.365786E0,1.115507E1
8.742067E0,4.254384E0,9.644249E0
8.746237E0,1.904480E0,8.046614E0
8.750408E0,-1.396510E0,5.455714E0
8.754579E0,-5.181148E0,2.186996E0
8.758750E0,-9.364429E0,-1.215384E0
8.762921E0,-1.308956E1,-4.915288E0
8.767092E0,-1.623215E1,-7.557368E0
8.771263E0,-1.829897E1,-9.665883E0
8.775433E0,-1.992127E1,-1.158832E1
8.779604E0,-2.126133E1,-1.305588E1
8.783775E0,-2.124224E1,-1.342733E1
8.787946E0,-2.092319E1,-1.376631E1
8.792117E0,-1.987710E1,-1.352558E1
8.796288E0,-1.831192E1,-1.212877E1
8.800458E0,-1.570684E1,-1.090119E1
8.804629E0,-1.321006E1,-8.096425E0
8.808800E0,-9.792959E0,-5.454377E0
8.812971E0,-6.154186E0,-1.725943E0
8.817142E0,-2.898584E0,1.963307E0
8.821312E0,-1.446942E-1,6.030598E0
8.825483E0,1.752998E0,9.299688E0
8.829654E0,3.044232E0,1.138515E1
8.833825E0,3.824428E0,1.356577E1
8.837996E0,4.258963E0,1.440331E1
8.842167E0,3.878410E0,1.493074E1
8.846337E0,2.916905E0,1.431288E1
8.850508E0,1.549712E0,1.328470E1
8.854679E0,-8.105491E-2,1.124985E1
8.858850E0,-2.502674E0,8.852620E0
8.863021E0,-5.288663E0,5.364701E0
8.867192E0,-8.249727E0,7.918065E-1
8.871363E0,-1.071262E1,-3.683689E0
8.875533E0,-1.279516E1,-7.546417E0
8.879704E0,-1.417301E1,-1.048595E1
8.883875E0,-1.503367E1,-1.338457E1
8.888046E0,-1.541570E1,-1.509216E1
8.892217E0,-1.515758E1,-1.645559E1
8.896388E0,-1.473943E1,-1.694191E1
8.900558E0,-1.387097E1,-1.668006E1
8.904729E0,-1.293388E1,-1.532438E1
8.908900E0,-1.144019E1,-1.304550E1
8.913071E0,-9.974587E0,-1.073622E1
8.917242E0,-8.170856E0,-7.049653E0
8.921413E0,-6.336523E0,-2.720661E0
8.925583E0,-5.052195E0,1.881271E0
8.929754E0,-4.101412E0,6.220459E0
8.933925E0,-3.369469E0,1.046098E1
8.938096E0,-3.053631E0,1.313568E1
8.942267E0,-3.098714E0,1.560680E1
8.946438E0,-3.625261E0,1.612228E1
8.950608E0,-4.256678E0,1.693482E1
8.954779E0,-4.694759E0,1.583855E1
8.958950E0,-5.752473E0,1.439674E1
8.963121E0,-6.916955E0,1.199731E1
8.967292E0,-7.703133E0,8.283089E0
8.971462E0,-8.541606E0,4.743684E0
8.975633E0,-8.692681E0,1.155528E-1
8.979804E0,-9.070475E0,-4.506412E0
8.983975E0,-8.883185E0,-9.150289E0
8.988146E0,-8.226612E0,-1.185592E1
8.992317E0,-7.848465E0,-1.486956E1
8.996487E0,-7.715900E0,-1.654059E1
9.000658E0,-7.667323E0,-1.749934E1
9.004829E0,-7.770601E0,-1.735689E1
9.009000E0,-7.612657E0,-1.658288E1
9.013171E0,-7.740664E0,-1.459741E1
9.017342E0,-7.811159E0,-1.190604E1
9.021513E0,-7.948047E0,-7.867846E0
9.025683E0,-8.228250E0,-3.804236E0
9.029854E0,-8.440437E0,1.289757E0
9.034025E0,-8.353715E0,5.539621E0
9.038196E0,-8.059142E0,9.485045E0
9.042367E0,-7.766168E0,1.228875E1
9.046538E0,-7.754569E0,1.391125E1
9.050708E0,-7.126306E0,1.560104E1
9.054879E0,-7.137772E0,1.563416E1
9.059050E0,-6.703635E0,1.506271E1
9.063221E0,-6.888315E0,1.315215E1
9.067392E0,-7.130348E0,1.089624E1
9.071563E0,-7.275606E0,7.365848E0
9.075733E0,-7.212492E0,3.255027E0
9.079904E0,-7.360193E0,-7.733884E-1
9.084075E0,-7.741663E0,-5.655972E0
9.088246E0,-8.132856E0,-8.718312E0
9.092417E0,-8.550972E0,-1.132900E1
9.096588E0,-9.110697E0,-1.343139E1
9.100758E0,-9.351135E0,-1.422047E1
9.104929E0,-1.002483E1,-1.507282E1
9.109100E0,-1.020042E1,-1.462183E1
9.113271E0,-1.037740E1,-1.283153E1
9.117442E0,-1.038157E1,-1.074857E1
9.121612E0,-9.987797E0,-7.666323E0
9.125783E0,-9.360598E0,-3.707892E0
9.129954E0,-8.625577E0,6.973072E-2
9.134125E0,-7.118451E0,4.278678E0
9.138296E0,-5.327581E0,8.239455E0
9.142467E0,-4.287773E0,1.066014E1
9.146638E0,-3.029254E0,1.254247E1
9.150808E0,-2.502786E0,1.367242E1
9.154979E0,-1.785692E0,1.368205E1
9.159150E0,-1.891728E0,1.311782E1
9.163321E0,-2.406333E0,1.162715E1
9.167492E0,-3.208398E0,9.385093E0
9.171663E0,-4.402166E0,6.712725E0
9.175833E0,-6.057617E0,2.854458E0
9.180004E0,-7.722019E0,-1.542839E0
9.184175E0,-9.081735E0,-4.766492E0
9.188346E0,-1.021517E1,-7.654157E0
9.192517E0,-1.109445E1,-9.869536E0
9.196687E0,-1.180369E1,-1.223039E1
9.200858E0,-1.208390E1,-1.278606E1
9.205029E0,-1.202508E1,-1.281484E1
9.209200E0,-1.168539E1,-1.239270E1
9.213371E0,-1.121674E1,-1.061839E1
9.217542E0,-1.029688E1,-8.092981E0
9.221712E0,-9.172149E0,-5.514524E0
9.225883E0,-7.733167E0,-2.493085E0
9.230054E0,-6.497220E0,1.847488E0
9.234225E0,-4.883914E0,5.283392E0
9.238396E0,-4.107621E0,8.232025E0
9.242567E0,-3.583764E0,1.081983E1
9.246738E0,-2.892949E0,1.241048E1
9.250908E0,-3.018828E0,1.330798E1
9.255079E0,-3.587165E0,1.291400E1
9.259250E0,-4.194791E0,1.154858E1
9.263421E0,-4.963404E0,9.979059E0
9.267592E0,-5.997519E0,7.066938E0
9.271763E0,-7.312531E0,3.968838E0
9.275933E0,-8.174733E0,-3.324028E-1
9.280104E0,-8.473943E0,-4.018296E0
9.284275E0,-8.587869E0,-7.252044E0
9.288446E0,-8.438474E0,-9.919030E0
9.292617E0,-8.361658E0,-1.153299E1
9.296788E0,-8.227056E0,-1.239466E1
9.300958E0,-8.046112E0,-1.241972E1
9.305129E0,-8.060114E0,-1.156153E1
9.309300E0,-7.848786E0,-9.894471E0
9.313471E0,-7.864863E0,-7.604897E0
9.317642E0,-7.684647E0,-4.654443E0
9.321813E0,-7.339066E0,-7.244774E-1
9.325983E0,-6.793060E0,3.112642E0
9.330154E0,-6.034828E0,6.527710E0
9.334325E0,-5.374154E0,9.621811E0
9.338496E0,-4.713539E0,1.123861E1
9.342667E0,-4.312685E0,1.237974E1
9.346837E0,-4.110706E0,1.251663E1
9.351008E0,-4.196481E0,1.205349E1
9.355179E0,-4.489874E0,1.047310E1
9.359350E0,-5.101871E0,7.611787E0
9.363521E0,-5.869599E0,4.154920E0
9.367692E0,-6.652684E0,5.355362E-1
9.371862E0,-7.332727E0,-3.059946E0
9.376033E0,-7.788713E0,-6.553562E0
9.380204E0,-8.355703E0,-8.784457E0
9.384375E0,-8.615130E0,-1.049369E1
9.388546E0,-8.979543E0,-1.090296E1
9.392717E0,-9.110373E0,-1.093755E1
9.396888E0,-9.301390E0,-9.974348E0
9.401058E0,-8.951213E0,-8.568582E0
9.405229E0,-8.737684E0,-6.282919E0
9.409400E0,-8.107791E0,-3.520024E0
9.413571E0,-7.136603E0,8.307687E-2
9.417742E0,-6.201306E0,3.456547E0
9.421913E0,-4.815039E0,6.517934E0
9.426083E0,-4.151863E0,8.556873E0
9.430254E0,-3.471701E0,1.029125E1
9.434425E0,-3.447745E0,1.077913E1
9.438596E0,-3.183292E0,1.051926E1
9.442767E0,-3.617804E0,9.322569E0
9.446938E0,-4.294702E0,8.006051E0
9.451108E0,-5.430027E0,5.284758E0
9.455279E0,-6.381181E0,2.316693E0
9.459450E0,-7.312641E0,-1.059520E0
9.463621E0,-7.919938E0,-4.241331E0
9.467792E0,-8.236126E0,-6.793107E0
9.471963E0,-8.506665E0,-8.491999E0
9.476133E0,-8.658773E0,-9.893699E0
9.480304E0,-8.708852E0,-9.920990E0
9.484475E0,-8.673936E0,-9.540365E0
9.488646E0,-8.430681E0,-7.844130E0
9.492817E0,-7.818194E0,-5.791710E0
9.496987E0,-7.452224E0,-3.140715E0
9.501158E0,-6.812910E0,-6.672378E-2
9.505329E0,-6.184801E0,3.296473E0
9.509500E0,-5.344125E0,6.390068E0
9.513671E0,-4.433097E0,8.219330E0
9.517842E0,-4.098867E0,9.676654E0
9.522013E0,-3.913087E0,1.029834E1
9.526183E0,-3.988953E0,1.009334E1
9.530354E0,-4.294454E0,9.126421E0
9.534525E0,-4.945350E0,7.083893E0
9.538696E0,-5.884864E0,4.465752E0
9.542867E0,-6.671340E0,1.294739E0
9.547038E0,-7.139505E0,-1.593835E0
9.551208E0,-7.511717E0,-4.219210E0
9.555379E0,-7.513434E0,-6.426279E0
9.559550E0,-7.848760E0,-8.072950E0
9.563721E0,-7.992631E0,-9.123495E0
9.567892E0,-7.893994E0,-8.878770E0
9.572062E0,-8.015997E0,-7.619805E0
9.576233E0,-8.004972E0,-5.947718E0
9.580404E0,-7.773245E0,-3.665981E0
9.584575E0,-7.309305E0,-3.900888E-1
9.588746E0,-6.532396E0,2.516256E0
9.592917E0,-5.396246E0,5.365671E0
9.597087E0,-4.357953E0,7.718444E0
9.601258E0,-3.911955E0,8.603220E0
9.605429E0,-3.579799E0,9.972438E0
9.609600E0,-3.465935E0,9.715293E0
9.613771E0,-3.662987E0,8.292618E0
9.617942E0,-4.580074E0,6.889652E0
9.622113E0,-5.165801E0,4.181541E0
9.626283E0,-6.059227E0,1.152298E0
9.630454E0,-7.016414E0,-1.292249E0
9.634625E0,-7.654219E0,-4.367451E0
9.638796E0,-7.931449E0,-5.867375E0
9.642967E0,-8.350296E0,-7.068649E0
9.647138E0,-8.096859E0,-7.562445E0
9.651308E0,-8.142806E0,-7.508967E0
9.655479E0,-7.936332E0,-6.663592E0
9.659650E0,-7.461964E0,-4.819158E0
9.663821E0,-6.829196E0,-2.541026E0
9.667992E0,-6.375672E0,5.112539E-1
9.672163E0,-5.567171E0,3.671880E0
9.676333E0,-4.826691E0,5.396593E0
9.680504E0,-4.256016E0,7.535373E0
9.684675E0,-3.992486E0,8.113628E0
9.688846E0,-3.971677E0,8.367419E0
9.693017E0,-4.213921E0,8.132137E0
9.697188E0,-4.670935E0,6.639903E0
9.701358E0,-5.501497E0,4.927515E0
9.705529E0,-6.168849E0,2.088344E0
9.709700E0,-6.338344E0,1.202309E-1
9.713871E0,-6.892835E0,-3.187632E0
9.718042E0,-7.022522E0,-4.834514E0
9.722212E0,-7.296662E0,-5.733553E0
9.726383E0,-7.419371E0,-6.334671E0
9.730554E0,-7.392984E0,-6.192153E0
9.734725E0,-7.275572E0,-5.338420E0
9.738896E0,-6.926348E0,-3.519455E0
9.743067E0,-6.723722E0,-1.499592E0
9.747237E0,-6.373712E0,1.505608E0
9.751408E0,-5.606732E0,3.091656E0
9.755579E0,-4.680977E0,5.448631E0
9.759750E0,-4.195266E0,6.905779E0
9.763921E0,-3.911042E0,7.301850E0
9.768092E0,-3.798379E0,7.395448E0
9.772263E0,-4.130392E0,6.473444E0
9.776433E0,-4.759330E0,5.224856E0
9.780604E0,-5.534272E0,3.487051E0
9.784775E0,-6.223962E0,1.103113E0
9.788946E0,-6.979516E0,-1.540332E0
9.793117E0,-7.193652E0,-3.484318E0
9.797287E0,-7.864127E0,-5.197092E0
9.801458E0,-7.954374E0,-5.723388E0
9.805629E0,-7.778197E0,-5.815439E0
9.809800E0,-7.679634E0,-4.869025E0
9.813971E0,-7.604006E0,-3.908050E0
9.818142E0,-7.099897E0,-1.579435E0
9.822313E0,-6.737803E0,7.217761E-1
9.826483E0,-6.047518E0,3.092271E0
9.830654E0,-5.183440E0,5.164320E0
9.834825E0,-4.791839E0,6.100046E0
9.838996E0,-4.820397E0,6.964358E0
9.843167E0,-4.889681E0,6.671584E0
9.847338E0,-5.296971E0,6.286324E0
9.851508E0,-5.698531E0,4.481739E0
9.855679E0,-6.445653E0,2.675537E0
9.859850E0,-6.925125E0,3.149514E-1
9.864021E0,-7.174383E0,-1.697889E0
9.868192E0,-7.450898E0,-3.431928E0
9.872362E0,-7.506109E0,-4.417921E0
9.876533E0,-7.774438E0,-4.992763E0
9.880704E0,-7.916926E0,-5.263711E0
