,mass A,,
t,x,y,
0.000000E0,1.832808E2,-5.160334E1
4.170833E-3,1.832754E2,-5.151355E1
8.341667E-3,1.833953E2,-5.153115E1
1.251250E-2,1.833194E2,-5.136202E1
1.668333E-2,1.835212E2,-5.201383E1
2.085417E-2,1.832232E2,-5.186446E1
2.502500E-2,1.833775E2,-5.162270E1
2.919583E-2,1.836162E2,-5.192886E1
3.336667E-2,1.834946E2,-5.184655E1
3.753750E-2,1.836242E2,-5.186849E1
4.170833E-2,1.831360E2,-5.176771E1
4.587917E-2,1.832138E2,-5.183523E1
5.005000E-2,1.830316E2,-5.193007E1
5.422083E-2,1.828830E2,-5.193530E1
5.839167E-2,1.826792E2,-5.189012E1
6.256250E-2,1.824053E2,-5.188872E1
6.673333E-2,1.820736E2,-5.204832E1
7.090417E-2,1.821510E2,-5.186492E1
7.507500E-2,1.821263E2,-5.203274E1
7.924583E-2,1.817537E2,-5.176209E1
8.341667E-2,1.816549E2,-5.176912E1
8.758750E-2,1.815049E2,-5.166581E1
9.175833E-2,1.816325E2,-5.190812E1
9.592917E-2,1.815815E2,-5.177129E1
1.001000E-1,1.816709E2,-5.185729E1
1.042708E-1,1.818327E2,-5.194725E1
1.084417E-1,1.818948E2,-5.192842E1
1.126125E-1,1.822434E2,-5.207921E1
1.167833E-1,1.820707E2,-5.187761E1
1.209542E-1,1.822572E2,-5.224628E1
1.251250E-1,1.820357E2,-5.218981E1
1.292958E-1,1.821960E2,-5.274954E1
1.334667E-1,1.817187E2,-5.293261E1
1.376375E-1,1.814815E2,-5.312345E1
1.418083E-1,1.812646E2,-5.345753E1
1.459792E-1,1.811024E2,-5.373518E1
1.501500E-1,1.807501E2,-5.391255E1
1.543208E-1,1.803322E2,-5.385937E1
1.584917E-1,1.801367E2,-5.431921E1
1.626625E-1,1.798719E2,-5.469818E1
1.668333E-1,1.797778E2,-5.451598E1
1.710042E-1,1.797633E2,-5.458722E1
1.751750E-1,1.794548E2,-5.498624E1
1.793458E-1,1.792827E2,-5.489298E1
1.835167E-1,1.793872E2,-5.511498E1
1.876875E-1,1.791094E2,-5.516685E1
1.918583E-1,1.790923E2,-5.531978E1
1.960292E-1,1.792958E2,-5.550872E1
2.002000E-1,1.794210E2,-5.562878E1
2.043708E-1,1.795944E2,-5.550891E1
2.085417E-1,1.796112E2,-5.579799E1
2.127125E-1,1.796854E2,-5.556476E1
2.168833E-1,1.793765E2,-5.555022E1
2.210542E-1,1.794897E2,-5.552884E1
2.252250E-1,1.795861E2,-5.576022E1
2.293958E-1,1.797481E2,-5.558716E1
2.335667E-1,1.796906E2,-5.555715E1
2.377375E-1,1.797952E2,-5.571837E1
2.419083E-1,1.798472E2,-5.577952E1
2.460792E-1,1.801314E2,-5.576148E1
2.502500E-1,1.800833E2,-5.576855E1
2.544208E-1,1.802882E2,-5.570107E1
2.585917E-1,1.802879E2,-5.579408E1
2.627625E-1,1.804727E2,-5.567032E1
2.669333E-1,1.803743E2,-5.555333E1
2.711042E-1,1.806321E2,-5.571573E1
2.752750E-1,1.805972E2,-5.535547E1
2.794458E-1,1.805683E2,-5.537494E1
2.836167E-1,1.805580E2,-5.524493E1
2.877875E-1,1.807458E2,-5.550087E1
2.919583E-1,1.808962E2,-5.561266E1
2.961292E-1,1.812118E2,-5.535358E1
3.003000E-1,1.813034E2,-5.516756E1
3.044708E-1,1.813484E2,-5.537146E1
3.086417E-1,1.815109E2,-5.536706E1
3.128125E-1,1.814672E2,-5.513440E1
3.169833E-1,1.815279E2,-5.540098E1
3.211542E-1,1.814873E2,-5.530302E1
3.253250E-1,1.815240E2,-5.535733E1
3.294958E-1,1.817046E2,-5.519419E1
3.336667E-1,1.816460E2,-5.526415E1
3.378375E-1,1.815735E2,-5.527121E1
3.420083E-1,1.818298E2,-5.513769E1
3.461792E-1,1.816617E2,-5.532123E1
3.503500E-1,1.818920E2,-5.500484E1
3.545208E-1,1.819912E2,-5.517041E1
3.586917E-1,1.822455E2,-5.510048E1
3.628625E-1,1.818796E2,-5.468182E1
3.670333E-1,1.821472E2,-5.517773E1
3.712042E-1,1.820921E2,-5.506682E1
3.753750E-1,1.821564E2,-5.515373E1
3.795458E-1,1.819922E2,-5.482231E1
3.837167E-1,1.821219E2,-5.536817E1
3.878875E-1,1.820463E2,-5.513663E1
3.920583E-1,1.819708E2,-5.531594E1
3.962292E-1,1.818520E2,-5.526137E1
4.004000E-1,1.819191E2,-5.552067E1
4.045708E-1,1.820394E2,-5.555381E1
4.087417E-1,1.817055E2,-5.545470E1
4.129125E-1,1.816423E2,-5.561282E1
4.170833E-1,1.815359E2,-5.551232E1
4.212542E-1,1.812535E2,-5.562363E1
4.254250E-1,1.814969E2,-5.554681E1
4.295958E-1,1.817374E2,-5.577760E1
4.337667E-1,1.814965E2,-5.557286E1
4.379375E-1,1.814690E2,-5.550650E1
4.421083E-1,1.816234E2,-5.534181E1
4.462792E-1,1.814992E2,-5.542798E1
4.504500E-1,1.814696E2,-5.542219E1
4.546208E-1,1.816602E2,-5.534272E1
4.587917E-1,1.816172E2,-5.542965E1
4.629625E-1,1.815774E2,-5.551185E1
4.671333E-1,1.815651E2,-5.538720E1
4.713042E-1,1.817635E2,-5.554524E1
4.754750E-1,1.816991E2,-5.519948E1
4.796458E-1,1.815298E2,-5.550765E1
4.838167E-1,1.814066E2,-5.545855E1
4.879875E-1,1.815966E2,-5.543568E1
4.921583E-1,1.814900E2,-5.547039E1
4.963292E-1,1.818643E2,-5.540306E1
5.005000E-1,1.818223E2,-5.545528E1
5.046708E-1,1.818320E2,-5.573339E1
5.088417E-1,1.814885E2,-5.571765E1
5.130125E-1,1.818465E2,-5.588487E1
5.171833E-1,1.819083E2,-5.588646E1
5.213542E-1,1.816747E2,-5.581489E1
5.255250E-1,1.818455E2,-5.584787E1
5.296958E-1,1.816612E2,-5.583483E1
5.338667E-1,1.817333E2,-5.578091E1
5.380375E-1,1.814623E2,-5.627085E1
5.422083E-1,1.810377E2,-5.641660E1
5.463792E-1,1.813555E2,-5.645629E1
5.505500E-1,1.810309E2,-5.642620E1
5.547208E-1,1.812167E2,-5.663001E1
5.588917E-1,1.810890E2,-5.677710E1
5.630625E-1,1.807462E2,-5.694554E1
5.672333E-1,1.810560E2,-5.704335E1
5.714042E-1,1.807299E2,-5.691991E1
5.755750E-1,1.808258E2,-5.691415E1
5.797458E-1,1.807976E2,-5.700140E1
5.839167E-1,1.809174E2,-5.712192E1
5.880875E-1,1.813259E2,-5.731245E1
5.922583E-1,1.814727E2,-5.728615E1
5.964292E-1,1.815384E2,-5.755766E1
6.006000E-1,1.815302E2,-5.738721E1
6.047708E-1,1.818190E2,-5.756591E1
6.089417E-1,1.816874E2,-5.737472E1
6.131125E-1,1.820307E2,-5.810518E1
6.172833E-1,1.821559E2,-5.907548E1
6.214542E-1,1.821270E2,-5.977863E1
6.256250E-1,1.816294E2,-6.066140E1
6.297958E-1,1.802662E2,-6.110133E1
6.339667E-1,1.783302E2,-6.093500E1
6.381375E-1,1.746120E2,-6.044272E1
6.423083E-1,1.703110E2,-5.933931E1
6.464792E-1,1.650225E2,-5.818964E1
6.506500E-1,1.586569E2,-5.631442E1
6.548208E-1,1.508115E2,-5.425171E1
6.589917E-1,1.425821E2,-5.207469E1
6.631625E-1,1.319379E2,-4.874746E1
6.673333E-1,1.216160E2,-4.626440E1
6.715042E-1,1.083952E2,-4.231829E1
6.756750E-1,9.484631E1,-3.870336E1
6.798458E-1,7.944400E1,-3.532754E1
6.840167E-1,6.151178E1,-3.310956E1
6.881875E-1,4.486066E1,-2.886195E1
6.923583E-1,2.631425E1,-2.411837E1
6.965292E-1,7.855459E0,-1.876754E1
7.007000E-1,-1.166642E1,-1.319981E1
7.048708E-1,-2.936259E1,-7.577400E0
7.090417E-1,-4.612980E1,-1.984964E0
7.132125E-1,-6.161263E1,3.087305E0
7.173833E-1,-7.695521E1,8.268364E0
7.215542E-1,-9.059267E1,1.312384E1
7.257250E-1,-1.032479E2,1.774992E1
7.298958E-1,-1.135831E2,2.130907E1
7.340667E-1,-1.236474E2,2.519948E1
7.382375E-1,-1.322512E2,2.865660E1
7.424083E-1,-1.410201E2,3.194162E1
7.465792E-1,-1.468949E2,3.462026E1
7.507500E-1,-1.526863E2,3.756071E1
7.549208E-1,-1.568639E2,3.942935E1
7.590917E-1,-1.607214E2,4.207184E1
7.632625E-1,-1.627465E2,4.362880E1
7.674333E-1,-1.644270E2,4.538474E1
7.716042E-1,-1.642855E2,4.663717E1
7.757750E-1,-1.634440E2,4.667675E1
7.799458E-1,-1.614714E2,4.729128E1
7.841167E-1,-1.581999E2,4.620662E1
7.882875E-1,-1.538194E2,4.559657E1
7.924583E-1,-1.487982E2,4.461447E1
7.966292E-1,-1.425494E2,4.343641E1
8.008000E-1,-1.349306E2,4.136655E1
8.049708E-1,-1.265836E2,3.915697E1
8.091417E-1,-1.158803E2,3.549727E1
8.133125E-1,-1.045823E2,3.257148E1
8.174833E-1,-9.281141E1,2.884628E1
8.216542E-1,-8.002305E1,2.448521E1
8.258250E-1,-6.493377E1,2.003107E1
8.299958E-1,-5.128131E1,1.487646E1
8.341667E-1,-3.421039E1,9.346274E0
8.383375E-1,-1.719001E1,3.208146E0
8.425083E-1,8.306055E-1,-3.555808E0
8.466792E-1,1.806146E1,-1.045930E1
8.508500E-1,3.470305E1,-1.820352E1
8.550208E-1,5.015745E1,-2.528298E1
8.591917E-1,6.559281E1,-3.184807E1
8.633625E-1,7.920093E1,-3.761341E1
8.675333E-1,9.136509E1,-4.312986E1
8.717042E-1,1.034057E2,-4.801936E1
8.758750E-1,1.131441E2,-5.270971E1
8.800458E-1,1.228492E2,-5.724365E1
8.842167E-1,1.313794E2,-6.138562E1
8.883875E-1,1.383122E2,-6.483850E1
8.925583E-1,1.442589E2,-6.763376E1
8.967292E-1,1.495182E2,-7.024473E1
9.009000E-1,1.531794E2,-7.226515E1
9.050708E-1,1.562888E2,-7.368806E1
9.092417E-1,1.582752E2,-7.435575E1
9.134125E-1,1.590211E2,-7.506385E1
9.175833E-1,1.589105E2,-7.529074E1
9.217542E-1,1.576144E2,-7.469268E1
9.259250E-1,1.552864E2,-7.372291E1
9.300958E-1,1.515665E2,-7.244287E1
9.342667E-1,1.470256E2,-7.068109E1
9.384375E-1,1.413121E2,-6.802211E1
9.426083E-1,1.346965E2,-6.534096E1
9.467792E-1,1.268190E2,-6.222935E1
9.509500E-1,1.182819E2,-5.841689E1
9.551208E-1,1.080242E2,-5.417348E1
9.592917E-1,9.754893E1,-4.944439E1
9.634625E-1,8.554739E1,-4.403649E1
9.676333E-1,7.155849E1,-3.854209E1
9.718042E-1,5.715725E1,-3.238259E1
9.759750E-1,4.183213E1,-2.552948E1
9.801458E-1,2.483631E1,-1.865700E1
9.843167E-1,7.525297E0,-1.139125E1
9.884875E-1,-9.551400E0,-3.095140E0
9.926583E-1,-2.690022E1,4.670060E0
9.968292E-1,-4.232410E1,1.206569E1
1.001000E0,-5.576636E1,1.906626E1
1.005171E0,-7.027294E1,2.606404E1
1.009342E0,-8.275735E1,3.204217E1
1.013513E0,-9.263105E1,3.682344E1
1.017683E0,-1.042033E2,4.192539E1
1.021854E0,-1.133971E2,4.664435E1
1.026025E0,-1.219267E2,5.063190E1
1.030196E0,-1.297904E2,5.398804E1
1.034367E0,-1.355407E2,5.660453E1
1.038537E0,-1.406122E2,5.870345E1
1.042708E0,-1.450790E2,6.012799E1
1.046879E0,-1.477736E2,6.162214E1
1.051050E0,-1.500842E2,6.233531E1
1.055221E0,-1.509408E2,6.237386E1
1.059392E0,-1.510894E2,6.203680E1
1.063562E0,-1.499086E2,6.145619E1
1.067733E0,-1.477562E2,5.985900E1
1.071904E0,-1.448384E2,5.821726E1
1.076075E0,-1.408476E2,5.610603E1
1.080246E0,-1.358539E2,5.318242E1
1.084417E0,-1.288787E2,4.964945E1
1.088588E0,-1.212526E2,4.576481E1
1.092758E0,-1.125671E2,4.077764E1
1.096929E0,-1.035164E2,3.619302E1
1.101100E0,-9.224150E1,3.062072E1
1.105271E0,-8.088673E1,2.484965E1
1.109442E0,-6.831904E1,1.858443E1
1.113612E0,-5.476509E1,1.190887E1
1.117783E0,-3.960249E1,5.154319E0
1.121954E0,-2.356286E1,-2.129108E0
1.126125E0,-6.074882E0,-9.457446E0
1.130296E0,1.094751E1,-1.632819E1
1.134467E0,2.804406E1,-2.259004E1
1.138637E0,4.459728E1,-2.859583E1
1.142808E0,5.956730E1,-3.344048E1
1.146979E0,7.313194E1,-3.839096E1
1.151150E0,8.602279E1,-4.231618E1
1.155321E0,9.799106E1,-4.633543E1
1.159492E0,1.085670E2,-4.960144E1
1.163662E0,1.181038E2,-5.240820E1
1.167833E0,1.269379E2,-5.560150E1
1.172004E0,1.344431E2,-5.781712E1
1.176175E0,1.407489E2,-5.974334E1
1.180346E0,1.459559E2,-6.122983E1
1.184517E0,1.500953E2,-6.279457E1
1.188687E0,1.532955E2,-6.335537E1
1.192858E0,1.548425E2,-6.391386E1
1.197029E0,1.558468E2,-6.362278E1
1.201200E0,1.555525E2,-6.357265E1
1.205371E0,1.543679E2,-6.252349E1
1.209542E0,1.518915E2,-6.099310E1
1.213713E0,1.484748E2,-5.949205E1
1.217883E0,1.441679E2,-5.780213E1
1.222054E0,1.382769E2,-5.508148E1
1.226225E0,1.309820E2,-5.204290E1
1.230396E0,1.231484E2,-4.873341E1
1.234567E0,1.142742E2,-4.509806E1
1.238738E0,1.042004E2,-4.125350E1
1.242908E0,9.297378E1,-3.720585E1
1.247079E0,8.021587E1,-3.253785E1
1.251250E0,6.649186E1,-2.786268E1
1.255421E0,5.176738E1,-2.297354E1
1.259592E0,3.470804E1,-1.744026E1
1.263763E0,1.871000E1,-1.158536E1
1.267933E0,1.215036E0,-5.328462E0
1.272104E0,-1.711971E1,5.315619E-1
1.276275E0,-3.295792E1,6.054471E0
1.280446E0,-4.960169E1,1.119981E1
1.284617E0,-6.307299E1,1.630441E1
1.288787E0,-7.626692E1,2.042900E1
1.292958E0,-8.845883E1,2.445528E1
1.297129E0,-1.000071E2,2.804625E1
1.301300E0,-1.098946E2,3.130192E1
1.305471E0,-1.186302E2,3.379116E1
1.309642E0,-1.275042E2,3.645956E1
1.313813E0,-1.339716E2,3.813894E1
1.317983E0,-1.397327E2,3.946177E1
1.322154E0,-1.441774E2,4.032433E1
1.326325E0,-1.478030E2,4.113320E1
1.330496E0,-1.501264E2,4.125338E1
1.334667E0,-1.515684E2,4.153922E1
1.338838E0,-1.519739E2,4.094765E1
1.343008E0,-1.510161E2,4.043003E1
1.347179E0,-1.493947E2,3.925917E1
1.351350E0,-1.462264E2,3.780032E1
1.355521E0,-1.423271E2,3.571056E1
1.359692E0,-1.376663E2,3.347161E1
1.363862E0,-1.308588E2,3.047781E1
1.368033E0,-1.232804E2,2.774511E1
1.372204E0,-1.149250E2,2.409924E1
1.376375E0,-1.047901E2,2.043864E1
1.380546E0,-9.403165E1,1.631117E1
1.384717E0,-8.224834E1,1.230225E1
1.388888E0,-7.011921E1,7.840498E0
1.393058E0,-5.639360E1,2.946847E0
1.397229E0,-4.005758E1,-2.144590E0
1.401400E0,-2.427523E1,-6.973090E0
1.405571E0,-6.563896E0,-1.164122E1
1.409742E0,1.102272E1,-1.641104E1
1.413912E0,2.836862E1,-2.038550E1
1.418083E0,4.569970E1,-2.373053E1
1.422254E0,5.987920E1,-2.666536E1
1.426425E0,7.418063E1,-2.937483E1
1.430596E0,8.711630E1,-3.157766E1
1.434767E0,9.879272E1,-3.334446E1
1.438937E0,1.096268E2,-3.507449E1
1.443108E0,1.193523E2,-3.629450E1
1.447279E0,1.276301E2,-3.761683E1
1.451450E0,1.347786E2,-3.891026E1
1.455621E0,1.408323E2,-3.964414E1
1.459792E0,1.462714E2,-4.001542E1
1.463963E0,1.503462E2,-4.054991E1
1.468133E0,1.532778E2,-4.098245E1
1.472304E0,1.548298E2,-4.090454E1
1.476475E0,1.555190E2,-4.040161E1
1.480646E0,1.549178E2,-4.018843E1
1.484817E0,1.532274E2,-3.949234E1
1.488987E0,1.501285E2,-3.851907E1
1.493158E0,1.463566E2,-3.724066E1
1.497329E0,1.408529E2,-3.622196E1
1.501500E0,1.344917E2,-3.455610E1
1.505671E0,1.269552E2,-3.261230E1
1.509842E0,1.186545E2,-3.060005E1
1.514012E0,1.086006E2,-2.851914E1
1.518183E0,9.718277E1,-2.637605E1
1.522354E0,8.601725E1,-2.357643E1
1.526525E0,7.194871E1,-2.120483E1
1.530696E0,5.708679E1,-1.823063E1
1.534867E0,4.128495E1,-1.572335E1
1.539037E0,2.416374E1,-1.221892E1
1.543208E0,6.681525E0,-8.652614E0
1.547379E0,-1.097425E1,-5.178197E0
1.551550E0,-2.720905E1,-1.805731E0
1.555721E0,-4.443438E1,1.208397E0
1.559892E0,-5.898513E1,4.404615E0
1.564062E0,-7.435847E1,7.284088E0
1.568233E0,-8.391211E1,9.504024E0
1.572404E0,-9.523962E1,1.172203E1
1.576575E0,-1.069548E2,1.409010E1
1.580746E0,-1.164690E2,1.621252E1
1.584917E0,-1.241404E2,1.732341E1
1.589087E0,-1.306858E2,1.869583E1
1.593258E0,-1.363259E2,1.978516E1
1.597429E0,-1.405367E2,1.986515E1
1.601600E0,-1.447216E2,2.070204E1
1.605771E0,-1.469064E2,2.059506E1
1.609942E0,-1.490232E2,2.089809E1
1.614113E0,-1.486000E2,2.068578E1
1.618283E0,-1.479866E2,2.019002E1
1.622454E0,-1.460404E2,1.936085E1
1.626625E0,-1.428560E2,1.853347E1
1.630796E0,-1.384277E2,1.763636E1
1.634967E0,-1.332616E2,1.652118E1
1.639138E0,-1.269133E2,1.456026E1
1.643308E0,-1.185386E2,1.257545E1
1.647479E0,-1.093739E2,1.061475E1
1.651650E0,-9.959560E1,8.385719E0
1.655821E0,-8.925846E1,6.146873E0
1.659992E0,-7.691092E1,3.765228E0
1.664163E0,-6.396655E1,7.639733E-1
1.668333E0,-4.985791E1,-2.152321E0
1.672504E0,-3.425039E1,-4.790080E0
1.676675E0,-1.770807E1,-7.642869E0
1.680846E0,8.820487E-2,-1.082020E1
1.685017E0,1.766096E1,-1.331262E1
1.689188E0,3.473809E1,-1.554708E1
1.693358E0,5.003248E1,-1.735179E1
1.697529E0,6.425939E1,-1.924460E1
1.701700E0,7.690270E1,-2.092010E1
1.705871E0,8.974471E1,-2.209098E1
1.710042E0,1.007663E2,-2.329719E1
1.714213E0,1.108697E2,-2.427326E1
1.718383E0,1.188307E2,-2.554574E1
1.722554E0,1.270423E2,-2.604737E1
1.726725E0,1.342031E2,-2.693724E1
1.730896E0,1.397263E2,-2.738628E1
1.735067E0,1.438401E2,-2.789802E1
1.739237E0,1.471057E2,-2.844101E1
1.743408E0,1.489680E2,-2.879776E1
1.747579E0,1.500877E2,-2.862064E1
1.751750E0,1.497043E2,-2.872277E1
1.755921E0,1.481887E2,-2.861128E1
1.760092E0,1.456457E2,-2.835612E1
1.764263E0,1.417419E2,-2.811317E1
1.768433E0,1.369778E2,-2.775191E1
1.772604E0,1.307472E2,-2.674949E1
1.776775E0,1.235896E2,-2.559479E1
1.780946E0,1.151008E2,-2.438301E1
1.785117E0,1.050131E2,-2.309281E1
1.789288E0,9.435710E1,-2.183472E1
1.793458E0,8.150892E1,-2.030857E1
1.797629E0,6.883296E1,-1.859923E1
1.801800E0,5.497559E1,-1.676130E1
1.805971E0,3.937803E1,-1.441307E1
1.810142E0,2.318134E1,-1.238664E1
1.814312E0,6.488031E0,-9.611821E0
1.818483E0,-1.124579E1,-6.955009E0
1.822654E0,-2.760320E1,-4.148460E0
1.826825E0,-4.276835E1,-1.813506E0
1.830996E0,-5.667954E1,8.116520E-1
1.835167E0,-7.004279E1,2.911083E0
1.839338E0,-8.181152E1,4.847535E0
1.843508E0,-9.210163E1,6.885052E0
1.847679E0,-1.016387E2,8.472465E0
1.851850E0,-1.115548E2,1.017993E1
1.856021E0,-1.189667E2,1.136198E1
1.860192E0,-1.253362E2,1.237338E1
1.864362E0,-1.309010E2,1.308733E1
1.868533E0,-1.348420E2,1.357481E1
1.872704E0,-1.379698E2,1.436977E1
1.876875E0,-1.396656E2,1.448281E1
1.881046E0,-1.408077E2,1.474395E1
1.885217E0,-1.402415E2,1.451607E1
1.889387E0,-1.397194E2,1.434336E1
1.893558E0,-1.369068E2,1.372446E1
1.897729E0,-1.335739E2,1.319813E1
1.901900E0,-1.289356E2,1.224341E1
1.906071E0,-1.229479E2,1.121864E1
1.910242E0,-1.151210E2,9.544438E0
1.914413E0,-1.072659E2,8.195757E0
1.918583E0,-9.830354E1,6.701484E0
1.922754E0,-8.773589E1,4.835063E0
1.926925E0,-7.646564E1,3.086347E0
1.931096E0,-6.412897E1,1.084834E0
1.935267E0,-4.999354E1,-1.342988E0
1.939437E0,-3.609552E1,-3.823327E0
1.943608E0,-2.019977E1,-6.120020E0
1.947779E0,-3.006263E0,-8.783137E0
1.951950E0,1.391029E1,-1.112180E1
1.956121E0,3.010560E1,-1.337457E1
1.960292E0,4.585894E1,-1.529964E1
1.964463E0,5.956610E1,-1.734701E1
1.968633E0,7.273430E1,-1.929654E1
1.972804E0,8.445182E1,-2.070740E1
1.976975E0,9.489983E1,-2.183595E1
1.981146E0,1.049732E2,-2.320872E1
1.985317E0,1.130808E2,-2.400734E1
1.989487E0,1.203769E2,-2.510058E1
1.993658E0,1.271074E2,-2.558423E1
1.997829E0,1.326474E2,-2.644409E1
2.002000E0,1.368136E2,-2.758606E1
2.006171E0,1.397420E2,-2.763960E1
2.010342E0,1.413178E2,-2.804364E1
2.014512E0,1.414231E2,-2.789361E1
2.018683E0,1.409681E2,-2.798926E1
2.022854E0,1.393720E2,-2.784863E1
2.027025E0,1.363397E2,-2.779614E1
2.031196E0,1.325292E2,-2.721072E1
2.035367E0,1.276713E2,-2.664295E1
2.039538E0,1.211395E2,-2.572328E1
2.043708E0,1.137429E2,-2.451586E1
2.047879E0,1.051340E2,-2.348687E1
2.052050E0,9.559013E1,-2.211380E1
2.056221E0,8.520261E1,-2.101279E1
2.060392E0,7.320038E1,-1.899619E1
2.064563E0,5.992552E1,-1.716864E1
2.068733E0,4.530277E1,-1.533518E1
2.072904E0,3.030032E1,-1.301884E1
2.077075E0,1.383142E1,-1.037287E1
2.081246E0,-2.402134E0,-7.960071E0
2.085417E0,-1.903986E1,-5.117529E0
2.089587E0,-3.381216E1,-2.718693E0
2.093758E0,-4.871061E1,-1.365780E-1
2.097929E0,-6.116397E1,1.996312E0
2.102100E0,-7.240616E1,4.241241E0
2.106271E0,-8.349005E1,6.240088E0
2.110442E0,-9.291148E1,7.765745E0
2.114613E0,-1.023803E2,9.429708E0
2.118783E0,-1.100734E2,1.040807E1
2.122954E0,-1.160415E2,1.142806E1
2.127125E0,-1.218690E2,1.248576E1
2.131296E0,-1.266099E2,1.325320E1
2.135467E0,-1.294962E2,1.356961E1
2.139637E0,-1.318238E2,1.416676E1
2.143808E0,-1.327953E2,1.413644E1
2.147979E0,-1.325709E2,1.422048E1
2.152150E0,-1.315859E2,1.414733E1
2.156321E0,-1.290415E2,1.345785E1
2.160492E0,-1.254895E2,1.267008E1
2.164662E0,-1.213489E2,1.216160E1
2.168833E0,-1.149542E2,1.043606E1
2.173004E0,-1.083189E2,9.463057E0
2.177175E0,-9.980612E1,7.583304E0
2.181346E0,-9.073142E1,6.040157E0
2.185517E0,-8.076304E1,4.419363E0
2.189687E0,-6.989440E1,2.065467E0
2.193858E0,-5.741663E1,-2.705776E-2
2.198029E0,-4.405638E1,-2.145993E0
2.202200E0,-2.868733E1,-4.632653E0
2.206371E0,-1.381470E1,-7.151137E0
2.210542E0,2.073204E0,-9.923874E0
2.214713E0,1.801596E1,-1.212539E1
2.218883E0,3.369791E1,-1.430486E1
2.223054E0,4.816453E1,-1.617020E1
2.227225E0,6.163780E1,-1.808406E1
2.231396E0,7.332784E1,-1.934031E1
2.235567E0,8.437764E1,-2.077687E1
2.239738E0,9.363448E1,-2.198628E1
2.243908E0,1.023852E2,-2.275177E1
2.248079E0,1.099822E2,-2.377742E1
2.252250E0,1.164912E2,-2.463766E1
2.256421E0,1.226182E2,-2.535847E1
2.260592E0,1.267875E2,-2.587675E1
2.264762E0,1.301542E2,-2.630667E1
2.268933E0,1.322038E2,-2.661269E1
2.273104E0,1.331224E2,-2.693157E1
2.277275E0,1.329573E2,-2.706703E1
2.281446E0,1.316932E2,-2.637223E1
2.285617E0,1.292740E2,-2.624375E1
2.289788E0,1.252457E2,-2.563172E1
2.293958E0,1.202878E2,-2.503689E1
2.298129E0,1.146256E2,-2.390781E1
2.302300E0,1.075329E2,-2.287067E1
2.306471E0,9.952314E1,-2.169619E1
2.310642E0,9.049797E1,-2.040528E1
2.314812E0,8.041445E1,-1.899393E1
2.318983E0,6.835657E1,-1.724126E1
2.323154E0,5.623044E1,-1.596728E1
2.327325E0,4.268375E1,-1.354917E1
2.331496E0,2.732735E1,-1.151649E1
2.335667E0,1.154552E1,-9.500273E0
2.339838E0,-4.059487E0,-6.693728E0
2.344008E0,-2.052664E1,-4.481841E0
2.348179E0,-3.509300E1,-2.276729E0
2.352350E0,-4.860201E1,-4.311488E-1
2.356521E0,-5.979590E1,1.781036E0
2.360692E0,-7.094252E1,3.648435E0
2.364863E0,-8.165150E1,4.956980E0
2.369033E0,-9.038334E1,6.547100E0
2.373204E0,-9.837521E1,7.483560E0
2.377375E0,-1.059768E2,8.563943E0
2.381546E0,-1.115776E2,9.682664E0
2.385717E0,-1.160022E2,9.599932E0
2.389887E0,-1.197305E2,9.880687E0
2.394058E0,-1.224185E2,1.042725E1
2.398229E0,-1.240475E2,1.027440E1
2.402400E0,-1.244600E2,1.031981E1
2.406571E0,-1.238182E2,1.017182E1
2.410742E0,-1.217996E2,9.561230E0
2.414912E0,-1.189535E2,8.915303E0
2.419083E0,-1.150935E2,8.341169E0
2.423254E0,-1.096700E2,7.260923E0
2.427425E0,-1.035931E2,6.282047E0
2.431596E0,-9.655837E1,5.108814E0
2.435767E0,-8.744816E1,3.642005E0
2.439938E0,-7.779150E1,1.972525E0
2.444108E0,-6.708829E1,2.291833E-1
2.448279E0,-5.500553E1,-1.729320E0
2.452450E0,-4.243894E1,-3.605561E0
2.456621E0,-2.859731E1,-5.465736E0
2.460792E0,-1.372370E1,-7.507123E0
2.464962E0,2.168361E0,-1.001639E1
2.469133E0,1.750516E1,-1.220028E1
2.473304E0,3.231570E1,-1.359473E1
2.477475E0,4.582716E1,-1.537938E1
2.481646E0,5.820795E1,-1.629625E1
2.485817E0,6.997417E1,-1.767826E1
2.489988E0,8.024855E1,-1.859000E1
2.494158E0,8.947435E1,-1.984248E1
2.498329E0,9.778307E1,-2.044515E1
2.502500E0,1.043835E2,-2.106607E1
2.506671E0,1.109861E2,-2.196419E1
2.510842E0,1.162624E2,-2.225280E1
2.515012E0,1.199788E2,-2.262309E1
2.519183E0,1.224416E2,-2.293802E1
2.523354E0,1.245629E2,-2.325229E1
2.527525E0,1.243387E2,-2.328642E1
2.531696E0,1.236598E2,-2.333016E1
2.535867E0,1.217315E2,-2.334644E1
2.540037E0,1.184794E2,-2.303808E1
2.544208E0,1.143062E2,-2.269902E1
2.548379E0,1.090252E2,-2.197927E1
2.552550E0,1.032490E2,-2.119768E1
2.556721E0,9.555954E1,-2.020980E1
2.560892E0,8.735256E1,-1.914495E1
2.565062E0,7.740495E1,-1.820301E1
2.569233E0,6.718596E1,-1.674575E1
2.573404E0,5.534537E1,-1.543931E1
2.577575E0,4.198713E1,-1.367705E1
2.581746E0,2.814484E1,-1.147189E1
2.585917E0,1.335077E1,-9.735603E0
2.590088E0,-1.766473E0,-7.594310E0
2.594258E0,-1.634898E1,-5.709598E0
2.598429E0,-3.117925E1,-3.652943E0
2.602600E0,-4.442283E1,-2.134735E0
2.606771E0,-5.679527E1,-3.859940E-1
2.610942E0,-6.693173E1,8.714659E-1
2.615113E0,-7.677514E1,2.487268E0
2.619283E0,-8.461558E1,3.627194E0
2.623454E0,-9.260376E1,4.712747E0
2.627625E0,-9.962775E1,5.409599E0
2.631796E0,-1.047172E2,6.122382E0
2.635967E0,-1.090333E2,6.584568E0
2.640137E0,-1.123426E2,7.181869E0
2.644308E0,-1.147171E2,7.439183E0
2.648479E0,-1.155229E2,7.509119E0
2.652650E0,-1.159108E2,7.226099E0
2.656821E0,-1.144603E2,6.892039E0
2.660992E0,-1.125475E2,6.682314E0
2.665163E0,-1.094268E2,6.257674E0
2.669333E0,-1.049221E2,5.413550E0
2.673504E0,-9.949692E1,4.711474E0
2.677675E0,-9.286248E1,3.344341E0
2.681846E0,-8.506655E1,2.401783E0
2.686017E0,-7.633617E1,1.054339E0
2.690187E0,-6.679087E1,-1.982895E-1
2.694358E0,-5.594005E1,-1.860327E0
2.698529E0,-4.460069E1,-3.744468E0
2.702700E0,-3.079834E1,-5.396263E0
2.706871E0,-1.722985E1,-7.279446E0
2.711042E0,-2.312436E0,-9.339486E0
2.715213E0,1.278443E1,-1.121018E1
2.719383E0,2.689522E1,-1.319345E1
2.723554E0,4.087334E1,-1.457413E1
2.727725E0,5.310558E1,-1.615515E1
2.731896E0,6.479906E1,-1.727103E1
2.736067E0,7.411522E1,-1.857425E1
2.740238E0,8.342992E1,-1.962576E1
2.744408E0,9.097614E1,-2.002296E1
2.748579E0,9.836710E1,-2.111899E1
2.752750E0,1.038238E2,-2.172082E1
2.756921E0,1.089756E2,-2.232758E1
2.761092E0,1.124053E2,-2.268183E1
2.765262E0,1.145968E2,-2.285632E1
2.769433E0,1.156955E2,-2.273205E1
2.773604E0,1.156407E2,-2.286231E1
2.777775E0,1.144916E2,-2.274027E1
2.781946E0,1.124929E2,-2.247771E1
2.786117E0,1.093828E2,-2.234235E1
2.790287E0,1.045963E2,-2.192624E1
2.794458E0,9.947529E1,-2.127658E1
2.798629E0,9.305095E1,-2.034196E1
2.802800E0,8.528523E1,-1.961912E1
2.806971E0,7.703929E1,-1.853793E1
2.811142E0,6.713361E1,-1.711826E1
2.815313E0,5.638053E1,-1.574433E1
2.819483E0,4.442536E1,-1.374527E1
2.823654E0,3.130759E1,-1.247272E1
2.827825E0,1.731681E1,-1.055378E1
2.831996E0,2.891570E0,-8.483440E0
2.836167E0,-1.197127E1,-6.504020E0
2.840337E0,-2.516982E1,-4.331328E0
2.844508E0,-3.835181E1,-2.594341E0
2.848679E0,-5.109640E1,-1.148875E0
2.852850E0,-6.032767E1,3.527656E-1
2.857021E0,-6.949509E1,1.787900E0
2.861192E0,-7.795927E1,2.887330E0
2.865363E0,-8.546598E1,3.816572E0
2.869533E0,-9.156483E1,4.717875E0
2.873704E0,-9.635741E1,5.477694E0
2.877875E0,-1.010353E2,5.749589E0
2.882046E0,-1.040783E2,6.015167E0
2.886217E0,-1.059043E2,6.456937E0
2.890387E0,-1.068748E2,6.466346E0
2.894558E0,-1.064504E2,6.513161E0
2.898729E0,-1.053904E2,6.327355E0
2.902900E0,-1.028514E2,5.776671E0
2.907071E0,-9.939116E1,5.198039E0
2.911242E0,-9.510819E1,4.340441E0
2.915412E0,-8.949888E1,3.491981E0
2.919583E0,-8.250109E1,2.437149E0
2.923754E0,-7.513136E1,1.045542E0
2.927925E0,-6.625730E1,-1.092836E-1
2.932096E0,-5.636111E1,-1.618467E0
2.936267E0,-4.556795E1,-3.183332E0
2.940437E0,-3.359452E1,-5.244871E0
2.944608E0,-2.058513E1,-7.115541E0
2.948779E0,-6.345067E0,-9.103006E0
2.952950E0,8.128830E0,-1.065034E1
2.957121E0,2.185109E1,-1.244380E1
2.961292E0,3.537469E1,-1.387780E1
2.965463E0,4.678880E1,-1.513887E1
2.969633E0,5.776083E1,-1.630168E1
2.973804E0,6.746669E1,-1.737988E1
2.977975E0,7.569769E1,-1.800909E1
2.982146E0,8.345231E1,-1.919726E1
2.986317E0,8.986814E1,-1.964036E1
2.990487E0,9.578331E1,-2.000355E1
2.994658E0,1.002764E2,-2.022740E1
2.998829E0,1.032985E2,-2.083988E1
3.003000E0,1.061250E2,-2.116656E1
3.007171E0,1.070626E2,-2.138252E1
3.011342E0,1.068544E2,-2.178909E1
3.015512E0,1.058521E2,-2.174563E1
3.019683E0,1.036981E2,-2.131059E1
3.023854E0,1.001417E2,-2.138075E1
3.028025E0,9.550826E1,-2.097318E1
3.032196E0,9.005851E1,-2.032019E1
3.036367E0,8.325447E1,-1.912090E1
3.040538E0,7.554532E1,-1.860647E1
3.044708E0,6.665427E1,-1.756221E1
3.048879E0,5.710454E1,-1.624221E1
3.053050E0,4.611692E1,-1.460436E1
3.057221E0,3.437178E1,-1.305973E1
3.061392E0,2.100230E1,-1.128543E1
3.065562E0,8.295238E0,-8.964727E0
3.069733E0,-5.963122E0,-6.804614E0
3.073904E0,-1.918033E1,-4.754489E0
3.078075E0,-3.162382E1,-2.648889E0
3.082246E0,-4.234177E1,-7.157062E-1
3.086417E0,-5.205237E1,6.781987E-1
3.090588E0,-6.129417E1,2.284558E0
3.094758E0,-6.901264E1,3.617447E0
3.098929E0,-7.660747E1,4.688161E0
3.103100E0,-8.279155E1,5.794823E0
3.107271E0,-8.783258E1,6.566770E0
3.111442E0,-9.204707E1,6.916508E0
3.115613E0,-9.475813E1,7.311506E0
3.119783E0,-9.636816E1,7.604629E0
3.123954E0,-9.752783E1,7.567001E0
3.128125E0,-9.729027E1,7.459464E0
3.132296E0,-9.599958E1,7.107812E0
3.136467E0,-9.299073E1,6.749365E0
3.140637E0,-8.972020E1,5.734885E0
3.144808E0,-8.516531E1,4.709600E0
3.148979E0,-7.927540E1,3.651473E0
3.153150E0,-7.309139E1,2.322648E0
3.157321E0,-6.461113E1,8.810108E-1
3.161492E0,-5.599413E1,-6.708060E-1
3.165662E0,-4.668112E1,-2.125733E0
3.169833E0,-3.572229E1,-4.304482E0
3.174004E0,-2.413195E1,-6.255432E0
3.178175E0,-1.136610E1,-8.481189E0
3.182346E0,3.017467E0,-1.037504E1
3.186517E0,1.584210E1,-1.215931E1
3.190688E0,2.906543E1,-1.362864E1
3.194858E0,4.100747E1,-1.489908E1
3.199029E0,5.122091E1,-1.614385E1
3.203200E0,6.064615E1,-1.735428E1
3.207371E0,6.913869E1,-1.840911E1
3.211542E0,7.682498E1,-1.903457E1
3.215712E0,8.321913E1,-1.942684E1
3.219883E0,8.850384E1,-1.991061E1
3.224054E0,9.251505E1,-2.028811E1
3.228225E0,9.563843E1,-2.038424E1
3.232396E0,9.701526E1,-2.089595E1
3.236567E0,9.800716E1,-2.081597E1
3.240738E0,9.769648E1,-2.070033E1
3.244908E0,9.636103E1,-2.055140E1
3.249079E0,9.384267E1,-2.044149E1
3.253250E0,9.032098E1,-2.025854E1
3.257421E0,8.562708E1,-1.973328E1
3.261592E0,8.008590E1,-1.920364E1
3.265763E0,7.346755E1,-1.839739E1
3.269933E0,6.593329E1,-1.747550E1
3.274104E0,5.686784E1,-1.675208E1
3.278275E0,4.657961E1,-1.543791E1
3.282446E0,3.545718E1,-1.401947E1
3.286617E0,2.396357E1,-1.164972E1
3.290787E0,1.137011E1,-9.915120E0
3.294958E0,-2.248005E0,-7.689403E0
3.299129E0,-1.542325E1,-5.253673E0
3.303300E0,-2.641088E1,-3.281220E0
3.307471E0,-3.768055E1,-1.347561E0
3.311642E0,-4.677595E1,5.401328E-1
3.315812E0,-5.512760E1,2.484811E0
3.319983E0,-6.310376E1,3.776954E0
3.324154E0,-6.987915E1,5.338038E0
3.328325E0,-7.532433E1,6.382386E0
3.332496E0,-8.035879E1,7.302932E0
3.336667E0,-8.414217E1,8.255425E0
3.340838E0,-8.649658E1,8.777496E0
3.345008E0,-8.840675E1,9.076032E0
3.349179E0,-8.889959E1,9.228549E0
3.353350E0,-8.823326E1,9.338864E0
3.357521E0,-8.642727E1,8.724057E0
3.361692E0,-8.445754E1,8.039044E0
3.365862E0,-8.065580E1,7.044550E0
3.370033E0,-7.584462E1,6.100771E0
3.374204E0,-6.887086E1,4.806098E0
3.378375E0,-6.292111E1,3.416763E0
3.382546E0,-5.477436E1,1.556718E0
3.386717E0,-4.597200E1,-3.676478E-1
3.390888E0,-3.573711E1,-2.329525E0
3.395058E0,-2.453581E1,-4.559338E0
3.399229E0,-1.312805E1,-7.131107E0
3.403400E0,-8.070476E-1,-9.230832E0
3.407571E0,1.165763E1,-1.137237E1
3.411742E0,2.345806E1,-1.313835E1
3.415913E0,3.533593E1,-1.489337E1
3.420083E0,4.511831E1,-1.621618E1
3.424254E0,5.432327E1,-1.739654E1
3.428425E0,6.254378E1,-1.835555E1
3.432596E0,6.946834E1,-1.941685E1
3.436767E0,7.592698E1,-2.000924E1
3.440937E0,8.067698E1,-2.045588E1
3.445108E0,8.396381E1,-2.067679E1
3.449279E0,8.721270E1,-2.112532E1
3.453450E0,8.857786E1,-2.130911E1
3.457621E0,8.926822E1,-2.145129E1
3.461792E0,8.877318E1,-2.118171E1
3.465963E0,8.727662E1,-2.122801E1
3.470133E0,8.427067E1,-2.063690E1
3.474304E0,8.078051E1,-2.012703E1
3.478475E0,7.586763E1,-1.964930E1
3.482646E0,6.953357E1,-1.851787E1
3.486817E0,6.266373E1,-1.758416E1
3.490988E0,5.530721E1,-1.661589E1
3.495158E0,4.617066E1,-1.549185E1
3.499329E0,3.657537E1,-1.373924E1
3.503500E0,2.542596E1,-1.195542E1
3.507671E0,1.341840E1,-9.983318E0
3.511842E0,6.636486E-1,-7.836129E0
3.516013E0,-1.199184E1,-5.536928E0
3.520183E0,-2.302385E1,-3.328958E0
3.524354E0,-3.285658E1,-1.533720E0
3.528525E0,-4.252922E1,2.452758E-1
3.532696E0,-5.088317E1,1.741210E0
3.536867E0,-5.830409E1,3.384244E0
3.541037E0,-6.461570E1,4.383560E0
3.545208E0,-6.967603E1,5.332699E0
3.549379E0,-7.458887E1,6.018421E0
3.553550E0,-7.746087E1,6.492637E0
3.557721E0,-7.922775E1,6.793855E0
3.561892E0,-8.072510E1,6.874531E0
3.566063E0,-8.112360E1,6.770038E0
3.570233E0,-8.016223E1,6.433330E0
3.574404E0,-7.825768E1,6.188920E0
3.578575E0,-7.530319E1,5.394348E0
3.582746E0,-7.155349E1,4.529174E0
3.586917E0,-6.639880E1,3.630891E0
3.591087E0,-6.077101E1,2.269045E0
3.595258E0,-5.269871E1,7.614293E-1
3.599429E0,-4.484579E1,-8.986039E-1
3.603600E0,-3.593645E1,-2.609446E0
3.607771E0,-2.579979E1,-4.553840E0
3.611942E0,-1.506706E1,-6.473464E0
3.616113E0,-3.373152E0,-8.417806E0
3.620283E0,8.623431E0,-1.037588E1
3.624454E0,1.967863E1,-1.201479E1
3.628625E0,3.107864E1,-1.346622E1
3.632796E0,4.126333E1,-1.441550E1
3.636967E0,4.958854E1,-1.568482E1
3.641138E0,5.701260E1,-1.633844E1
3.645308E0,6.410651E1,-1.729099E1
3.649479E0,6.928199E1,-1.781688E1
3.653650E0,7.409422E1,-1.824431E1
3.657821E0,7.721828E1,-1.864139E1
3.661992E0,7.979993E1,-1.877062E1
3.666162E0,8.129352E1,-1.892844E1
3.670333E0,8.154172E1,-1.874351E1
3.674504E0,8.050759E1,-1.882969E1
3.678675E0,7.845761E1,-1.876441E1
3.682846E0,7.574218E1,-1.819155E1
3.687017E0,7.171714E1,-1.810522E1
3.691187E0,6.628710E1,-1.764852E1
3.695358E0,6.014588E1,-1.686368E1
3.699529E0,5.350192E1,-1.636679E1
3.703700E0,4.510317E1,-1.589076E1
3.707871E0,3.596752E1,-1.422952E1
3.712042E0,2.612863E1,-1.270000E1
3.716213E0,1.499624E1,-1.102829E1
3.720383E0,3.383588E0,-8.767100E0
3.724554E0,-8.011251E0,-6.660466E0
3.728725E0,-1.899341E1,-4.403041E0
3.732896E0,-2.828654E1,-2.256284E0
3.737067E0,-3.778490E1,-4.595379E-1
3.741237E0,-4.570835E1,1.593202E0
3.745408E0,-5.226542E1,2.866777E0
3.749579E0,-5.816998E1,4.177327E0
3.753750E0,-6.314121E1,5.284075E0
3.757921E0,-6.690356E1,6.341851E0
3.762092E0,-6.958179E1,6.974500E0
3.766263E0,-7.164840E1,7.380353E0
3.770433E0,-7.239130E1,7.739349E0
3.774604E0,-7.226588E1,7.732544E0
3.778775E0,-7.163099E1,7.365251E0
3.782946E0,-6.939212E1,6.878834E0
3.787117E0,-6.600029E1,6.295268E0
3.791287E0,-6.177394E1,5.229384E0
3.795458E0,-5.672027E1,4.128698E0
3.799629E0,-5.012800E1,2.692194E0
3.803800E0,-4.276654E1,8.744424E-1
3.807971E0,-3.548317E1,-8.382833E-1
3.812142E0,-2.584991E1,-3.002817E0
3.816312E0,-1.605767E1,-5.091503E0
3.820483E0,-5.397338E0,-7.268382E0
3.824654E0,7.235122E0,-9.971912E0
3.828825E0,1.782929E1,-1.168325E1
3.832996E0,2.774529E1,-1.358878E1
3.837167E0,3.702363E1,-1.523947E1
3.841338E0,4.551705E1,-1.674765E1
3.845508E0,5.244316E1,-1.766762E1
3.849679E0,5.789635E1,-1.902751E1
3.853850E0,6.277235E1,-1.954228E1
3.858021E0,6.694498E1,-2.025138E1
3.862192E0,7.012348E1,-2.058680E1
3.866363E0,7.222460E1,-2.083402E1
3.870533E0,7.314674E1,-2.099559E1
3.874704E0,7.295610E1,-2.092162E1
3.878875E0,7.193534E1,-2.039517E1
3.883046E0,6.946003E1,-1.988276E1
3.887217E0,6.623843E1,-1.937376E1
3.891388E0,6.194379E1,-1.873173E1
3.895558E0,5.687804E1,-1.756885E1
3.899729E0,5.051375E1,-1.645061E1
3.903900E0,4.347044E1,-1.509962E1
3.908071E0,3.520381E1,-1.386570E1
3.912242E0,2.549714E1,-1.170804E1
3.916412E0,1.443017E1,-9.531381E0
3.920583E0,3.924521E0,-7.427496E0
3.924754E0,-6.770101E0,-5.292486E0
3.928925E0,-1.684466E1,-3.317098E0
3.933096E0,-2.621897E1,-1.595008E0
3.937267E0,-3.475457E1,1.152071E-1
3.941438E0,-4.245551E1,1.281355E0
3.945608E0,-4.881946E1,2.309975E0
3.949779E0,-5.440431E1,3.385657E0
3.953950E0,-5.898931E1,4.017646E0
3.958121E0,-6.227375E1,4.795546E0
3.962292E0,-6.458937E1,4.804039E0
3.966463E0,-6.610270E1,4.747497E0
3.970633E0,-6.649568E1,4.661529E0
3.974804E0,-6.634034E1,4.453241E0
3.978975E0,-6.478739E1,3.946293E0
3.983146E0,-6.230618E1,3.464018E0
3.987317E0,-5.858141E1,2.588387E0
3.991488E0,-5.407717E1,1.467390E0
3.995658E0,-4.856924E1,3.132914E-1
3.999829E0,-4.174905E1,-1.182619E0
4.004000E0,-3.486622E1,-2.617949E0
4.008171E0,-2.616410E1,-4.364067E0
4.012342E0,-1.724223E1,-5.871635E0
4.016513E0,-6.834904E0,-7.767900E0
4.020683E0,4.936261E0,-9.730544E0
4.024854E0,1.525577E1,-1.116055E1
4.029025E0,2.447393E1,-1.234096E1
4.033196E0,3.332103E1,-1.346029E1
4.037367E0,4.085745E1,-1.448040E1
4.041537E0,4.757775E1,-1.496068E1
4.045708E0,5.360295E1,-1.537970E1
4.049879E0,5.812059E1,-1.632286E1
4.054050E0,6.165207E1,-1.635747E1
4.058221E0,6.439339E1,-1.655785E1
4.062392E0,6.578398E1,-1.651972E1
4.066562E0,6.665980E1,-1.630912E1
4.070733E0,6.621273E1,-1.627775E1
4.074904E0,6.409059E1,-1.596411E1
4.079075E0,6.161992E1,-1.555109E1
4.083246E0,5.810921E1,-1.542394E1
4.087417E0,5.285626E1,-1.483374E1
4.091588E0,4.770483E1,-1.427214E1
4.095758E0,4.041564E1,-1.388409E1
4.099929E0,3.327133E1,-1.319320E1
4.104100E0,2.370627E1,-1.238722E1
4.108271E0,1.400061E1,-1.156216E1
4.112442E0,4.489982E0,-1.030276E1
4.116613E0,-6.876649E0,-8.862259E0
4.120783E0,-1.632450E1,-7.409291E0
4.124954E0,-2.540867E1,-5.893337E0
4.129125E0,-3.311376E1,-5.075263E0
4.133296E0,-4.017702E1,-3.821624E0
4.137467E0,-4.578251E1,-2.707775E0
4.141637E0,-5.077656E1,-2.016157E0
4.145808E0,-5.445285E1,-1.350631E0
4.149979E0,-5.825188E1,-8.515438E-1
4.154150E0,-5.981586E1,-4.435019E-1
4.158321E0,-6.069025E1,-2.072655E-1
4.162492E0,-6.081379E1,-1.484652E-1
4.166663E0,-5.955012E1,4.358167E-2
4.170833E0,-5.788877E1,1.200911E-1
4.175004E0,-5.481339E1,9.366859E-2
4.179175E0,-5.039946E1,-2.380209E-1
4.183346E0,-4.543639E1,-8.527386E-1
4.187517E0,-3.984358E1,-1.630203E0
4.191687E0,-3.270048E1,-2.302551E0
4.195858E0,-2.509143E1,-3.170029E0
4.200029E0,-1.527206E1,-4.456029E0
4.204200E0,-5.988743E0,-5.731090E0
4.208371E0,4.492472E0,-7.328090E0
4.212542E0,1.414323E1,-9.168818E0
4.216712E0,2.271947E1,-1.119326E1
4.220883E0,3.159865E1,-1.280815E1
4.225054E0,3.780513E1,-1.388142E1
4.229225E0,4.458641E1,-1.529294E1
4.233396E0,4.930330E1,-1.629273E1
4.237567E0,5.353784E1,-1.732383E1
4.241738E0,5.643549E1,-1.817125E1
4.245908E0,5.819951E1,-1.898234E1
4.250079E0,5.929262E1,-1.936392E1
4.254250E0,5.910188E1,-1.950292E1
4.258421E0,5.828692E1,-1.950878E1
4.262592E0,5.613969E1,-1.932258E1
4.266762E0,5.310708E1,-1.903992E1
4.270933E0,4.921249E1,-1.815015E1
4.275104E0,4.434231E1,-1.725753E1
4.279275E0,3.829811E1,-1.636141E1
4.283446E0,3.190827E1,-1.479186E1
4.287617E0,2.398633E1,-1.333184E1
4.291788E0,1.558162E1,-1.122583E1
4.295958E0,6.563238E0,-8.952417E0
4.300129E0,-3.708878E0,-6.733017E0
4.304300E0,-1.271857E1,-4.511399E0
4.308471E0,-2.086637E1,-2.403102E0
4.312642E0,-2.881298E1,-1.030229E0
4.316813E0,-3.461467E1,5.656323E-1
4.320983E0,-4.043315E1,1.890559E0
4.325154E0,-4.517357E1,3.135937E0
4.329325E0,-4.788503E1,3.808845E0
4.333496E0,-5.070733E1,4.194863E0
4.337667E0,-5.227503E1,4.571176E0
4.341837E0,-5.287196E1,4.645915E0
4.346008E0,-5.250667E1,4.492748E0
4.350179E0,-5.161355E1,4.096320E0
4.354350E0,-4.899236E1,3.201408E0
4.358521E0,-4.598635E1,2.210288E0
4.362692E0,-4.175864E1,1.216813E0
4.366862E0,-3.651216E1,-1.816094E-1
4.371033E0,-3.056341E1,-2.007783E0
4.375204E0,-2.349539E1,-3.670706E0
4.379375E0,-1.543513E1,-5.534648E0
4.383546E0,-6.986239E0,-7.706547E0
4.387717E0,3.446222E0,-9.920668E0
4.391888E0,1.229610E1,-1.135709E1
4.396058E0,2.108747E1,-1.336422E1
4.400229E0,2.835304E1,-1.447061E1
4.404400E0,3.421307E1,-1.558563E1
4.408571E0,4.005990E1,-1.638569E1
4.412742E0,4.467646E1,-1.691466E1
4.416913E0,4.808328E1,-1.735655E1
4.421083E0,5.072488E1,-1.737945E1
4.425254E0,5.249472E1,-1.728125E1
4.429425E0,5.299509E1,-1.732434E1
4.433596E0,5.253013E1,-1.695898E1
4.437767E0,5.095541E1,-1.636297E1
4.441937E0,4.869998E1,-1.559680E1
4.446108E0,4.488638E1,-1.480267E1
4.450279E0,4.068519E1,-1.361692E1
4.454450E0,3.536037E1,-1.262726E1
4.458621E0,2.899000E1,-1.142821E1
4.462792E0,2.167076E1,-1.029379E1
4.466962E0,1.381442E1,-8.862312E0
4.471133E0,4.722927E0,-7.316242E0
4.475304E0,-5.433060E0,-5.894574E0
4.479475E0,-1.382442E1,-5.255637E0
4.483646E0,-2.153245E1,-4.346018E0
4.487817E0,-2.900486E1,-3.717817E0
4.491988E0,-3.454156E1,-3.346423E0
4.496158E0,-3.981997E1,-2.983155E0
4.500329E0,-4.373962E1,-2.766504E0
4.504500E0,-4.662616E1,-2.745613E0
4.508671E0,-4.859397E1,-2.712707E0
4.512842E0,-4.958491E1,-2.862850E0
4.517012E0,-4.988017E1,-2.949466E0
4.521183E0,-4.881399E1,-3.041794E0
4.525354E0,-4.685810E1,-3.626039E0
4.529525E0,-4.433992E1,-3.820376E0
4.533696E0,-4.017577E1,-4.497826E0
4.537867E0,-3.473283E1,-5.207867E0
4.542038E0,-2.915699E1,-5.695748E0
4.546208E0,-2.245479E1,-6.299634E0
4.550379E0,-1.467504E1,-7.129120E0
4.554550E0,-6.798267E0,-8.093101E0
4.558721E0,3.126973E0,-8.611089E0
4.562892E0,1.135873E1,-8.839987E0
4.567062E0,2.022084E1,-9.506786E0
4.571233E0,2.664511E1,-9.781241E0
4.575404E0,3.260515E1,-9.964212E0
4.579575E0,3.751235E1,-9.904244E0
4.583746E0,4.176654E1,-9.759525E0
4.587917E0,4.482349E1,-9.580945E0
4.592087E0,4.719104E1,-9.602627E0
4.596258E0,4.858052E1,-9.557457E0
4.600429E0,4.865007E1,-9.423407E0
4.604600E0,4.782526E1,-9.607741E0
4.608771E0,4.612045E1,-9.417620E0
4.612942E0,4.319313E1,-9.386411E0
4.617113E0,3.918838E1,-9.467378E0
4.621283E0,3.438115E1,-9.387641E0
4.625454E0,2.854967E1,-9.490615E0
4.629625E0,2.146788E1,-9.664118E0
4.633796E0,1.345127E1,-9.542009E0
4.637967E0,4.841916E0,-9.469868E0
4.642137E0,-3.723719E0,-9.255210E0
4.646308E0,-1.241837E1,-9.205738E0
4.650479E0,-2.035310E1,-9.180895E0
4.654650E0,-2.629493E1,-9.190091E0
4.658821E0,-3.245589E1,-9.277393E0
4.662992E0,-3.676437E1,-9.262177E0
4.667163E0,-4.048056E1,-9.538604E0
4.671333E0,-4.364242E1,-9.711777E0
4.675504E0,-4.576083E1,-9.824235E0
4.679675E0,-4.655972E1,-9.925342E0
4.683846E0,-4.630917E1,-9.792109E0
4.688017E0,-4.498464E1,-1.019501E1
4.692188E0,-4.298767E1,-1.035986E1
4.696358E0,-3.949279E1,-1.045306E1
4.700529E0,-3.543754E1,-1.053727E1
4.704700E0,-3.034249E1,-1.037163E1
4.708871E0,-2.408297E1,-1.043058E1
4.713042E0,-1.671219E1,-1.050292E1
4.717212E0,-9.347055E0,-1.033265E1
4.721383E0,-6.202089E-1,-1.042908E1
4.725554E0,8.127918E0,-1.016901E1
4.729725E0,1.597416E1,-9.472525E0
4.733896E0,2.258993E1,-8.538371E0
4.738067E0,2.841412E1,-8.244652E0
4.742237E0,3.376217E1,-7.410917E0
4.746408E0,3.771525E1,-6.922641E0
4.750579E0,4.104283E1,-6.193892E0
4.754750E0,4.336824E1,-5.678435E0
4.758921E0,4.434245E1,-5.216820E0
4.763092E0,4.438058E1,-4.787388E0
4.767263E0,4.350165E1,-4.645660E0
4.771433E0,4.154721E1,-4.332908E0
4.775604E0,3.883217E1,-4.536785E0
4.779775E0,3.491612E1,-4.706130E0
4.783946E0,3.007450E1,-4.903141E0
4.788117E0,2.448650E1,-5.200208E0
4.792288E0,1.773219E1,-5.569138E0
4.796458E0,1.001181E1,-6.141111E0
4.800629E0,1.385064E0,-6.865715E0
4.804800E0,-6.840319E0,-7.788628E0
4.808971E0,-1.493203E1,-8.732563E0
4.813142E0,-2.162159E1,-1.030699E1
4.817312E0,-2.772306E1,-1.155517E1
4.821483E0,-3.236175E1,-1.256006E1
4.825654E0,-3.649631E1,-1.360601E1
4.829825E0,-4.019056E1,-1.458422E1
4.833996E0,-4.184300E1,-1.549765E1
4.838167E0,-4.277996E1,-1.628966E1
4.842337E0,-4.270221E1,-1.726064E1
4.846508E0,-4.227082E1,-1.763312E1
4.850679E0,-4.092334E1,-1.802530E1
4.854850E0,-3.777103E1,-1.836131E1
4.859021E0,-3.418797E1,-1.864695E1
4.863192E0,-2.951897E1,-1.883582E1
4.867363E0,-2.373872E1,-1.873520E1
4.871533E0,-1.726681E1,-1.810346E1
4.875704E0,-1.035715E1,-1.753522E1
4.879875E0,-2.283979E0,-1.623908E1
4.884046E0,5.034943E0,-1.455787E1
4.888217E0,1.245058E1,-1.189674E1
4.892387E0,1.880108E1,-9.358354E0
4.896558E0,2.454550E1,-6.856820E0
4.900729E0,2.936830E1,-4.083002E0
4.904900E0,3.315716E1,-1.409350E0
4.909071E0,3.584169E1,6.683195E-1
4.913242E0,3.780611E1,2.422533E0
4.917413E0,3.847305E1,3.899890E0
4.921583E0,3.840044E1,5.310726E0
4.925754E0,3.721256E1,6.507912E0
4.929925E0,3.537532E1,6.848734E0
4.934096E0,3.206719E1,6.719337E0
4.938267E0,2.843725E1,6.509514E0
4.942437E0,2.359351E1,5.507527E0
4.946608E0,1.768832E1,3.849938E0
4.950779E0,1.211324E1,1.539912E0
4.954950E0,5.031448E0,-1.385373E0
4.959121E0,-1.999038E0,-4.897364E0
4.963292E0,-9.317736E0,-8.802899E0
4.967462E0,-1.534268E1,-1.298464E1
4.971633E0,-2.024442E1,-1.680670E1
4.975804E0,-2.472247E1,-2.061234E1
4.979975E0,-2.750406E1,-2.419000E1
4.984146E0,-3.078636E1,-2.727672E1
4.988317E0,-3.245519E1,-2.973552E1
4.992488E0,-3.350314E1,-3.164359E1
4.996658E0,-3.355037E1,-3.286068E1
5.000829E0,-3.330113E1,-3.372528E1
5.005000E0,-3.155093E1,-3.392605E1
5.009171E0,-2.969050E1,-3.337962E1
5.013342E0,-2.679506E1,-3.240590E1
5.017512E0,-2.361952E1,-3.078059E1
5.021683E0,-1.932563E1,-2.837113E1
5.025854E0,-1.452259E1,-2.531411E1
5.030025E0,-9.563064E0,-2.137478E1
5.034196E0,-3.585674E0,-1.683309E1
5.038367E0,1.753750E0,-1.136683E1
5.042538E0,6.402059E0,-5.964599E0
5.046708E0,1.075961E1,-2.369567E-1
5.050879E0,1.532490E1,4.412484E0
5.055050E0,1.821648E1,8.657401E0
5.059221E0,2.055198E1,1.252050E1
5.063392E0,2.230068E1,1.558250E1
5.067563E0,2.330412E1,1.759265E1
5.071733E0,2.301321E1,1.898778E1
5.075904E0,2.317380E1,1.963763E1
5.080075E0,2.221451E1,1.949513E1
5.084246E0,2.042299E1,1.861134E1
5.088417E0,1.813846E1,1.666089E1
5.092587E0,1.544558E1,1.428270E1
5.096758E0,1.170217E1,1.067601E1
5.100929E0,7.521965E0,6.369969E0
5.105100E0,2.893639E0,1.418009E0
5.109271E0,-1.751226E0,-4.593996E0
5.113442E0,-6.343443E0,-1.088234E1
5.117612E0,-1.026867E1,-1.719688E1
5.121783E0,-1.338081E1,-2.285152E1
5.125954E0,-1.602966E1,-2.798841E1
5.130125E0,-1.757532E1,-3.229000E1
5.134296E0,-1.943511E1,-3.587916E1
5.138467E0,-2.059066E1,-3.887302E1
5.142638E0,-2.088644E1,-4.102382E1
5.146808E0,-1.997569E1,-4.222340E1
5.150979E0,-1.952453E1,-4.252238E1
5.155150E0,-1.860184E1,-4.216495E1
5.159321E0,-1.721028E1,-4.106269E1
5.163492E0,-1.537223E1,-3.852290E1
5.167663E0,-1.323341E1,-3.529724E1
5.171833E0,-1.061448E1,-3.152205E1
5.176004E0,-8.475442E0,-2.658837E1
5.180175E0,-5.747332E0,-2.066502E1
5.184346E0,-2.573911E0,-1.417851E1
5.188517E0,-3.149018E-4,-7.198370E0
5.192687E0,2.590469E0,-2.583302E-1
5.196858E0,4.705143E0,5.830794E0
5.201029E0,5.931885E0,1.120584E1
5.205200E0,7.608624E0,1.583819E1
5.209371E0,8.138969E0,1.944292E1
5.213542E0,8.482407E0,2.225874E1
5.217712E0,8.344898E0,2.390821E1
5.221883E0,8.527888E0,2.478970E1
5.226054E0,7.930312E0,2.444910E1
5.230225E0,6.957579E0,2.341207E1
5.234396E0,5.747285E0,2.129802E1
5.238567E0,4.221506E0,1.834420E1
5.242738E0,2.771611E0,1.438623E1
5.246908E0,5.763014E-1,9.483544E0
5.251079E0,-1.138712E0,3.448805E0
5.255250E0,-3.510193E0,-3.331347E0
5.259421E0,-5.581128E0,-1.060548E1
5.263592E0,-6.852780E0,-1.784830E1
5.267762E0,-7.247266E0,-2.423390E1
5.271933E0,-8.293389E0,-2.975721E1
5.276104E0,-8.167161E0,-3.470161E1
5.280275E0,-7.707743E0,-3.837521E1
5.284446E0,-8.289238E0,-4.119521E1
5.288617E0,-8.757306E0,-4.299874E1
5.292788E0,-8.683089E0,-4.390991E1
5.296958E0,-8.153305E0,-4.379414E1
5.301129E0,-8.030082E0,-4.253190E1
5.305300E0,-7.498465E0,-4.047853E1
5.309471E0,-7.089423E0,-3.742556E1
5.313642E0,-6.352464E0,-3.344719E1
5.317812E0,-5.836313E0,-2.855538E1
5.321983E0,-5.327530E0,-2.255876E1
5.326154E0,-4.793333E0,-1.605810E1
5.330325E0,-4.126947E0,-8.572586E0
5.334496E0,-2.485862E0,-1.704734E0
5.338667E0,-1.574624E0,5.055872E0
5.342837E0,4.733809E-1,1.061092E1
5.347008E0,9.626745E-1,1.506283E1
5.351179E0,2.322813E0,1.869008E1
5.355350E0,2.663388E0,2.169272E1
5.359521E0,2.865034E0,2.305355E1
5.363692E0,3.291446E0,2.401148E1
5.367863E0,3.624218E0,2.381399E1
5.372033E0,3.506298E0,2.250639E1
5.376204E0,2.992414E0,2.006519E1
5.380375E0,2.186373E0,1.697304E1
5.384546E0,1.424899E0,1.305593E1
5.388717E0,3.537533E-1,8.152645E0
5.392887E0,-1.275122E0,2.261836E0
5.397058E0,-2.627581E0,-4.504307E0
5.401229E0,-4.607381E0,-1.195935E1
5.405400E0,-5.568057E0,-1.866642E1
5.409571E0,-6.350718E0,-2.444651E1
5.413742E0,-7.578441E0,-2.958814E1
5.417913E0,-8.974498E0,-3.398249E1
5.422083E0,-8.724026E0,-3.720873E1
5.426254E0,-9.812424E0,-3.942703E1
5.430425E0,-9.803507E0,-4.118204E1
5.434596E0,-1.051764E1,-4.132894E1
5.438767E0,-1.112357E1,-4.089798E1
5.442938E0,-1.088331E1,-3.927508E1
5.447108E0,-1.120659E1,-3.692746E1
5.451279E0,-1.024511E1,-3.320178E1
5.455450E0,-9.818243E0,-2.924912E1
5.459621E0,-9.208215E0,-2.386809E1
5.463792E0,-8.145251E0,-1.788896E1
5.467962E0,-6.348480E0,-1.134536E1
5.472133E0,-4.227775E0,-4.676364E0
5.476304E0,-1.418018E0,1.616142E0
5.480475E0,1.122234E0,6.699179E0
5.484646E0,3.358557E0,1.104825E1
5.488817E0,5.689489E0,1.473085E1
5.492987E0,7.344840E0,1.735351E1
5.497158E0,8.554725E0,1.916012E1
5.501329E0,8.927533E0,1.991780E1
5.505500E0,1.027036E1,1.978479E1
5.509671E0,9.429295E0,1.902948E1
5.513842E0,9.147941E0,1.713333E1
5.518013E0,8.372888E0,1.451213E1
5.522183E0,7.225855E0,1.057272E1
5.526354E0,5.119778E0,6.067767E0
5.530525E0,2.330167E0,1.051177E0
5.534696E0,-5.964610E-1,-4.732386E0
5.538867E0,-3.636683E0,-1.107056E1
5.543038E0,-6.702494E0,-1.730050E1
5.547208E0,-9.326780E0,-2.238413E1
5.551379E0,-1.159070E1,-2.729532E1
5.555550E0,-1.373919E1,-3.094046E1
5.559721E0,-1.487838E1,-3.372866E1
5.563892E0,-1.593639E1,-3.575922E1
5.568062E0,-1.678733E1,-3.691446E1
5.572233E0,-1.676696E1,-3.743133E1
5.576404E0,-1.680408E1,-3.683370E1
5.580575E0,-1.617578E1,-3.557070E1
5.584746E0,-1.502645E1,-3.336022E1
5.588917E0,-1.367192E1,-3.046457E1
5.593087E0,-1.209727E1,-2.663320E1
5.597258E0,-9.871559E0,-2.204909E1
5.601429E0,-6.656563E0,-1.711440E1
5.605600E0,-3.742388E0,-1.121781E1
5.609771E0,-5.060428E-1,-5.186872E0
5.613942E0,2.487880E0,4.742988E-1
5.618113E0,5.440729E0,5.430337E0
5.622283E0,7.143410E0,9.662638E0
5.626454E0,8.908180E0,1.271954E1
5.630625E0,9.995638E0,1.527430E1
5.634796E0,1.085846E1,1.667301E1
5.638967E0,1.126512E1,1.740025E1
5.643137E0,1.082711E1,1.723163E1
5.647308E0,1.011437E1,1.622592E1
5.651479E0,8.723859E0,1.449181E1
5.655650E0,7.034976E0,1.144289E1
5.659821E0,4.995764E0,7.766606E0
5.663992E0,2.272553E0,3.378424E0
5.668163E0,-8.467362E-1,-2.229245E0
5.672333E0,-3.885603E0,-8.302572E0
5.676504E0,-5.913092E0,-1.459648E1
5.680675E0,-7.601073E0,-2.043335E1
5.684846E0,-9.040569E0,-2.540481E1
5.689017E0,-9.862159E0,-2.961233E1
5.693187E0,-1.090893E1,-3.285585E1
5.697358E0,-1.130066E1,-3.526711E1
5.701529E0,-1.218595E1,-3.704076E1
5.705700E0,-1.178410E1,-3.726144E1
5.709871E0,-1.137778E1,-3.720451E1
5.714042E0,-1.174971E1,-3.597525E1
5.718212E0,-1.084667E1,-3.388256E1
5.722383E0,-1.013768E1,-3.082511E1
5.726554E0,-8.990851E0,-2.694586E1
5.730725E0,-7.747152E0,-2.196696E1
5.734896E0,-5.681754E0,-1.642300E1
5.739067E0,-3.713511E0,-1.023198E1
5.743238E0,-1.261058E0,-4.315134E0
5.747408E0,1.248986E0,1.342944E0
5.751579E0,2.909568E0,6.027123E0
5.755750E0,5.064399E0,1.014735E1
5.759921E0,6.585967E0,1.328821E1
5.764092E0,7.299065E0,1.567401E1
5.768262E0,7.942928E0,1.660986E1
5.772433E0,8.114958E0,1.710726E1
5.776604E0,8.146935E0,1.669030E1
5.780775E0,7.203332E0,1.527837E1
5.784946E0,6.658381E0,1.289092E1
5.789117E0,4.953634E0,9.617189E0
5.793287E0,3.028112E0,5.399887E0
5.797458E0,1.113855E0,5.096404E-1
5.801629E0,-1.450329E0,-5.316207E0
5.805800E0,-4.166308E0,-1.147741E1
5.809971E0,-5.916338E0,-1.739037E1
5.814142E0,-7.692588E0,-2.249198E1
5.818313E0,-8.907582E0,-2.684293E1
5.822483E0,-9.678545E0,-3.055335E1
5.826654E0,-1.074523E1,-3.292237E1
5.830825E0,-1.122559E1,-3.453995E1
5.834996E0,-1.167450E1,-3.546429E1
5.839167E0,-1.175208E1,-3.548846E1
5.843337E0,-1.170587E1,-3.439776E1
5.847508E0,-1.129223E1,-3.232938E1
5.851679E0,-1.060208E1,-2.969161E1
5.855850E0,-9.573771E0,-2.613357E1
5.860021E0,-8.380355E0,-2.177110E1
5.864192E0,-6.780567E0,-1.653077E1
5.868362E0,-4.642698E0,-1.066780E1
5.872533E0,-2.371611E0,-4.856863E0
5.876704E0,6.797499E-1,5.748478E-1
5.880875E0,2.956452E0,4.864956E0
5.885046E0,5.323114E0,8.645780E0
5.889217E0,6.576147E0,1.146387E1
5.893388E0,7.631246E0,1.351342E1
5.897558E0,8.460137E0,1.472039E1
5.901729E0,8.810634E0,1.472773E1
5.905900E0,8.419696E0,1.420300E1
5.910071E0,7.771989E0,1.276713E1
5.914242E0,6.260533E0,1.034729E1
5.918413E0,4.290689E0,7.025381E0
5.922583E0,2.367242E0,3.396816E0
5.926754E0,-3.594075E-1,-1.558981E0
5.930925E0,-3.015005E0,-7.186777E0
5.935096E0,-5.667570E0,-1.311372E1
5.939267E0,-7.341367E0,-1.826124E1
5.943437E0,-9.656733E0,-2.302203E1
5.947608E0,-1.064276E1,-2.688779E1
5.951779E0,-1.171999E1,-2.984709E1
5.955950E0,-1.167044E1,-3.218424E1
5.960121E0,-1.224952E1,-3.343047E1
5.964292E0,-1.294995E1,-3.406255E1
5.968462E0,-1.234492E1,-3.324693E1
5.972633E0,-1.229814E1,-3.173193E1
5.976804E0,-1.163718E1,-2.955776E1
5.980975E0,-1.060435E1,-2.642966E1
5.985146E0,-9.151867E0,-2.288595E1
5.989317E0,-7.086341E0,-1.828750E1
5.993488E0,-4.950060E0,-1.313675E1
5.997658E0,-2.397759E0,-7.268215E0
6.001829E0,-4.577789E-1,-2.001196E0
6.006000E0,1.589531E0,3.049229E0
6.010171E0,3.320898E0,6.897672E0
6.014342E0,4.730773E0,1.022307E1
6.018512E0,5.611831E0,1.244493E1
6.022683E0,6.628697E0,1.382973E1
6.026854E0,6.334836E0,1.426248E1
6.031025E0,6.353208E0,1.383479E1
6.035196E0,5.332327E0,1.237647E1
6.039367E0,4.213600E0,1.012008E1
6.043538E0,2.484697E0,7.465272E0
6.047708E0,9.565532E-1,3.261439E0
6.051879E0,-1.332039E0,-1.402742E0
6.056050E0,-3.891225E0,-6.953084E0
6.060221E0,-5.657245E0,-1.268765E1
6.064392E0,-7.540548E0,-1.780276E1
6.068562E0,-8.439809E0,-2.262713E1
6.072733E0,-9.378888E0,-2.620225E1
6.076904E0,-9.763840E0,-2.934961E1
6.081075E0,-1.099391E1,-3.106026E1
6.085246E0,-1.048105E1,-3.213833E1
6.089417E0,-1.066075E1,-3.248338E1
6.093587E0,-1.085026E1,-3.196580E1
6.097758E0,-1.006657E1,-3.036921E1
6.101929E0,-9.672769E0,-2.774109E1
6.106100E0,-8.683818E0,-2.433773E1
6.110271E0,-7.684769E0,-2.031162E1
6.114442E0,-6.158169E0,-1.558962E1
6.118613E0,-4.580041E0,-9.891466E0
6.122783E0,-1.987953E0,-4.446627E0
6.126954E0,1.808924E-1,6.584613E-1
6.131125E0,2.161479E0,4.604396E0
6.135296E0,3.815515E0,7.700078E0
6.139467E0,5.131557E0,1.036994E1
6.143637E0,6.271266E0,1.187398E1
6.147808E0,6.356067E0,1.251754E1
6.151979E0,6.554409E0,1.240117E1
6.156150E0,5.646706E0,1.131798E1
6.160321E0,4.779035E0,9.550565E0
6.164492E0,3.445106E0,6.637174E0
6.168662E0,1.944893E0,2.745390E0
6.172833E0,9.976466E-4,-1.595605E0
6.177004E0,-2.334749E0,-6.840357E0
6.181175E0,-4.708850E0,-1.232305E1
6.185346E0,-6.622994E0,-1.732698E1
6.189517E0,-7.995829E0,-2.190074E1
6.193688E0,-8.802882E0,-2.535548E1
6.197858E0,-9.179720E0,-2.827738E1
6.202029E0,-9.470514E0,-3.024095E1
6.206200E0,-1.008451E1,-3.138663E1
6.210371E0,-1.003193E1,-3.160016E1
6.214542E0,-9.851533E0,-3.066196E1
6.218712E0,-9.809706E0,-2.908035E1
6.222883E0,-8.938952E0,-2.645517E1
6.227054E0,-7.655142E0,-2.319237E1
6.231225E0,-6.709755E0,-1.905429E1
6.235396E0,-4.799531E0,-1.432390E1
6.239567E0,-3.184545E0,-8.868135E0
6.243737E0,-6.832794E-1,-3.749635E0
6.247908E0,1.886152E0,7.002728E-1
6.252079E0,3.378015E0,4.473836E0
6.256250E0,4.733241E0,7.579513E0
6.260421E0,5.540152E0,9.640336E0
6.264592E0,6.252655E0,1.080016E1
6.268763E0,6.066904E0,1.091873E1
6.272933E0,6.065440E0,1.061674E1
6.277104E0,5.243519E0,9.253172E0
6.281275E0,4.427104E0,6.893699E0
6.285446E0,2.870376E0,3.725475E0
6.289617E0,8.428728E-1,-2.118245E-1
6.293788E0,-1.277744E0,-4.967999E0
6.297958E0,-3.067047E0,-1.025134E1
6.302129E0,-5.038190E0,-1.542636E1
6.306300E0,-6.376755E0,-2.001758E1
6.310471E0,-7.564254E0,-2.368329E1
6.314642E0,-7.938021E0,-2.654810E1
6.318812E0,-8.394116E0,-2.858951E1
6.322983E0,-9.039446E0,-2.983044E1
6.327154E0,-9.000789E0,-3.001399E1
6.331325E0,-8.399691E0,-2.926337E1
6.335496E0,-8.484468E0,-2.765568E1
6.339667E0,-7.726808E0,-2.550091E1
6.343837E0,-7.399024E0,-2.222328E1
6.348008E0,-5.978894E0,-1.842303E1
6.352179E0,-5.311927E0,-1.340555E1
6.356350E0,-3.457007E0,-8.455160E0
6.360521E0,-1.478517E0,-3.425566E0
6.364692E0,1.027503E0,6.830116E-1
6.368863E0,2.213234E0,4.228742E0
6.373033E0,3.472280E0,7.002304E0
6.377204E0,4.084410E0,9.114127E0
6.381375E0,4.470199E0,1.030957E1
6.385546E0,4.609006E0,1.053246E1
6.389717E0,4.374438E0,9.820667E0
6.393887E0,4.117330E0,7.703692E0
6.398058E0,2.763852E0,5.666826E0
6.402229E0,9.078034E-1,1.963629E0
6.406400E0,-8.400659E-1,-1.980143E0
6.410571E0,-3.178541E0,-6.877163E0
6.414742E0,-4.915024E0,-1.196334E1
6.418913E0,-5.940649E0,-1.657623E1
6.423083E0,-6.632501E0,-2.053517E1
6.427254E0,-7.676987E0,-2.381249E1
6.431425E0,-7.750949E0,-2.629020E1
6.435596E0,-8.606101E0,-2.779676E1
6.439767E0,-8.392527E0,-2.826796E1
6.443937E0,-8.137558E0,-2.839795E1
6.448108E0,-8.755154E0,-2.706509E1
6.452279E0,-8.326597E0,-2.469230E1
6.456450E0,-6.897372E0,-2.230290E1
6.460621E0,-6.346697E0,-1.841265E1
6.464792E0,-5.079273E0,-1.434078E1
6.468963E0,-3.610700E0,-9.428674E0
6.473133E0,-1.929262E0,-4.712424E0
6.477304E0,3.184425E-1,-3.238086E-1
6.481475E0,1.814412E0,3.328361E0
6.485646E0,3.011171E0,5.919934E0
6.489817E0,3.777469E0,8.290880E0
6.493988E0,4.095909E0,9.039395E0
6.498158E0,4.340173E0,9.288082E0
6.502329E0,3.995280E0,8.499351E0
6.506500E0,3.730096E0,6.876052E0
6.510671E0,2.037071E0,4.238034E0
6.514842E0,1.080160E0,7.755735E-1
6.519012E0,-6.408061E-1,-3.319670E0
6.523183E0,-2.384391E0,-8.111777E0
6.527354E0,-3.950200E0,-1.315325E1
6.531525E0,-5.307619E0,-1.743280E1
6.535696E0,-6.464759E0,-2.119559E1
6.539867E0,-7.570837E0,-2.384033E1
6.544037E0,-7.778926E0,-2.592614E1
6.548208E0,-7.754528E0,-2.711481E1
6.552379E0,-7.706139E0,-2.744148E1
6.556550E0,-7.572955E0,-2.712319E1
6.560721E0,-7.165365E0,-2.566091E1
6.564892E0,-6.696867E0,-2.342057E1
6.569063E0,-6.761423E0,-1.999779E1
6.573233E0,-5.739652E0,-1.603936E1
6.577404E0,-3.864001E0,-1.147983E1
6.581575E0,-1.980910E0,-6.666063E0
6.585746E0,-2.447793E-1,-2.210373E0
6.589917E0,1.198520E0,1.366044E0
6.594088E0,2.346596E0,4.258659E0
6.598258E0,3.133463E0,6.483845E0
6.602429E0,3.623469E0,7.718207E0
6.606600E0,4.032863E0,7.712647E0
6.610771E0,3.661276E0,7.409463E0
6.614942E0,2.914066E0,5.940925E0
6.619112E0,2.462937E0,3.700124E0
6.623283E0,8.739938E-1,5.962163E-1
6.627454E0,-5.936072E-1,-3.274239E0
6.631625E0,-2.672313E0,-7.761126E0
6.635796E0,-3.783597E0,-1.251543E1
6.639967E0,-5.144217E0,-1.688842E1
6.644138E0,-5.638593E0,-2.031365E1
6.648308E0,-6.161272E0,-2.324274E1
6.652479E0,-6.452942E0,-2.520114E1
6.656650E0,-6.713899E0,-2.639051E1
6.660821E0,-6.759506E0,-2.635533E1
6.664992E0,-6.724677E0,-2.576780E1
6.669163E0,-6.499175E0,-2.383352E1
6.673333E0,-5.881052E0,-2.144712E1
6.677504E0,-5.079205E0,-1.832119E1
6.681675E0,-4.125610E0,-1.438532E1
6.685846E0,-3.098489E0,-1.005384E1
6.690017E0,-1.054973E0,-5.305893E0
6.694187E0,1.661308E-1,-1.312361E0
6.698358E0,1.360363E0,1.986256E0
6.702529E0,2.787477E0,4.284238E0
6.706700E0,3.107540E0,5.957568E0
6.710871E0,3.728055E0,6.842545E0
6.715042E0,3.727480E0,6.717207E0
6.719213E0,3.293337E0,5.580165E0
6.723383E0,2.143962E0,3.618505E0
6.727554E0,1.046033E0,9.727263E-1
6.731725E0,-6.844734E-2,-2.513777E0
6.735896E0,-1.861727E0,-6.629441E0
6.740067E0,-3.503764E0,-1.123491E1
6.744238E0,-4.557595E0,-1.548767E1
6.748408E0,-5.418222E0,-1.885412E1
6.752579E0,-5.647170E0,-2.155744E1
6.756750E0,-6.374831E0,-2.346828E1
6.760921E0,-6.548452E0,-2.450347E1
6.765092E0,-6.923396E0,-2.487216E1
6.769262E0,-6.663134E0,-2.407496E1
6.773433E0,-6.279450E0,-2.234216E1
6.777604E0,-5.701446E0,-2.024879E1
6.781775E0,-4.970524E0,-1.729431E1
6.785946E0,-4.192488E0,-1.353678E1
6.790117E0,-2.866896E0,-9.207100E0
6.794288E0,-1.337987E0,-4.834238E0
6.798458E0,3.824031E-1,-1.119526E0
6.802629E0,1.459513E0,1.867240E0
6.806800E0,2.248137E0,3.851751E0
6.810971E0,2.497799E0,5.033483E0
6.815142E0,2.844821E0,5.639878E0
6.819312E0,2.549872E0,5.372161E0
6.823483E0,2.296719E0,3.878237E0
6.827654E0,1.169308E0,1.702533E0
6.831825E0,3.140736E-1,-1.153846E0
6.835996E0,-9.562241E-1,-5.121615E0
6.840167E0,-2.734153E0,-9.437518E0
6.844338E0,-3.768502E0,-1.353590E1
6.848508E0,-4.675958E0,-1.731877E1
6.852679E0,-5.040300E0,-2.021006E1
6.856850E0,-5.379087E0,-2.231889E1
6.861021E0,-5.790534E0,-2.369448E1
6.865192E0,-5.981782E0,-2.424798E1
6.869363E0,-6.178998E0,-2.392214E1
6.873533E0,-5.503557E0,-2.235093E1
6.877704E0,-5.124109E0,-2.041589E1
6.881875E0,-4.466464E0,-1.745538E1
6.886046E0,-4.319710E0,-1.380630E1
6.890217E0,-3.038214E0,-9.802215E0
6.894387E0,-1.944040E0,-5.862893E0
6.898558E0,-6.722044E-1,-1.959495E0
6.902729E0,5.909478E-1,1.162723E0
6.906900E0,1.353950E0,3.212430E0
6.911071E0,1.812911E0,4.413944E0
6.915242E0,2.352976E0,4.731479E0
6.919412E0,1.779950E0,4.392986E0
6.923583E0,1.096236E0,3.027610E0
6.927754E0,5.491744E-1,8.559785E-1
6.931925E0,-5.529885E-1,-2.114668E0
6.936096E0,-2.126250E0,-5.902052E0
6.940267E0,-3.713961E0,-9.822967E0
6.944438E0,-4.092041E0,-1.384544E1
6.948608E0,-4.827087E0,-1.733903E1
6.952779E0,-5.423572E0,-1.961586E1
6.956950E0,-5.687924E0,-2.151128E1
6.961121E0,-5.862391E0,-2.231835E1
6.965292E0,-5.807291E0,-2.255478E1
6.969463E0,-5.814193E0,-2.171844E1
6.973633E0,-5.690418E0,-1.997445E1
6.977804E0,-5.117013E0,-1.769770E1
6.981975E0,-4.355626E0,-1.436610E1
6.986146E0,-3.629665E0,-1.089855E1
6.990317E0,-2.692635E0,-6.730665E0
6.994487E0,-8.463045E-1,-3.152728E0
6.998658E0,2.134807E-1,-3.530598E-1
7.002829E0,1.346432E0,1.783271E0
7.007000E0,1.604457E0,3.372532E0
7.011171E0,1.920312E0,3.737123E0
7.015342E0,1.766303E0,3.428025E0
7.019512E0,1.000195E0,2.195851E0
7.023683E0,1.768193E-1,1.705143E-1
7.027854E0,-8.231204E-1,-2.731017E0
7.032025E0,-2.167022E0,-6.054338E0
7.036196E0,-2.959814E0,-9.762757E0
7.040367E0,-3.794167E0,-1.370265E1
7.044538E0,-4.546179E0,-1.666780E1
7.048708E0,-4.786572E0,-1.916379E1
7.052879E0,-5.245402E0,-2.043970E1
7.057050E0,-5.338855E0,-2.132947E1
7.061221E0,-5.410625E0,-2.114255E1
7.065392E0,-5.280474E0,-2.030589E1
7.069562E0,-5.086931E0,-1.869136E1
7.073733E0,-4.668437E0,-1.619686E1
7.077904E0,-4.446502E0,-1.289035E1
7.082075E0,-3.265059E0,-9.195402E0
7.086246E0,-2.284157E0,-5.345344E0
7.090417E0,-1.115682E0,-2.341921E0
7.094588E0,-2.876535E-1,2.277391E-1
7.098758E0,1.093539E-1,1.930619E0
7.102929E0,1.239666E0,2.781189E0
7.107100E0,1.130690E0,2.462448E0
7.111271E0,1.382450E-1,1.920936E0
7.115442E0,-1.363161E-1,2.571690E-1
7.119613E0,-1.260836E0,-1.702912E0
7.123783E0,-2.187369E0,-5.431626E0
7.127954E0,-2.931790E0,-9.195301E0
7.132125E0,-4.051101E0,-1.253797E1
7.136296E0,-4.154043E0,-1.578836E1
7.140467E0,-4.739132E0,-1.780705E1
7.144637E0,-4.811444E0,-1.953978E1
7.148808E0,-4.906321E0,-2.022845E1
7.152979E0,-4.625904E0,-2.020716E1
7.157150E0,-4.827216E0,-1.953099E1
7.161321E0,-4.746827E0,-1.777293E1
7.165492E0,-4.045316E0,-1.549314E1
7.169663E0,-3.130827E0,-1.232446E1
7.173833E0,-2.742993E0,-8.862116E0
7.178004E0,-1.342485E0,-5.162090E0
7.182175E0,-4.511847E-1,-2.347828E0
7.186346E0,1.912578E-1,-3.816412E-1
7.190517E0,5.456542E-1,1.082544E0
7.194687E0,1.274672E0,1.690108E0
7.198858E0,1.012470E0,1.303159E0
7.203029E0,7.390886E-1,5.104380E-1
7.207200E0,-4.878319E-1,-1.511339E0
7.211371E0,-1.306795E0,-4.168568E0
7.215542E0,-2.501819E0,-7.553273E0
7.219713E0,-3.684212E0,-1.093967E1
7.223883E0,-3.874859E0,-1.397579E1
7.228054E0,-4.361682E0,-1.637727E1
7.232225E0,-4.672924E0,-1.826342E1
7.236396E0,-4.741041E0,-1.913453E1
7.240567E0,-4.765576E0,-1.941186E1
7.244738E0,-4.934592E0,-1.857535E1
7.248908E0,-4.581429E0,-1.733951E1
7.253079E0,-4.138220E0,-1.529150E1
7.257250E0,-3.468879E0,-1.238022E1
7.261421E0,-2.610731E0,-9.243586E0
7.265592E0,-1.857153E0,-5.902207E0
7.269762E0,-7.069307E-1,-3.176323E0
7.273933E0,8.778831E-2,-1.276378E0
7.278104E0,3.080686E-1,3.002003E-1
7.282275E0,8.170347E-1,5.322615E-1
7.286446E0,4.423158E-1,4.078153E-1
7.290617E0,-4.695604E-2,-1.003190E0
7.294787E0,-5.504046E-1,-2.666336E0
7.298958E0,-1.299227E0,-5.333293E0
7.303129E0,-2.451189E0,-8.438397E0
7.307300E0,-3.323165E0,-1.147915E1
7.311471E0,-3.875309E0,-1.452994E1
7.315642E0,-4.351579E0,-1.650657E1
7.319813E0,-4.628700E0,-1.776711E1
7.323983E0,-4.626901E0,-1.848519E1
7.328154E0,-4.519778E0,-1.829321E1
7.332325E0,-4.493050E0,-1.739397E1
7.336496E0,-4.628617E0,-1.573857E1
7.340667E0,-3.623946E0,-1.329296E1
7.344838E0,-2.889714E0,-1.035369E1
7.349008E0,-2.025687E0,-7.345222E0
7.353179E0,-1.027396E0,-4.652414E0
7.357350E0,-1.665281E-1,-2.488310E0
7.361521E0,-4.920117E-2,-1.073463E0
7.365692E0,7.291049E-1,-1.557077E-1
7.369862E0,3.508114E-1,-4.320773E-1
7.374033E0,2.753480E-1,-1.335976E0
7.378204E0,-3.716864E-1,-3.163690E0
7.382375E0,-1.341511E0,-5.414273E0
7.386546E0,-2.299735E0,-8.309216E0
7.390717E0,-2.943707E0,-1.158610E1
7.394887E0,-3.411735E0,-1.412083E1
7.399058E0,-3.773776E0,-1.622907E1
7.403229E0,-4.006557E0,-1.739946E1
7.407400E0,-4.278195E0,-1.774391E1
7.411571E0,-4.073189E0,-1.753758E1
7.415742E0,-3.980720E0,-1.649808E1
7.419913E0,-3.595153E0,-1.460695E1
7.424083E0,-2.979344E0,-1.248261E1
7.428254E0,-2.431431E0,-9.431165E0
7.432425E0,-1.856664E0,-6.674237E0
7.436596E0,-8.210164E-1,-4.234505E0
7.440767E0,5.222797E-2,-2.575375E0
7.444937E0,5.934464E-1,-1.412428E0
7.449108E0,9.060537E-1,-1.309893E0
7.453279E0,5.734021E-1,-1.703861E0
7.457450E0,-4.782191E-1,-2.878136E0
7.461621E0,-1.413918E0,-4.682581E0
7.465792E0,-1.826494E0,-7.443379E0
7.469963E0,-2.686691E0,-1.019803E1
7.474133E0,-3.642736E0,-1.264071E1
7.478304E0,-3.696304E0,-1.459096E1
7.482475E0,-4.114265E0,-1.608191E1
7.486646E0,-3.852711E0,-1.668095E1
7.490817E0,-3.913947E0,-1.649802E1
7.494988E0,-3.775875E0,-1.549262E1
7.499158E0,-3.707303E0,-1.391415E1
7.503329E0,-3.106763E0,-1.168866E1
7.507500E0,-2.802026E0,-9.054686E0
7.511671E0,-1.664845E0,-6.356621E0
7.515842E0,-7.313516E-1,-4.172428E0
7.520012E0,-3.965779E-1,-2.581777E0
7.524183E0,3.911570E-2,-1.876072E0
7.528354E0,3.280604E-2,-1.880582E0
7.532525E0,-1.606169E-2,-2.343571E0
7.536696E0,-7.549585E-1,-3.744680E0
7.540867E0,-1.584894E0,-5.649776E0
7.545038E0,-2.485384E0,-7.827632E0
7.549208E0,-3.010708E0,-1.057297E1
7.553379E0,-3.232171E0,-1.245632E1
7.557550E0,-3.503195E0,-1.423772E1
7.561721E0,-3.595520E0,-1.516153E1
7.565892E0,-4.320273E0,-1.522356E1
7.570062E0,-3.697524E0,-1.512112E1
7.574233E0,-3.995412E0,-1.385008E1
7.578404E0,-3.903146E0,-1.193331E1
7.582575E0,-2.743595E0,-9.560016E0
7.586746E0,-1.915579E0,-7.345595E0
7.590917E0,-1.012780E0,-5.317688E0
7.595088E0,-5.822427E-1,-3.517331E0
7.599258E0,-2.560150E-1,-2.511071E0
7.603429E0,-2.883453E-1,-2.307191E0
7.607600E0,-6.532394E-1,-2.904678E0
7.611771E0,-1.555162E0,-3.928471E0
7.615942E0,-2.204840E0,-5.988356E0
7.620113E0,-2.368752E0,-8.149357E0
7.624283E0,-3.086871E0,-1.067660E1
7.628454E0,-3.368440E0,-1.257806E1
7.632625E0,-3.585173E0,-1.417367E1
7.636796E0,-3.614508E0,-1.455276E1
7.640967E0,-3.774079E0,-1.467252E1
7.645137E0,-3.435154E0,-1.410683E1
7.649308E0,-3.823578E0,-1.261604E1
7.653479E0,-3.302096E0,-1.068724E1
7.657650E0,-2.814880E0,-8.805985E0
7.661821E0,-1.991717E0,-6.579003E0
7.665992E0,-1.327348E0,-4.726565E0
7.670162E0,-1.183088E0,-3.661944E0
7.674333E0,-8.383748E-1,-2.841940E0
7.678504E0,-1.072265E0,-3.002011E0
7.682675E0,-6.120648E-1,-4.122978E0
7.686846E0,-1.515996E0,-5.540587E0
7.691017E0,-2.161713E0,-7.660562E0
7.695188E0,-2.802779E0,-9.518357E0
7.699358E0,-3.102260E0,-1.154208E1
7.703529E0,-3.564426E0,-1.293443E1
7.707700E0,-3.540743E0,-1.365113E1
7.711871E0,-3.785831E0,-1.388610E1
7.716042E0,-3.822895E0,-1.344646E1
7.720213E0,-3.813185E0,-1.201115E1
7.724383E0,-2.910415E0,-1.057939E1
7.728554E0,-2.462086E0,-8.428888E0
7.732725E0,-1.893288E0,-6.872926E0
7.736896E0,-1.401781E0,-4.732135E0
7.741067E0,-1.206418E0,-4.041830E0
7.745237E0,-5.144397E-1,-3.441391E0
7.749408E0,-1.011490E0,-3.975727E0
7.753579E0,-1.158809E0,-4.609606E0
7.757750E0,-1.903957E0,-5.987531E0
7.761921E0,-2.112572E0,-7.802717E0
7.766092E0,-2.546839E0,-9.503842E0
7.770262E0,-2.733115E0,-1.129823E1
7.774433E0,-2.943714E0,-1.238419E1
7.778604E0,-3.440815E0,-1.260011E1
7.782775E0,-3.234664E0,-1.264884E1
7.786946E0,-3.669938E0,-1.190162E1
7.791117E0,-3.295655E0,-1.042399E1
7.795288E0,-2.575729E0,-9.135489E0
7.799458E0,-2.311317E0,-7.456831E0
7.803629E0,-2.347036E0,-5.623633E0
7.807800E0,-1.509272E0,-4.688439E0
7.811971E0,-1.163068E0,-4.483514E0
7.816142E0,-1.039324E0,-4.417922E0
7.820312E0,-1.319465E0,-4.657159E0
7.824483E0,-1.861847E0,-5.798896E0
7.828654E0,-2.102837E0,-7.613334E0
7.832825E0,-2.548673E0,-9.184783E0
7.836996E0,-3.168414E0,-1.060469E1
7.841167E0,-3.353536E0,-1.165923E1
7.845338E0,-3.862587E0,-1.209746E1
7.849508E0,-3.754283E0,-1.194152E1
7.853679E0,-3.556135E0,-1.150955E1
7.857850E0,-3.390667E0,-1.025213E1
7.862021E0,-2.845485E0,-9.225431E0
7.866192E0,-2.344228E0,-7.587395E0
7.870363E0,-1.786498E0,-6.318127E0
7.874533E0,-1.626600E0,-5.259028E0
7.878704E0,-1.372462E0,-4.637634E0
7.882875E0,-1.444871E0,-4.765312E0
7.887046E0,-1.660325E0,-5.556845E0
7.891217E0,-2.185989E0,-6.803888E0
7.895388E0,-2.667638E0,-7.939637E0
7.899558E0,-2.756112E0,-9.459710E0
7.903729E0,-3.091589E0,-1.080734E1
7.907900E0,-3.286369E0,-1.123075E1
7.912071E0,-3.271847E0,-1.145925E1
7.916242E0,-3.516438E0,-1.139739E1
7.920413E0,-3.599217E0,-1.060683E1
7.924583E0,-2.953340E0,-9.752978E0
7.928754E0,-2.666374E0,-8.335193E0
7.932925E0,-1.737643E0,-7.210925E0
7.937096E0,-1.499751E0,-6.175446E0
7.941267E0,-1.521541E0,-5.510578E0
7.945437E0,-1.455214E0,-5.268945E0
7.949608E0,-1.565789E0,-5.612375E0
7.953779E0,-2.059867E0,-6.693907E0
7.957950E0,-2.161442E0,-7.870335E0
7.962121E0,-2.868476E0,-8.951414E0
7.966292E0,-3.155427E0,-1.001815E1
7.970463E0,-3.030662E0,-1.081810E1
7.974633E0,-3.468096E0,-1.080624E1
7.978804E0,-2.674694E0,-1.117166E1
7.982975E0,-2.819443E0,-1.063114E1
7.987146E0,-2.801898E0,-9.605736E0
7.991317E0,-2.291169E0,-8.367297E0
7.995488E0,-1.972656E0,-7.490658E0
7.999658E0,-1.709295E0,-6.547725E0
8.003829E0,-1.877252E0,-5.755640E0
8.008000E0,-1.702260E0,-5.565212E0
8.012171E0,-2.186274E0,-6.059133E0
8.016342E0,-1.936085E0,-6.923554E0
8.020513E0,-2.224316E0,-7.625714E0
8.024683E0,-2.667253E0,-8.652142E0
8.028854E0,-2.932718E0,-9.700883E0
8.033025E0,-2.701948E0,-1.029758E1
8.037196E0,-2.830124E0,-1.048880E1
8.041367E0,-2.644463E0,-1.042167E1
8.045538E0,-2.963794E0,-9.845535E0
8.049708E0,-2.798537E0,-9.081664E0
8.053879E0,-1.605166E0,-8.291601E0
8.058050E0,-1.595868E0,-7.264104E0
8.062221E0,-1.848576E0,-6.815091E0
8.066392E0,-1.368345E0,-6.170489E0
8.070562E0,-1.434921E0,-6.335418E0
8.074733E0,-1.998730E0,-6.759335E0
8.078904E0,-1.813187E0,-7.472833E0
8.083075E0,-2.044842E0,-8.359795E0
8.087246E0,-2.097381E0,-9.327090E0
8.091417E0,-2.234505E0,-9.785623E0
8.095588E0,-2.375382E0,-1.018138E1
8.099758E0,-2.346322E0,-1.026075E1
8.103929E0,-2.410672E0,-1.015073E1
8.108100E0,-2.446263E0,-9.612906E0
8.112271E0,-2.544349E0,-8.778386E0
8.116442E0,-2.511077E0,-7.915430E0
8.120613E0,-1.646917E0,-7.276198E0
8.124783E0,-1.987519E0,-6.959328E0
8.128954E0,-1.968781E0,-6.890710E0
8.133125E0,-2.107225E0,-7.039274E0
8.137296E0,-1.847871E0,-7.245337E0
8.141467E0,-2.213352E0,-8.086047E0
8.145637E0,-2.132442E0,-8.596585E0
8.149808E0,-2.222454E0,-9.137672E0
8.153979E0,-2.439104E0,-9.435447E0
8.158150E0,-2.582781E0,-9.657388E0
8.162321E0,-2.585337E0,-9.675095E0
8.166492E0,-2.433228E0,-9.278529E0
8.170663E0,-2.536336E0,-8.547591E0
8.174833E0,-2.684709E0,-7.890631E0
8.179004E0,-2.120056E0,-7.644166E0
8.183175E0,-1.737463E0,-7.206525E0
8.187346E0,-2.007097E0,-7.003910E0
8.191517E0,-1.972038E0,-7.050126E0
8.195688E0,-1.799903E0,-7.438572E0
8.199858E0,-1.893604E0,-7.939636E0
8.204029E0,-1.911369E0,-8.269585E0
8.208200E0,-2.546506E0,-8.648017E0
8.212371E0,-2.403618E0,-9.224271E0
8.216542E0,-2.413195E0,-9.139007E0
8.220712E0,-2.549143E0,-9.363780E0
8.224883E0,-2.122624E0,-9.300708E0
8.229054E0,-2.487896E0,-8.558522E0
8.233225E0,-1.651822E0,-8.187593E0
8.237396E0,-1.541541E0,-8.104515E0
8.241567E0,-1.960432E0,-7.826474E0
8.245737E0,-1.582635E0,-7.487855E0
8.249908E0,-1.739767E0,-7.635116E0
8.254079E0,-1.779686E0,-7.861717E0
8.258250E0,-1.634879E0,-8.212284E0
8.262421E0,-2.175458E0,-8.643461E0
8.266592E0,-2.527981E0,-8.822873E0
8.270763E0,-2.511407E0,-8.906476E0
8.274933E0,-2.691638E0,-8.968811E0
8.279104E0,-2.416951E0,-8.756081E0
8.283275E0,-2.546728E0,-8.479883E0
8.287446E0,-2.141012E0,-8.386250E0
8.291617E0,-2.225720E0,-7.579931E0
8.295788E0,-2.224812E0,-7.458542E0
8.299958E0,-1.978011E0,-7.628603E0
8.304129E0,-1.786309E0,-7.583355E0
8.308300E0,-2.232118E0,-7.553471E0
8.312471E0,-2.411548E0,-7.662609E0
8.316642E0,-2.747195E0,-8.026529E0
8.320813E0,-2.578297E0,-8.127033E0
8.324983E0,-2.766327E0,-8.658750E0
8.329154E0,-2.863472E0,-8.787553E0
8.333325E0,-2.909975E0,-8.715020E0
8.337496E0,-2.682413E0,-8.425897E0
8.341667E0,-2.282939E0,-8.212336E0
8.345838E0,-2.167278E0,-8.363404E0
8.350008E0,-2.700197E0,-7.857568E0
8.354179E0,-2.252129E0,-7.557025E0
8.358350E0,-2.348229E0,-7.532137E0
8.362521E0,-2.516801E0,-7.637306E0
8.366692E0,-2.745756E0,-7.806377E0
8.370862E0,-2.991679E0,-7.928080E0
8.375033E0,-3.125815E0,-8.086646E0
8.379204E0,-3.012625E0,-8.019904E0
8.383375E0,-2.427354E0,-8.112019E0
8.387546E0,-2.603168E0,-8.312849E0
8.391717E0,-2.651497E0,-8.383963E0
8.395888E0,-2.420392E0,-8.226911E0
8.400058E0,-2.354246E0,-8.191010E0
8.404229E0,-1.878615E0,-8.278114E0
8.408400E0,-1.743331E0,-8.205078E0
8.412571E0,-2.461952E0,-7.668815E0
8.416742E0,-1.848717E0,-8.268328E0
8.420913E0,-2.074450E0,-8.408238E0
8.425083E0,-2.235443E0,-8.266240E0
8.429254E0,-2.042454E0,-8.454303E0
8.433425E0,-2.202100E0,-8.784339E0
8.437596E0,-2.403731E0,-8.563353E0
8.441767E0,-2.492491E0,-8.465023E0
8.445937E0,-2.256223E0,-8.366227E0
8.450108E0,-2.183629E0,-8.471002E0
8.454279E0,-2.284161E0,-8.320017E0
8.458450E0,-2.209937E0,-8.483564E0
8.462621E0,-1.829196E0,-8.186257E0
8.466792E0,-1.872220E0,-8.322901E0
8.470962E0,-1.817612E0,-8.436908E0
8.475133E0,-1.967918E0,-8.651148E0
8.479304E0,-1.931758E0,-8.736459E0
8.483475E0,-1.878592E0,-8.535073E0
8.487646E0,-1.732441E0,-8.553305E0
8.491817E0,-1.950924E0,-8.597243E0
8.495988E0,-1.734740E0,-8.600822E0
8.500158E0,-1.998594E0,-8.669546E0
8.504329E0,-1.764971E0,-8.514900E0
8.508500E0,-1.504411E0,-8.365427E0
8.512671E0,-1.675400E0,-8.400601E0
8.516842E0,-1.586130E0,-8.365163E0
8.521013E0,-1.539537E0,-8.391308E0
8.525183E0,-1.719751E0,-8.431806E0
8.529354E0,-1.632193E0,-8.367080E0
8.533525E0,-1.904172E0,-8.553713E0
8.537696E0,-1.788466E0,-8.593935E0
8.541867E0,-1.712658E0,-8.596642E0
8.546038E0,-1.834051E0,-8.575271E0
8.550208E0,-1.877453E0,-8.577339E0
8.554379E0,-1.846410E0,-8.537473E0
8.558550E0,-1.622765E0,-8.395175E0
8.562721E0,-1.780061E0,-8.420345E0
8.566892E0,-1.462991E0,-8.330440E0
8.571063E0,-1.585561E0,-8.381221E0
8.575233E0,-1.650426E0,-8.520794E0
8.579404E0,-1.751527E0,-8.432077E0
8.583575E0,-1.599291E0,-8.493000E0
8.587746E0,-1.881716E0,-8.539123E0
8.591917E0,-1.820446E0,-8.544607E0
8.596087E0,-1.903193E0,-8.724718E0
8.600258E0,-1.900615E0,-8.538730E0
8.604429E0,-1.799992E0,-8.522401E0
8.608600E0,-1.800171E0,-8.497879E0
8.612771E0,-1.653065E0,-8.420081E0
8.616942E0,-1.762507E0,-8.434356E0
8.621112E0,-1.651221E0,-8.552851E0
8.625283E0,-1.655020E0,-8.333496E0
8.629454E0,-1.717175E0,-8.445998E0
8.633625E0,-1.733008E0,-8.492049E0
8.637796E0,-1.689009E0,-8.533988E0
8.641967E0,-1.629206E0,-8.489327E0
8.646138E0,-1.482041E0,-8.483778E0
8.650308E0,-1.770350E0,-8.576035E0
8.654479E0,-1.811001E0,-8.510562E0
8.658650E0,-1.766575E0,-8.457680E0
8.662821E0,-1.724285E0,-8.405035E0
8.666992E0,-1.620524E0,-8.343143E0
8.671163E0,-1.790452E0,-8.465071E0
8.675333E0,-1.819260E0,-8.556027E0
8.679504E0,-1.711523E0,-8.434010E0
8.683675E0,-1.617040E0,-8.440394E0
8.687846E0,-1.570814E0,-8.436949E0
8.692017E0,-1.626215E0,-8.539950E0
8.696188E0,-1.717408E0,-8.466298E0
8.700358E0,-1.831192E0,-8.561844E0
8.704529E0,-1.751245E0,-8.426998E0
8.708700E0,-1.774748E0,-8.472459E0
8.712871E0,-1.691902E0,-8.417805E0
8.717042E0,-1.615272E0,-8.508554E0
8.721213E0,-1.685112E0,-8.504125E0
8.725383E0,-1.560680E0,-8.290444E0
8.729554E0,-1.703690E0,-8.467348E0
8.733725E0,-1.808764E0,-8.572918E0
8.737896E0,-1.801202E0,-8.449276E0
8.742067E0,-1.607220E0,-8.352548E0
8.746237E0,-1.642622E0,-8.530099E0
8.750408E0,-1.767727E0,-8.569085E0
8.754579E0,-1.872148E0,-8.470932E0
8.758750E0,-1.575836E0,-8.410228E0
8.762921E0,-1.830125E0,-8.529731E0
8.767092E0,-1.825224E0,-8.580825E0
8.771263E0,-1.692963E0,-8.497907E0
8.775433E0,-1.767792E0,-8.489599E0
8.779604E0,-1.658753E0,-8.516400E0
8.783775E0,-1.812911E0,-8.551096E0
8.787946E0,-1.945428E0,-8.636780E0
8.792117E0,-1.789568E0,-8.591565E0
8.796288E0,-1.731885E0,-8.512567E0
8.800458E0,-1.772612E0,-8.504103E0
8.804629E0,-1.804623E0,-8.472727E0
8.808800E0,-1.721553E0,-8.581364E0
8.812971E0,-1.666419E0,-8.369131E0
8.817142E0,-1.663904E0,-8.426980E0
8.821312E0,-1.853961E0,-8.504168E0
8.825483E0,-1.817289E0,-8.559746E0
8.829654E0,-1.787133E0,-8.555046E0
8.833825E0,-1.818563E0,-8.480917E0
8.837996E0,-1.736238E0,-8.489318E0
8.842167E0,-1.580068E0,-8.441679E0
8.846337E0,-1.555554E0,-8.378319E0
8.850508E0,-1.634017E0,-8.453288E0
8.854679E0,-1.844927E0,-8.367282E0
8.858850E0,-1.789843E0,-8.576938E0
8.863021E0,-1.803595E0,-8.498157E0
8.867192E0,-1.636349E0,-8.606371E0
8.871363E0,-1.519147E0,-8.426277E0
8.875533E0,-1.609345E0,-8.329988E0
8.879704E0,-1.759220E0,-8.444760E0
8.883875E0,-1.566751E0,-8.381844E0
8.888046E0,-1.780622E0,-8.543391E0
8.892217E0,-1.667965E0,-8.399429E0
8.896388E0,-1.954227E0,-8.551194E0
8.900558E0,-1.606329E0,-8.364762E0
8.904729E0,-1.557217E0,-8.584445E0
8.908900E0,-1.733889E0,-8.314885E0
8.913071E0,-1.713632E0,-8.455738E0
8.917242E0,-1.681032E0,-8.391184E0
8.921413E0,-1.724745E0,-8.346032E0
8.925583E0,-1.711982E0,-8.290702E0
8.929754E0,-1.703009E0,-8.350933E0
8.933925E0,-1.717745E0,-8.292798E0
8.938096E0,-1.774072E0,-8.356300E0
8.942267E0,-1.473572E0,-8.278919E0
8.946438E0,-1.736413E0,-8.293467E0
8.950608E0,-1.572596E0,-8.207039E0
8.954779E0,-1.779140E0,-8.283310E0
8.958950E0,-1.692825E0,-8.315144E0
8.963121E0,-1.789535E0,-8.317840E0
8.967292E0,-1.619431E0,-8.267881E0
8.971462E0,-1.750814E0,-8.210605E0
8.975633E0,-1.807539E0,-8.321227E0
8.979804E0,-1.653100E0,-8.292634E0
8.983975E0,-1.734691E0,-8.245845E0
8.988146E0,-1.844924E0,-8.263807E0
8.992317E0,-1.703457E0,-8.203266E0
8.996487E0,-1.656580E0,-8.222654E0
9.000658E0,-1.676109E0,-8.209270E0
9.004829E0,-2.047856E0,-8.098837E0
9.009000E0,-1.987068E0,-7.997728E0
9.013171E0,-1.981886E0,-7.905962E0
9.017342E0,-1.926949E0,-7.662323E0
9.021513E0,-2.150103E0,-7.683968E0
9.025683E0,-2.085200E0,-7.543152E0
9.029854E0,-1.978803E0,-7.527594E0
9.034025E0,-1.861668E0,-7.284827E0
9.038196E0,-2.338542E0,-6.581254E0
9.042367E0,-2.574208E0,-6.467874E0
9.046538E0,-2.585613E0,-6.563366E0
9.050708E0,-2.690780E0,-6.463833E0
9.054879E0,-2.726170E0,-6.537797E0
9.059050E0,-2.704298E0,-6.327078E0
9.063221E0,-2.858470E0,-6.325155E0
9.067392E0,-2.713489E0,-6.318336E0
9.071563E0,-2.752107E0,-6.248615E0
9.075733E0,-3.444727E0,-5.613431E0
9.079904E0,-3.332005E0,-5.482581E0
9.084075E0,-3.398588E0,-5.446427E0
9.088246E0,-3.541951E0,-5.551583E0
9.092417E0,-3.641617E0,-5.371674E0
9.096588E0,-3.777769E0,-5.612679E0
9.100758E0,-3.630376E0,-5.420537E0
9.104929E0,-3.831104E0,-5.387381E0
9.109100E0,-3.771266E0,-5.439581E0
9.113271E0,-3.692008E0,-5.402751E0
9.117442E0,-3.833469E0,-5.401814E0
9.121612E0,-3.681001E0,-5.315599E0
9.125783E0,-3.632486E0,-5.156957E0
9.129954E0,-3.759120E0,-5.203280E0
9.134125E0,-3.701658E0,-5.206475E0
9.138296E0,-3.643032E0,-5.302255E0
9.142467E0,-3.720711E0,-5.226909E0
9.146638E0,-3.785716E0,-5.410405E0
9.150808E0,-3.579893E0,-5.174442E0
9.154979E0,-3.900478E0,-5.351126E0
9.159150E0,-4.486779E0,-4.544912E0
9.163321E0,-4.355509E0,-4.456208E0
9.167492E0,-4.366294E0,-4.428649E0
9.171663E0,-4.464111E0,-4.300299E0
9.175833E0,-4.474886E0,-4.321471E0
9.180004E0,-4.488421E0,-4.319034E0
9.184175E0,-4.581920E0,-4.502305E0
9.188346E0,-4.610657E0,-4.365797E0
9.192517E0,-4.584493E0,-4.493138E0
9.196687E0,-4.518693E0,-4.482734E0
9.200858E0,-4.467868E0,-4.198506E0
9.205029E0,-4.526266E0,-4.318846E0
9.209200E0,-4.560840E0,-4.412556E0
9.213371E0,-4.552802E0,-4.408653E0
9.217542E0,-4.672252E0,-4.368643E0
9.221712E0,-4.506078E0,-4.359933E0
9.225883E0,-4.526875E0,-4.193575E0
9.230054E0,-4.556497E0,-4.215022E0
9.234225E0,-4.716027E0,-4.366849E0
9.238396E0,-4.571001E0,-4.283679E0
9.242567E0,-4.533718E0,-4.284259E0
9.246738E0,-4.694460E0,-4.265347E0
9.250908E0,-4.780248E0,-4.398849E0
9.255079E0,-4.658004E0,-4.360782E0
9.259250E0,-4.616356E0,-4.245820E0
9.263421E0,-4.886656E0,-4.505276E0
9.267592E0,-4.402252E0,-4.104425E0
9.271763E0,-4.719064E0,-4.385858E0
9.275933E0,-4.543971E0,-4.463660E0
9.280104E0,-4.658312E0,-4.383965E0
9.284275E0,-4.775829E0,-4.470378E0
9.288446E0,-4.495873E0,-4.298220E0
9.292617E0,-4.510720E0,-4.367628E0
9.296788E0,-4.487851E0,-4.229504E0
9.300958E0,-4.681578E0,-4.419317E0
9.305129E0,-4.609206E0,-4.261204E0
9.309300E0,-4.723958E0,-4.320952E0
9.313471E0,-4.707173E0,-4.360612E0
9.317642E0,-4.625180E0,-4.366469E0
9.321813E0,-4.476492E0,-4.184651E0
9.325983E0,-4.585502E0,-4.249160E0
9.330154E0,-4.672383E0,-4.204641E0
9.334325E0,-4.674567E0,-4.171298E0
9.338496E0,-4.549310E0,-4.188996E0
9.342667E0,-4.578232E0,-4.176037E0
9.346837E0,-4.600297E0,-4.291501E0
9.351008E0,-4.709570E0,-4.256690E0
9.355179E0,-4.615750E0,-4.355382E0
9.359350E0,-4.453352E0,-4.265225E0
9.363521E0,-4.647215E0,-4.281728E0
9.367692E0,-4.669863E0,-4.299770E0
9.371862E0,-4.705573E0,-4.339192E0
9.376033E0,-4.756734E0,-4.482817E0
9.380204E0,-4.625132E0,-4.320346E0
9.384375E0,-4.705241E0,-4.335002E0
9.388546E0,-4.617233E0,-4.241016E0
9.392717E0,-4.620037E0,-4.331069E0
9.396888E0,-4.894190E0,-4.491216E0
9.401058E0,-4.756649E0,-4.337495E0
9.405229E0,-4.717151E0,-4.211851E0
9.409400E0,-4.775705E0,-4.315493E0
9.413571E0,-4.700832E0,-4.220657E0
9.417742E0,-4.770116E0,-4.334548E0
9.421913E0,-4.607625E0,-4.229315E0
9.426083E0,-5.331671E0,-3.403104E0
9.430254E0,-4.916570E0,-4.367386E0
9.434425E0,-4.731716E0,-4.190122E0
9.438596E0,-5.077712E0,-3.993520E0
9.442767E0,-4.995423E0,-3.885034E0
9.446938E0,-4.939831E0,-3.716355E0
9.451108E0,-5.005006E0,-3.860608E0
9.455279E0,-4.925893E0,-3.681803E0
9.459450E0,-4.863839E0,-3.518230E0
9.463621E0,-4.805303E0,-3.539360E0
9.467792E0,-4.829288E0,-3.470924E0
9.471963E0,-4.707979E0,-3.311143E0
9.476133E0,-4.846714E0,-3.406241E0
9.480304E0,-5.032220E0,-3.591318E0
9.484475E0,-4.964512E0,-3.501494E0
9.488646E0,-4.892460E0,-3.395636E0
9.492817E0,-4.996217E0,-3.388574E0
9.496987E0,-5.706471E0,-2.716238E0
9.501158E0,-5.467656E0,-2.713517E0
9.505329E0,-5.357365E0,-2.351274E0
9.509500E0,-5.497974E0,-2.439688E0
9.513671E0,-5.428410E0,-2.630241E0
9.517842E0,-5.635737E0,-2.582736E0
9.522013E0,-5.584721E0,-2.507448E0
9.526183E0,-5.862778E0,-2.671072E0
9.530354E0,-5.630511E0,-2.307202E0
9.534525E0,-5.728254E0,-2.424188E0
9.538696E0,-5.586487E0,-2.137214E0
9.542867E0,-5.654302E0,-2.254325E0
9.547038E0,-5.796902E0,-2.408946E0
9.551208E0,-5.667147E0,-2.347850E0
9.555379E0,-5.763465E0,-2.380114E0
9.559550E0,-5.656223E0,-2.299916E0
9.563721E0,-5.688434E0,-2.459998E0
9.567892E0,-5.763727E0,-2.195099E0
9.572062E0,-5.654307E0,-2.307370E0
9.576233E0,-5.666485E0,-2.301111E0
9.580404E0,-5.611454E0,-2.419624E0
9.584575E0,-5.648465E0,-2.393592E0
9.588746E0,-5.725621E0,-2.447796E0
9.592917E0,-5.703160E0,-2.427008E0
9.597087E0,-5.709618E0,-2.388172E0
9.601258E0,-5.592897E0,-2.244804E0
9.605429E0,-5.660414E0,-2.228347E0
9.609600E0,-5.565897E0,-2.318088E0
9.613771E0,-5.714562E0,-2.347814E0
9.617942E0,-5.617615E0,-2.237727E0
9.622113E0,-6.213695E0,-2.054619E0
9.626283E0,-5.750505E0,-2.288465E0
9.630454E0,-5.998542E0,-1.916745E0
9.634625E0,-6.013095E0,-2.024574E0
9.638796E0,-6.093840E0,-1.999646E0
9.642967E0,-6.082252E0,-1.851745E0
9.647138E0,-5.873529E0,-1.667441E0
9.651308E0,-5.855090E0,-1.607060E0
9.655479E0,-5.793807E0,-1.372540E0
9.659650E0,-5.777181E0,-1.576101E0
9.663821E0,-5.714048E0,-1.494861E0
9.667992E0,-5.747295E0,-1.409796E0
9.672163E0,-5.629454E0,-1.448140E0
9.676333E0,-5.744219E0,-1.601373E0
9.680504E0,-5.947776E0,-1.747595E0
9.684675E0,-5.952197E0,-1.595685E0
9.688846E0,-5.711179E0,-1.506593E0
9.693017E0,-5.796969E0,-1.553039E0
9.697188E0,-5.739048E0,-1.597418E0
9.701358E0,-5.762780E0,-1.313242E0
9.705529E0,-5.742119E0,-1.288414E0
9.709700E0,-5.894381E0,-1.585538E0
9.713871E0,-5.792631E0,-1.420732E0
9.718042E0,-5.752134E0,-1.397759E0
9.722212E0,-5.716191E0,-1.418311E0
9.726383E0,-6.203504E0,-1.087623E0
9.730554E0,-5.466689E0,-1.219048E0
9.734725E0,-5.681331E0,-1.174982E0
9.738896E0,-5.777789E0,-1.300962E0
9.743067E0,-5.645647E0,-1.288392E0
9.747237E0,-5.607257E0,-1.218442E0
9.751408E0,-5.735058E0,-1.275037E0
9.755579E0,-5.545979E0,-1.133854E0
9.759750E0,-6.104131E0,-9.434591E-1
9.763921E0,-5.712187E0,-9.989116E-1
9.768092E0,-6.045836E0,-9.851360E-1
9.772263E0,-6.039291E0,-7.849001E-1
9.776433E0,-5.775273E0,-5.257151E-1
9.780604E0,-5.964168E0,-6.523110E-1
9.784775E0,-5.843223E0,-5.823849E-1
9.788946E0,-5.881172E0,-7.466901E-1
9.793117E0,-5.909806E0,-5.748931E-1
9.797287E0,-5.774470E0,-5.215054E-1
9.801458E0,-5.910866E0,-7.401528E-1
9.805629E0,-5.844977E0,-6.880958E-1
9.809800E0,-5.951436E0,-8.163967E-1
9.813971E0,-5.804485E0,-5.873439E-1
9.818142E0,-6.068941E0,-8.429629E-1
9.822313E0,-5.729760E0,-5.064336E-1
9.826483E0,-5.875746E0,-5.156549E-1
9.830654E0,-5.978751E0,-9.155372E-1
9.834825E0,-5.686739E0,-4.348979E-1
9.838996E0,-5.794481E0,-7.789216E-1
9.843167E0,-5.809467E0,-3.759159E-1
9.847338E0,-5.795738E0,-5.527064E-1
9.851508E0,-5.866359E0,-3.954538E-1
9.855679E0,-5.930524E0,-4.708819E-1
9.859850E0,-5.873334E0,-5.505867E-1
9.864021E0,-5.836348E0,-4.011551E-1
9.868192E0,-5.562057E0,-2.831552E-1
9.872362E0,-5.806370E0,-4.178201E-1
9.876533E0,-5.840056E0,-2.790444E-1
9.880704E0,-5.789240E0,-3.252012E-1
9.884875E0,-5.658826E0,-2.498842E-1
9.889046E0,-5.738152E0,-2.234848E-1
9.893217E0,-5.763924E0,-1.943743E-1
9.897388E0,-5.812932E0,-4.033332E-1
9.901558E0,-5.806433E0,-4.015489E-1
9.905729E0,-5.964213E0,-5.332178E-1
9.909900E0,-5.824096E0,-3.772604E-1
9.914071E0,-5.947256E0,-6.026672E-1
9.918242E0,-5.861575E0,-5.516562E-1
9.922413E0,-5.926426E0,-6.776447E-1
9.926583E0,-6.079960E0,-7.212496E-1
9.930754E0,-5.932670E0,-6.539060E-1
9.934925E0,-5.840814E0,-6.933642E-1
9.939096E0,-5.711208E0,-6.103330E-1
9.943267E0,-5.942341E0,-8.680108E-1
9.947437E0,-5.968039E0,-7.027187E-1
9.951608E0,-5.968848E0,-7.541750E-1
9.955779E0,-5.794181E0,-4.997047E-1
9.959950E0,-5.871233E0,-8.264319E-1
9.964121E0,-5.897702E0,-6.353829E-1
