,mass A,,
t,x,y,
0.000000E0,2.384430E2,1.957368E1
4.170833E-3,2.381058E2,1.911557E1
8.341667E-3,2.378301E2,1.891171E1
1.251250E-2,2.373410E2,1.898762E1
1.668333E-2,2.369827E2,1.875083E1
2.085417E-2,2.366964E2,1.848303E1
2.502500E-2,2.363430E2,1.890555E1
2.919583E-2,2.360949E2,1.873846E1
3.336667E-2,2.359528E2,1.880084E1
3.753750E-2,2.357997E2,1.845030E1
4.170833E-2,2.357409E2,1.833429E1
4.587917E-2,2.355903E2,1.838800E1
5.005000E-2,2.355028E2,1.846431E1
5.422083E-2,2.352906E2,1.810824E1
5.839167E-2,2.352954E2,1.861023E1
6.256250E-2,2.354330E2,1.831716E1
6.673333E-2,2.352877E2,1.825080E1
7.090417E-2,2.353417E2,1.822963E1
7.507500E-2,2.351981E2,1.817117E1
7.924583E-2,2.350479E2,1.834983E1
8.341667E-2,2.349051E2,1.800983E1
8.758750E-2,2.342523E2,1.770628E1
9.175833E-2,2.341149E2,1.760573E1
9.592917E-2,2.336932E2,1.730031E1
1.001000E-1,2.330399E2,1.719958E1
1.042708E-1,2.328406E2,1.650575E1
1.084417E-1,2.320873E2,1.679752E1
1.126125E-1,2.318230E2,1.619367E1
1.167833E-1,2.314294E2,1.648178E1
1.209542E-1,2.310688E2,1.636191E1
1.251250E-1,2.309069E2,1.612436E1
1.292958E-1,2.307753E2,1.634224E1
1.334667E-1,2.303981E2,1.620724E1
1.376375E-1,2.306083E2,1.619989E1
1.418083E-1,2.307098E2,1.650140E1
1.459792E-1,2.308039E2,1.671441E1
1.501500E-1,2.305664E2,1.682535E1
1.543208E-1,2.307170E2,1.684935E1
1.584917E-1,2.309899E2,1.678930E1
1.626625E-1,2.312003E2,1.708814E1
1.668333E-1,2.312616E2,1.737912E1
1.710042E-1,2.312395E2,1.781458E1
1.751750E-1,2.315377E2,1.755943E1
1.793458E-1,2.315975E2,1.753170E1
1.835167E-1,2.314354E2,1.760829E1
1.876875E-1,2.312373E2,1.780700E1
1.918583E-1,2.311757E2,1.764156E1
1.960292E-1,2.307127E2,1.756178E1
2.002000E-1,2.306891E2,1.742107E1
2.043708E-1,2.303629E2,1.759550E1
2.085417E-1,2.298333E2,1.743439E1
2.127125E-1,2.296777E2,1.764540E1
2.168833E-1,2.292481E2,1.721647E1
2.210542E-1,2.291340E2,1.738155E1
2.252250E-1,2.287538E2,1.727651E1
2.293958E-1,2.285496E2,1.738281E1
2.335667E-1,2.283238E2,1.719596E1
2.377375E-1,2.280713E2,1.726399E1
2.419083E-1,2.281029E2,1.682690E1
2.460792E-1,2.279393E2,1.686791E1
2.502500E-1,2.275694E2,1.667225E1
2.544208E-1,2.274732E2,1.649384E1
2.585917E-1,2.273431E2,1.644300E1
2.627625E-1,2.269957E2,1.611660E1
2.669333E-1,2.271240E2,1.622125E1
2.711042E-1,2.266634E2,1.618147E1
2.752750E-1,2.263689E2,1.619141E1
2.794458E-1,2.260864E2,1.580855E1
2.836167E-1,2.256644E2,1.528262E1
2.877875E-1,2.253774E2,1.489738E1
2.919583E-1,2.248544E2,1.466425E1
2.961292E-1,2.243124E2,1.443755E1
3.003000E-1,2.241353E2,1.429780E1
3.044708E-1,2.237344E2,1.384284E1
3.086417E-1,2.231971E2,1.350337E1
3.128125E-1,2.231613E2,1.341400E1
3.169833E-1,2.227749E2,1.334900E1
3.211542E-1,2.222192E2,1.298965E1
3.253250E-1,2.224306E2,1.255259E1
3.294958E-1,2.223085E2,1.264685E1
3.336667E-1,2.221765E2,1.264351E1
3.378375E-1,2.222992E2,1.279301E1
3.420083E-1,2.224279E2,1.289133E1
3.461792E-1,2.225809E2,1.308224E1
3.503500E-1,2.227426E2,1.332451E1
3.545208E-1,2.231672E2,1.365145E1
3.586917E-1,2.235585E2,1.378396E1
3.628625E-1,2.235805E2,1.399004E1
3.670333E-1,2.238236E2,1.443327E1
3.712042E-1,2.239649E2,1.471901E1
3.753750E-1,2.243118E2,1.487326E1
3.795458E-1,2.245018E2,1.495426E1
3.837167E-1,2.247495E2,1.506166E1
3.878875E-1,2.248982E2,1.534751E1
3.920583E-1,2.251554E2,1.570347E1
3.962292E-1,2.256229E2,1.606385E1
4.004000E-1,2.259516E2,1.618815E1
4.045708E-1,2.262129E2,1.714018E1
4.087417E-1,2.262750E2,1.758698E1
4.129125E-1,2.263165E2,1.845089E1
4.170833E-1,2.259979E2,1.891806E1
4.212542E-1,2.261480E2,1.904840E1
4.254250E-1,2.256742E2,1.906882E1
4.295958E-1,2.251075E2,1.896931E1
4.337667E-1,2.243932E2,1.853207E1
4.379375E-1,2.230825E2,1.831358E1
4.421083E-1,2.211653E2,1.754158E1
4.462792E-1,2.181678E2,1.703394E1
4.504500E-1,2.138272E2,1.587948E1
4.546208E-1,2.084211E2,1.480458E1
4.587917E-1,2.020252E2,1.392114E1
4.629625E-1,1.944992E2,1.231378E1
4.671333E-1,1.857195E2,1.080813E1
4.713042E-1,1.752802E2,8.905507E0
4.754750E-1,1.640658E2,7.614603E0
4.796458E-1,1.502713E2,4.033090E0
4.838167E-1,1.359302E2,1.419940E0
4.879875E-1,1.196443E2,-1.141828E0
4.921583E-1,1.028874E2,-3.803105E0
4.963292E-1,8.433804E1,-6.192520E0
5.005000E-1,6.454031E1,-8.955879E0
5.046708E-1,4.384091E1,-1.057626E1
5.088417E-1,2.247688E1,-1.202460E1
5.130125E-1,7.767909E-1,-1.296894E1
5.171833E-1,-2.116633E1,-1.393218E1
5.213542E-1,-4.224289E1,-1.464622E1
5.255250E-1,-6.262187E1,-1.457049E1
5.296958E-1,-8.233607E1,-1.508517E1
5.338667E-1,-1.004214E2,-1.494899E1
5.380375E-1,-1.174650E2,-1.455221E1
5.422083E-1,-1.332429E2,-1.347382E1
5.463792E-1,-1.479745E2,-1.278178E1
5.505500E-1,-1.600037E2,-1.159727E1
5.547208E-1,-1.706277E2,-1.027698E1
5.588917E-1,-1.816358E2,-8.543376E0
5.630625E-1,-1.912354E2,-6.597734E0
5.672333E-1,-1.976228E2,-6.243489E0
5.714042E-1,-2.034210E2,-4.947049E0
5.755750E-1,-2.080183E2,-4.243237E0
5.797458E-1,-2.121420E2,-2.616951E0
5.839167E-1,-2.146461E2,-2.162816E0
5.880875E-1,-2.162870E2,-1.099689E0
5.922583E-1,-2.165994E2,-1.283235E0
5.964292E-1,-2.159240E2,-1.453889E0
6.006000E-1,-2.140961E2,-9.797587E-1
6.047708E-1,-2.110958E2,-1.031505E0
6.089417E-1,-2.073156E2,-1.380353E0
6.131125E-1,-2.025599E2,-1.350357E0
6.172833E-1,-1.956950E2,-1.942079E0
6.214542E-1,-1.879434E2,-2.182195E0
6.256250E-1,-1.779669E2,-2.624848E0
6.297958E-1,-1.672097E2,-2.999785E0
6.339667E-1,-1.554359E2,-3.808902E0
6.381375E-1,-1.396599E2,-4.640087E0
6.423083E-1,-1.258114E2,-5.084106E0
6.464792E-1,-1.106525E2,-5.207063E0
6.506500E-1,-9.355555E1,-5.844052E0
6.548208E-1,-7.472759E1,-6.149158E0
6.589917E-1,-5.429735E1,-6.616434E0
6.631625E-1,-3.445807E1,-6.464234E0
6.673333E-1,-1.263218E1,-7.074409E0
6.715042E-1,9.024932E0,-6.966411E0
6.756750E-1,3.027000E1,-7.608073E0
6.798458E-1,5.085970E1,-7.935149E0
6.840167E-1,6.988747E1,-8.270813E0
6.881875E-1,8.744873E1,-8.245545E0
6.923583E-1,1.038273E2,-9.067125E0
6.965292E-1,1.185412E2,-9.442156E0
7.007000E-1,1.321707E2,-9.029661E0
7.048708E-1,1.451133E2,-1.000108E1
7.090417E-1,1.567384E2,-1.067658E1
7.132125E-1,1.668874E2,-1.075145E1
7.173833E-1,1.758774E2,-1.082620E1
7.215542E-1,1.835949E2,-1.136798E1
7.257250E-1,1.905043E2,-1.212564E1
7.298958E-1,1.958755E2,-1.246598E1
7.340667E-1,2.002912E2,-1.265685E1
7.382375E-1,2.035470E2,-1.296846E1
7.424083E-1,2.052929E2,-1.309249E1
7.465792E-1,2.059757E2,-1.355530E1
7.507500E-1,2.059347E2,-1.388590E1
7.549208E-1,2.038210E2,-1.394814E1
7.590917E-1,2.009729E2,-1.410790E1
7.632625E-1,1.971155E2,-1.456778E1
7.674333E-1,1.919711E2,-1.417533E1
7.716042E-1,1.853408E2,-1.450919E1
7.757750E-1,1.775456E2,-1.431646E1
7.799458E-1,1.683919E2,-1.420813E1
7.841167E-1,1.587362E2,-1.418287E1
7.882875E-1,1.472731E2,-1.436874E1
7.924583E-1,1.345063E2,-1.421635E1
7.966292E-1,1.204651E2,-1.423866E1
8.008000E-1,1.053077E2,-1.347566E1
8.049708E-1,8.865279E1,-1.360010E1
8.091417E-1,7.039731E1,-1.281908E1
8.133125E-1,5.111606E1,-1.249746E1
8.174833E-1,3.089130E1,-1.141555E1
8.216542E-1,9.867953E0,-1.026813E1
8.258250E-1,-1.189706E1,-8.598661E0
8.299958E-1,-3.286237E1,-7.001041E0
8.341667E-1,-5.343132E1,-5.082710E0
8.383375E-1,-7.256730E1,-2.852850E0
8.425083E-1,-9.064621E1,-8.447056E-1
8.466792E-1,-1.065826E2,1.499888E0
8.508500E-1,-1.222250E2,3.703626E0
8.550208E-1,-1.356104E2,5.118253E0
8.591917E-1,-1.492826E2,8.850864E0
8.633625E-1,-1.604133E2,1.120476E1
8.675333E-1,-1.712992E2,1.260908E1
8.717042E-1,-1.796112E2,1.390938E1
8.758750E-1,-1.860419E2,1.437216E1
8.800458E-1,-1.917153E2,1.572195E1
8.842167E-1,-1.970904E2,1.562822E1
8.883875E-1,-2.003072E2,1.633274E1
8.925583E-1,-2.035654E2,1.683560E1
8.967292E-1,-2.046695E2,1.657126E1
9.009000E-1,-2.047877E2,1.718174E1
9.050708E-1,-2.038702E2,1.670558E1
9.092417E-1,-2.019949E2,1.670569E1
9.134125E-1,-1.987167E2,1.667022E1
9.175833E-1,-1.946431E2,1.594412E1
9.217542E-1,-1.895645E2,1.513523E1
9.259250E-1,-1.829191E2,1.379181E1
9.300958E-1,-1.749504E2,1.268264E1
9.342667E-1,-1.647352E2,1.020486E1
9.384375E-1,-1.547658E2,9.283679E0
9.426083E-1,-1.410332E2,7.546720E0
9.467792E-1,-1.248467E2,4.610119E0
9.509500E-1,-1.099269E2,3.229761E0
9.551208E-1,-9.578523E1,5.781231E-1
9.592917E-1,-8.098133E1,-1.653181E0
9.634625E-1,-6.316050E1,-3.954842E0
9.676333E-1,-4.357322E1,-6.213803E0
9.718042E-1,-2.354339E1,-7.944312E0
9.759750E-1,-2.464731E0,-9.632198E0
9.801458E-1,1.837231E1,-1.101994E1
9.843167E-1,3.864581E1,-1.226999E1
9.884875E-1,5.735644E1,-1.318579E1
9.926583E-1,7.550043E1,-1.416825E1
9.968292E-1,9.188955E1,-1.444259E1
1.001000E0,1.072988E2,-1.453463E1
1.005171E0,1.208598E2,-1.589084E1
1.009342E0,1.333780E2,-1.601169E1
1.013513E0,1.446641E2,-1.637495E1
1.017683E0,1.547250E2,-1.719404E1
1.021854E0,1.642800E2,-1.730441E1
1.026025E0,1.726772E2,-1.776879E1
1.030196E0,1.792936E2,-1.796271E1
1.034367E0,1.849997E2,-1.829381E1
1.038537E0,1.896256E2,-1.833895E1
1.042708E0,1.926473E2,-1.868971E1
1.046879E0,1.950609E2,-1.858157E1
1.051050E0,1.957179E2,-1.853822E1
1.055221E0,1.953381E2,-1.862548E1
1.059392E0,1.937588E2,-1.817534E1
1.063562E0,1.911949E2,-1.805271E1
1.067733E0,1.875143E2,-1.788044E1
1.071904E0,1.822343E2,-1.729989E1
1.076075E0,1.760317E2,-1.671341E1
1.080246E0,1.683330E2,-1.627965E1
1.084417E0,1.599919E2,-1.577111E1
1.088588E0,1.500465E2,-1.496038E1
1.092758E0,1.393423E2,-1.433397E1
1.096929E0,1.266644E2,-1.413144E1
1.101100E0,1.130387E2,-1.303180E1
1.105271E0,9.756530E1,-1.309385E1
1.109442E0,8.107882E1,-1.135104E1
1.113612E0,6.301270E1,-1.100694E1
1.117783E0,4.498006E1,-1.007227E1
1.121954E0,2.453620E1,-8.620755E0
1.126125E0,4.049747E0,-7.072353E0
1.130296E0,-1.681331E1,-5.808169E0
1.134467E0,-3.661463E1,-4.312266E0
1.138637E0,-5.477872E1,-3.147799E0
1.142808E0,-7.379321E1,-1.577019E0
1.146979E0,-9.116425E1,2.667779E-1
1.151150E0,-1.064898E2,1.120512E0
1.155321E0,-1.208235E2,2.778769E0
1.159492E0,-1.338548E2,4.381828E0
1.163662E0,-1.447163E2,5.148976E0
1.167833E0,-1.551936E2,6.389289E0
1.172004E0,-1.627183E2,6.370541E0
1.176175E0,-1.701276E2,6.576859E0
1.180346E0,-1.760404E2,6.698043E0
1.184517E0,-1.811968E2,6.864671E0
1.188687E0,-1.853556E2,6.744725E0
1.192858E0,-1.882590E2,6.605342E0
1.197029E0,-1.901868E2,6.409654E0
1.201200E0,-1.907190E2,6.027078E0
1.205371E0,-1.903779E2,5.776503E0
1.209542E0,-1.887378E2,5.345145E0
1.213713E0,-1.857471E2,4.899569E0
1.217883E0,-1.821857E2,4.453801E0
1.222054E0,-1.773220E2,4.017009E0
1.226225E0,-1.712748E2,2.933316E0
1.230396E0,-1.638899E2,1.539159E0
1.234567E0,-1.554899E2,9.477192E-1
1.238738E0,-1.456216E2,-8.463132E-1
1.242908E0,-1.337559E2,-2.353809E0
1.247079E0,-1.211673E2,-3.523322E0
1.251250E0,-1.071546E2,-4.952985E0
1.255421E0,-9.243148E1,-6.192898E0
1.259592E0,-7.709571E1,-7.557085E0
1.263763E0,-5.928236E1,-8.487860E0
1.267933E0,-4.044075E1,-9.957351E0
1.272104E0,-2.130696E1,-1.087152E1
1.276275E0,-8.125462E-1,-1.179213E1
1.280446E0,1.932488E1,-1.218126E1
1.284617E0,3.856311E1,-1.292296E1
1.288787E0,5.676013E1,-1.263669E1
1.292958E0,7.371830E1,-1.258736E1
1.297129E0,8.935194E1,-1.222073E1
1.301300E0,1.038518E2,-1.279197E1
1.305471E0,1.166930E2,-1.190884E1
1.309642E0,1.283678E2,-1.140716E1
1.313813E0,1.387674E2,-1.113150E1
1.317983E0,1.486036E2,-1.101146E1
1.322154E0,1.572418E2,-1.072452E1
1.326325E0,1.644993E2,-1.097733E1
1.330496E0,1.703699E2,-1.111146E1
1.334667E0,1.751797E2,-1.109490E1
1.338838E0,1.793533E2,-1.117632E1
1.343008E0,1.819933E2,-1.120948E1
1.347179E0,1.838129E2,-1.098388E1
1.351350E0,1.836867E2,-1.123280E1
1.355521E0,1.831671E2,-1.126450E1
1.359692E0,1.806753E2,-1.116175E1
1.363862E0,1.773807E2,-1.098427E1
1.368033E0,1.732261E2,-1.076279E1
1.372204E0,1.674240E2,-1.046351E1
1.376375E0,1.605516E2,-1.034382E1
1.380546E0,1.530490E2,-9.915782E0
1.384717E0,1.435903E2,-9.772154E0
1.388888E0,1.327980E2,-9.249780E0
1.393058E0,1.208513E2,-9.400516E0
1.397229E0,1.083553E2,-9.227850E0
1.401400E0,9.387320E1,-9.598620E0
1.405571E0,7.813078E1,-9.152319E0
1.409742E0,6.117670E1,-8.598961E0
1.413912E0,4.266708E1,-8.330888E0
1.418083E0,2.373009E1,-7.806474E0
1.422254E0,3.995564E0,-7.304459E0
1.426425E0,-1.576084E1,-7.095687E0
1.430596E0,-3.523755E1,-6.192001E0
1.434767E0,-5.367962E1,-5.880800E0
1.438937E0,-6.992157E1,-5.344413E0
1.443108E0,-8.571907E1,-4.801180E0
1.447279E0,-1.019750E2,-3.416681E0
1.451450E0,-1.150897E2,-2.956225E0
1.455621E0,-1.276715E2,-2.133106E0
1.459792E0,-1.391316E2,-1.311944E0
1.463963E0,-1.481550E2,-1.379903E0
1.468133E0,-1.563741E2,-1.276383E0
1.472304E0,-1.628363E2,-1.642053E0
1.476475E0,-1.681126E2,-1.412347E0
1.480646E0,-1.731029E2,-1.218061E0
1.484817E0,-1.763525E2,-1.908154E0
1.488987E0,-1.786458E2,-2.088499E0
1.493158E0,-1.796303E2,-2.474631E0
1.497329E0,-1.793523E2,-2.973204E0
1.501500E0,-1.792794E2,-3.155314E0
1.505671E0,-1.764514E2,-3.651591E0
1.509842E0,-1.735110E2,-3.798510E0
1.514012E0,-1.688767E2,-4.482861E0
1.518183E0,-1.637300E2,-4.921797E0
1.522354E0,-1.567299E2,-5.385311E0
1.526525E0,-1.484148E2,-6.064615E0
1.530696E0,-1.383926E2,-7.014032E0
1.534867E0,-1.283922E2,-7.316848E0
1.539037E0,-1.164332E2,-8.180047E0
1.543208E0,-1.030584E2,-8.985010E0
1.547379E0,-8.917897E1,-9.938638E0
1.551550E0,-7.407764E1,-1.039860E1
1.555721E0,-5.711079E1,-1.095151E1
1.559892E0,-3.981055E1,-1.140303E1
1.564062E0,-2.150009E1,-1.165418E1
1.568233E0,-1.612546E0,-1.180588E1
1.572404E0,1.764444E1,-1.158858E1
1.576575E0,3.617482E1,-1.099775E1
1.580746E0,5.356286E1,-1.051615E1
1.584917E0,7.008229E1,-9.870429E0
1.589087E0,8.464390E1,-8.936568E0
1.593258E0,9.763600E1,-8.134834E0
1.597429E0,1.102157E2,-7.540954E0
1.601600E0,1.218619E2,-6.811893E0
1.605771E0,1.317170E2,-5.758689E0
1.609942E0,1.403560E2,-4.998045E0
1.614113E0,1.484038E2,-4.745871E0
1.618283E0,1.559420E2,-4.481340E0
1.622454E0,1.608014E2,-3.782076E0
1.626625E0,1.651315E2,-3.604029E0
1.630796E0,1.686317E2,-3.564693E0
1.634967E0,1.706420E2,-3.375705E0
1.639138E0,1.717018E2,-3.502881E0
1.643308E0,1.709971E2,-3.774214E0
1.647479E0,1.693761E2,-3.773524E0
1.651650E0,1.667140E2,-4.080374E0
1.655821E0,1.624925E2,-4.733672E0
1.659992E0,1.570226E2,-4.915956E0
1.664163E0,1.507636E2,-5.485258E0
1.668333E0,1.434718E2,-6.147244E0
1.672504E0,1.350477E2,-6.490915E0
1.676675E0,1.252020E2,-7.292421E0
1.680846E0,1.152096E2,-7.583314E0
1.685017E0,1.026555E2,-8.325116E0
1.689188E0,8.969961E1,-8.658841E0
1.693358E0,7.470052E1,-8.674775E0
1.697529E0,5.753406E1,-9.541797E0
1.701700E0,4.032373E1,-9.617414E0
1.705871E0,2.201126E1,-9.587640E0
1.710042E0,3.562115E0,-9.730165E0
1.714213E0,-1.564466E1,-9.256861E0
1.718383E0,-3.299420E1,-9.045588E0
1.722554E0,-5.026146E1,-8.643168E0
1.726725E0,-6.645393E1,-8.304771E0
1.730896E0,-8.089745E1,-7.956481E0
1.735067E0,-9.624279E1,-7.274020E0
1.739237E0,-1.084719E2,-7.024657E0
1.743408E0,-1.202134E2,-6.297195E0
1.747579E0,-1.296207E2,-6.168789E0
1.751750E0,-1.394144E2,-5.362104E0
1.755921E0,-1.452204E2,-6.075409E0
1.760092E0,-1.512676E2,-6.051820E0
1.764263E0,-1.566955E2,-5.877448E0
1.768433E0,-1.612250E2,-5.309204E0
1.772604E0,-1.631885E2,-5.539411E0
1.776775E0,-1.651643E2,-5.192783E0
1.780946E0,-1.659951E2,-5.523987E0
1.785117E0,-1.655988E2,-5.406349E0
1.789288E0,-1.640931E2,-5.472175E0
1.793458E0,-1.604839E2,-6.085186E0
1.797629E0,-1.569111E2,-6.472761E0
1.801800E0,-1.516473E2,-6.617229E0
1.805971E0,-1.455491E2,-6.588318E0
1.810142E0,-1.386041E2,-6.671531E0
1.814312E0,-1.289551E2,-7.355418E0
1.818483E0,-1.192313E2,-7.592167E0
1.822654E0,-1.084016E2,-8.181855E0
1.826825E0,-9.475060E1,-8.657993E0
1.830996E0,-8.210265E1,-8.843386E0
1.835167E0,-6.755992E1,-9.068438E0
1.839338E0,-5.209047E1,-9.378113E0
1.843508E0,-3.482079E1,-1.015350E1
1.847679E0,-1.678921E1,-1.021087E1
1.851850E0,1.528066E0,-1.028813E1
1.856021E0,2.009310E1,-1.024773E1
1.860192E0,3.725535E1,-9.956411E0
1.864362E0,5.340535E1,-9.752468E0
1.868533E0,6.863219E1,-9.165591E0
1.872704E0,8.178782E1,-8.950739E0
1.876875E0,9.460615E1,-8.934329E0
1.881046E0,1.051096E2,-8.240922E0
1.885217E0,1.158016E2,-8.020666E0
1.889387E0,1.249641E2,-7.808380E0
1.893558E0,1.328513E2,-7.351351E0
1.897729E0,1.404992E2,-7.261730E0
1.901900E0,1.463406E2,-7.132695E0
1.906071E0,1.512543E2,-7.236770E0
1.910242E0,1.544760E2,-7.036515E0
1.914413E0,1.567680E2,-7.220893E0
1.918583E0,1.576136E2,-7.475702E0
1.922754E0,1.573632E2,-7.541472E0
1.926925E0,1.563962E2,-7.809457E0
1.931096E0,1.540154E2,-8.040941E0
1.935267E0,1.502173E2,-8.637046E0
1.939437E0,1.451814E2,-9.227192E0
1.943608E0,1.393458E2,-9.612355E0
1.947779E0,1.324769E2,-1.025877E1
1.951950E0,1.237040E2,-1.111155E1
1.956121E0,1.140791E2,-1.107637E1
1.960292E0,1.040343E2,-1.193212E1
1.964463E0,9.184538E1,-1.272101E1
1.968633E0,7.832920E1,-1.266383E1
1.972804E0,6.385238E1,-1.314092E1
1.976975E0,4.841426E1,-1.339066E1
1.981146E0,3.190416E1,-1.309959E1
1.985317E0,1.469273E1,-1.242311E1
1.989487E0,-3.448483E0,-1.164051E1
1.993658E0,-2.107990E1,-1.035028E1
1.997829E0,-3.734535E1,-9.100284E0
2.002000E0,-5.391604E1,-7.869774E0
2.006171E0,-6.839358E1,-6.404754E0
2.010342E0,-8.209409E1,-4.979206E0
2.014512E0,-9.492471E1,-3.555879E0
2.018683E0,-1.055078E2,-2.042470E0
2.022854E0,-1.148370E2,-1.255600E0
2.027025E0,-1.226887E2,-4.111130E-1
2.031196E0,-1.301008E2,7.878161E-1
2.035367E0,-1.367367E2,1.861645E0
2.039538E0,-1.412975E2,2.001476E0
2.043708E0,-1.454875E2,2.727868E0
2.047879E0,-1.481170E2,3.001051E0
2.052050E0,-1.501813E2,3.569403E0
2.056221E0,-1.508808E2,3.328890E0
2.060392E0,-1.503934E2,3.765354E0
2.064563E0,-1.484642E2,3.784382E0
2.068733E0,-1.461992E2,3.602366E0
2.072904E0,-1.426260E2,3.173094E0
2.077075E0,-1.371053E2,2.992002E0
2.081246E0,-1.308336E2,1.873864E0
2.085417E0,-1.232876E2,9.878545E-1
2.089587E0,-1.158971E2,3.219918E-1
2.093758E0,-1.041670E2,-9.621442E-1
2.097929E0,-9.385942E1,-2.280399E0
2.102100E0,-8.213326E1,-3.372061E0
2.106271E0,-6.913592E1,-4.398161E0
2.110442E0,-5.534548E1,-5.849521E0
2.114613E0,-3.905490E1,-7.164493E0
2.118783E0,-2.348307E1,-8.265258E0
2.122954E0,-5.678310E0,-9.871745E0
2.127125E0,1.216394E1,-1.078377E1
2.131296E0,2.828686E1,-1.206019E1
2.135467E0,4.368749E1,-1.283528E1
2.139637E0,5.867810E1,-1.333548E1
2.143808E0,7.165009E1,-1.408443E1
2.147979E0,8.332425E1,-1.462467E1
2.152150E0,9.429363E1,-1.478806E1
2.156321E0,1.040140E2,-1.486194E1
2.160492E0,1.127699E2,-1.506697E1
2.164662E0,1.203394E2,-1.529381E1
2.168833E0,1.267172E2,-1.547638E1
2.173004E0,1.324058E2,-1.603611E1
2.177175E0,1.367209E2,-1.615213E1
2.181346E0,1.398903E2,-1.632120E1
2.185517E0,1.415865E2,-1.642531E1
2.189687E0,1.423308E2,-1.658174E1
2.193858E0,1.421701E2,-1.651466E1
2.198029E0,1.403751E2,-1.629930E1
2.202200E0,1.380766E2,-1.624384E1
2.206371E0,1.338650E2,-1.580104E1
2.210542E0,1.287394E2,-1.532826E1
2.214713E0,1.227893E2,-1.471192E1
2.218883E0,1.156214E2,-1.427644E1
2.223054E0,1.071501E2,-1.345657E1
2.227225E0,9.775784E1,-1.293226E1
2.231396E0,8.730233E1,-1.209254E1
2.235567E0,7.594218E1,-1.155563E1
2.239738E0,6.276492E1,-1.106029E1
2.243908E0,4.838130E1,-9.850843E0
2.248079E0,3.239828E1,-9.033176E0
2.252250E0,1.632048E1,-8.073279E0
2.256421E0,-7.916793E-1,-7.187448E0
2.260592E0,-1.738399E1,-6.063842E0
2.264762E0,-3.319774E1,-5.222450E0
2.268933E0,-4.909064E1,-4.243076E0
2.273104E0,-6.309014E1,-3.448800E0
2.277275E0,-7.538831E1,-2.983631E0
2.281446E0,-8.715159E1,-2.440713E0
2.285617E0,-9.662157E1,-2.265264E0
2.289788E0,-1.053148E2,-1.979395E0
2.293958E0,-1.130186E2,-2.114607E0
2.298129E0,-1.199748E2,-1.798684E0
2.302300E0,-1.245365E2,-1.769500E0
2.306471E0,-1.292704E2,-1.670716E0
2.310642E0,-1.325642E2,-1.832080E0
2.314812E0,-1.349075E2,-1.820434E0
2.318983E0,-1.358901E2,-1.925684E0
2.323154E0,-1.355506E2,-2.104322E0
2.327325E0,-1.349827E2,-2.615899E0
2.331496E0,-1.326564E2,-2.968969E0
2.335667E0,-1.295398E2,-3.305901E0
2.339838E0,-1.242370E2,-4.133947E0
2.344008E0,-1.187052E2,-5.025131E0
2.348179E0,-1.125418E2,-5.614999E0
2.352350E0,-1.042250E2,-6.250462E0
2.356521E0,-9.569055E1,-7.241901E0
2.360692E0,-8.461738E1,-8.172574E0
2.364863E0,-7.382952E1,-8.613953E0
2.369033E0,-6.185414E1,-9.861018E0
2.373204E0,-4.784021E1,-1.020190E1
2.377375E0,-3.309112E1,-1.095278E1
2.381546E0,-1.765734E1,-1.170742E1
2.385717E0,-1.230099E0,-1.198695E1
2.389887E0,1.458928E1,-1.207085E1
2.394058E0,3.007292E1,-1.166704E1
2.398229E0,4.438991E1,-1.122680E1
2.402400E0,5.815493E1,-1.043998E1
2.406571E0,6.975567E1,-9.908021E0
2.410742E0,8.034947E1,-9.168310E0
2.414912E0,8.978585E1,-8.511223E0
2.419083E0,9.855238E1,-7.935578E0
2.423254E0,1.064965E2,-7.095056E0
2.427425E0,1.138603E2,-6.990397E0
2.431596E0,1.187978E2,-6.347774E0
2.435767E0,1.228560E2,-6.099395E0
2.439938E0,1.264508E2,-5.937399E0
2.444108E0,1.279262E2,-5.471540E0
2.448279E0,1.288627E2,-5.149838E0
2.452450E0,1.285375E2,-5.230443E0
2.456621E0,1.270245E2,-5.506528E0
2.460792E0,1.245518E2,-5.445568E0
2.464962E0,1.205143E2,-5.524010E0
2.469133E0,1.156161E2,-5.842425E0
2.473304E0,1.094991E2,-6.162369E0
2.477475E0,1.018901E2,-6.790565E0
2.481646E0,9.394547E1,-7.196679E0
2.485817E0,8.487088E1,-8.178601E0
2.489988E0,7.364793E1,-8.864793E0
2.494158E0,6.275800E1,-9.390951E0
2.498329E0,4.926185E1,-1.006978E1
2.502500E0,3.568161E1,-1.073370E1
2.506671E0,2.029637E1,-1.081633E1
2.510842E0,4.783237E0,-1.053144E1
2.515012E0,-1.116099E1,-1.008840E1
2.519183E0,-2.672823E1,-9.123186E0
2.523354E0,-4.051033E1,-8.598450E0
2.527525E0,-5.400183E1,-7.730467E0
2.531696E0,-6.618367E1,-6.468220E0
2.535867E0,-7.597963E1,-5.823967E0
2.540037E0,-8.433447E1,-4.774468E0
2.544208E0,-9.246120E1,-4.120019E0
2.548379E0,-1.002780E2,-3.204928E0
2.552550E0,-1.067417E2,-2.818573E0
2.556721E0,-1.115738E2,-2.301429E0
2.560892E0,-1.154174E2,-1.984717E0
2.565062E0,-1.184140E2,-1.955949E0
2.569233E0,-1.204288E2,-2.212791E0
2.573404E0,-1.210791E2,-2.011814E0
2.577575E0,-1.205942E2,-2.130945E0
2.581746E0,-1.188270E2,-2.287022E0
2.585917E0,-1.162440E2,-2.366886E0
2.590088E0,-1.125262E2,-2.380057E0
2.594258E0,-1.080130E2,-2.895610E0
2.598429E0,-1.017536E2,-3.340915E0
2.602600E0,-9.541247E1,-3.567400E0
2.606771E0,-8.710541E1,-4.078000E0
2.610942E0,-7.833985E1,-4.616915E0
2.615113E0,-6.806957E1,-5.315632E0
2.619283E0,-5.629775E1,-5.952483E0
2.623454E0,-4.389467E1,-6.799285E0
2.627625E0,-3.028683E1,-7.284213E0
2.631796E0,-1.540172E1,-8.308902E0
2.635967E0,-2.061439E-1,-8.951215E0
2.640137E0,1.460085E1,-9.912317E0
2.644308E0,2.857759E1,-1.015845E1
2.648479E0,4.177752E1,-1.067357E1
2.652650E0,5.353540E1,-1.111095E1
2.656821E0,6.425459E1,-1.123043E1
2.660992E0,7.368494E1,-1.122099E1
2.665163E0,8.214695E1,-1.156346E1
2.669333E0,9.041814E1,-1.186006E1
2.673504E0,9.686375E1,-1.164698E1
2.677675E0,1.023630E2,-1.198348E1
2.681846E0,1.069999E2,-1.237172E1
2.686017E0,1.105677E2,-1.227583E1
2.690187E0,1.128463E2,-1.219643E1
2.694358E0,1.134928E2,-1.217158E1
2.698529E0,1.134722E2,-1.232965E1
2.702700E0,1.121204E2,-1.242360E1
2.706871E0,1.099998E2,-1.239029E1
2.711042E0,1.065964E2,-1.212842E1
2.715213E0,1.017753E2,-1.216342E1
2.719383E0,9.577896E1,-1.227286E1
2.723554E0,8.885999E1,-1.231037E1
2.727725E0,8.134280E1,-1.247177E1
2.731896E0,7.147091E1,-1.248677E1
2.736067E0,6.169077E1,-1.251766E1
2.740238E0,5.036761E1,-1.265480E1
2.744408E0,3.720920E1,-1.223176E1
2.748579E0,2.367073E1,-1.172814E1
2.752750E0,9.175007E0,-1.067838E1
2.756921E0,-5.034018E0,-9.303281E0
2.761092E0,-1.976638E1,-7.712507E0
2.765262E0,-3.279214E1,-6.077372E0
2.769433E0,-4.436799E1,-4.752707E0
2.773604E0,-5.509227E1,-2.687850E0
2.777775E0,-6.464958E1,-1.203557E0
2.781946E0,-7.384578E1,-6.376909E-2
2.786117E0,-8.115291E1,1.296724E0
2.790287E0,-8.774999E1,2.055110E0
2.794458E0,-9.378374E1,3.173550E0
2.798629E0,-9.831197E1,4.051669E0
2.802800E0,-1.017528E2,4.421066E0
2.806971E0,-1.047523E2,5.163530E0
2.811142E0,-1.055082E2,5.466062E0
2.815313E0,-1.056865E2,5.541502E0
2.819483E0,-1.049015E2,5.479533E0
2.823654E0,-1.032214E2,5.199631E0
2.827825E0,-9.995911E1,4.524768E0
2.831996E0,-9.559544E1,3.880333E0
2.836167E0,-9.070690E1,3.299144E0
2.840337E0,-8.394826E1,2.240784E0
2.844508E0,-7.685457E1,1.279354E0
2.848679E0,-6.868831E1,3.939117E-1
2.852850E0,-5.911041E1,-1.269227E0
2.857021E0,-4.816053E1,-3.052346E0
2.861192E0,-3.781043E1,-4.736225E0
2.865363E0,-2.524791E1,-6.205290E0
2.869533E0,-1.133295E1,-8.009800E0
2.873704E0,2.309855E0,-9.815357E0
2.877875E0,1.594688E1,-1.134759E1
2.882046E0,2.869277E1,-1.237595E1
2.886217E0,4.037583E1,-1.303821E1
2.890387E0,5.078513E1,-1.406322E1
2.894558E0,6.012626E1,-1.488603E1
2.898729E0,6.960409E1,-1.556391E1
2.902900E0,7.684104E1,-1.600418E1
2.907071E0,8.336613E1,-1.647468E1
2.911242E0,8.820189E1,-1.673487E1
2.915412E0,9.269349E1,-1.663466E1
2.919583E0,9.576180E1,-1.667680E1
2.923754E0,9.759032E1,-1.680275E1
2.927925E0,9.851278E1,-1.662485E1
2.932096E0,9.837443E1,-1.631198E1
2.936267E0,9.726075E1,-1.624719E1
2.940437E0,9.487994E1,-1.557304E1
2.944608E0,9.138698E1,-1.538491E1
2.948779E0,8.656987E1,-1.444407E1
2.952950E0,8.123790E1,-1.400211E1
2.957121E0,7.426492E1,-1.345742E1
2.961292E0,6.658599E1,-1.261143E1
2.965463E0,5.781925E1,-1.204276E1
2.969633E0,4.790010E1,-1.119466E1
2.973804E0,3.643774E1,-1.051631E1
2.977975E0,2.409670E1,-9.636015E0
2.982146E0,1.192826E1,-8.883396E0
2.986317E0,-2.260898E0,-7.602639E0
2.990487E0,-1.568954E1,-6.776788E0
2.994658E0,-2.796247E1,-6.110846E0
2.998829E0,-3.947389E1,-5.364738E0
3.003000E0,-4.985425E1,-5.152734E0
3.007171E0,-5.951657E1,-4.464135E0
3.011342E0,-6.709347E1,-4.171556E0
3.015512E0,-7.438973E1,-4.305296E0
3.019683E0,-8.037195E1,-4.262225E0
3.023854E0,-8.560622E1,-4.360351E0
3.028025E0,-8.951861E1,-4.446128E0
3.032196E0,-9.260717E1,-4.361199E0
3.036367E0,-9.442416E1,-4.556937E0
3.040538E0,-9.528279E1,-4.448950E0
3.044708E0,-9.509686E1,-4.452308E0
3.048879E0,-9.431725E1,-4.624042E0
3.053050E0,-9.155660E1,-5.145172E0
3.057221E0,-8.824478E1,-5.236556E0
3.061392E0,-8.400279E1,-5.595027E0
3.065562E0,-7.861210E1,-5.878652E0
3.069733E0,-7.131915E1,-6.018066E0
3.073904E0,-6.380297E1,-6.603252E0
3.078075E0,-5.432539E1,-7.042846E0
3.082246E0,-4.549693E1,-7.264043E0
3.086417E0,-3.476991E1,-8.040593E0
3.090588E0,-2.271750E1,-8.606561E0
3.094758E0,-1.015894E1,-9.091707E0
3.098929E0,3.141760E0,-9.484475E0
3.103100E0,1.656582E1,-1.002330E1
3.107271E0,2.831541E1,-1.025273E1
3.111442E0,3.862554E1,-1.030093E1
3.115613E0,4.800474E1,-1.046361E1
3.119783E0,5.659918E1,-1.029015E1
3.123954E0,6.447169E1,-1.030030E1
3.128125E0,7.090950E1,-1.031981E1
3.132296E0,7.682629E1,-1.023606E1
3.136467E0,8.118109E1,-1.037619E1
3.140637E0,8.490459E1,-1.029300E1
3.144808E0,8.695231E1,-1.027403E1
3.148979E0,8.837896E1,-1.001803E1
3.153150E0,8.844907E1,-1.002262E1
3.157321E0,8.748401E1,-9.571021E0
3.161492E0,8.534776E1,-9.426307E0
3.165662E0,8.253091E1,-9.025144E0
3.169833E0,7.768128E1,-8.467633E0
3.174004E0,7.228328E1,-8.367882E0
3.178175E0,6.610377E1,-8.373265E0
3.182346E0,5.871334E1,-8.066719E0
3.186517E0,5.095799E1,-8.044158E0
3.190688E0,4.115747E1,-8.085170E0
3.194858E0,3.039894E1,-8.115234E0
3.199029E0,1.867185E1,-8.005522E0
3.203200E0,5.952743E0,-8.151142E0
3.207371E0,-6.599297E0,-8.100683E0
3.211542E0,-1.992995E1,-8.491264E0
3.215712E0,-3.145180E1,-8.710974E0
3.219883E0,-4.192429E1,-8.977754E0
3.224054E0,-5.107167E1,-9.345123E0
3.228225E0,-5.945320E1,-9.939469E0
3.232396E0,-6.609798E1,-1.061799E1
3.236567E0,-7.223112E1,-1.103823E1
3.240738E0,-7.689192E1,-1.174821E1
3.244908E0,-8.118941E1,-1.179824E1
3.249079E0,-8.397884E1,-1.229419E1
3.253250E0,-8.573612E1,-1.271176E1
3.257421E0,-8.658328E1,-1.286966E1
3.261592E0,-8.677143E1,-1.292221E1
3.265763E0,-8.511553E1,-1.305095E1
3.269933E0,-8.299700E1,-1.357052E1
3.274104E0,-7.950870E1,-1.357219E1
3.278275E0,-7.524535E1,-1.321447E1
3.282446E0,-7.029108E1,-1.326148E1
3.286617E0,-6.428578E1,-1.275288E1
3.290787E0,-5.652749E1,-1.256833E1
3.294958E0,-4.721400E1,-1.215157E1
3.299129E0,-3.808255E1,-1.179288E1
3.303300E0,-2.725027E1,-1.110933E1
3.307471E0,-1.563809E1,-1.070456E1
3.311642E0,-3.270810E0,-1.027972E1
3.315812E0,8.722175E0,-9.437254E0
3.319983E0,2.017903E1,-8.506900E0
3.324154E0,3.065888E1,-7.551446E0
3.328325E0,4.013370E1,-6.499540E0
3.332496E0,4.905623E1,-5.684607E0
3.336667E0,5.653279E1,-4.811722E0
3.340838E0,6.321136E1,-4.105301E0
3.345008E0,6.865038E1,-3.669736E0
3.349179E0,7.303156E1,-3.017551E0
3.353350E0,7.652356E1,-2.567385E0
3.357521E0,7.889221E1,-2.210013E0
3.361692E0,7.984729E1,-2.019920E0
3.365862E0,7.956782E1,-1.742257E0
3.370033E0,7.859259E1,-1.501580E0
3.374204E0,7.642069E1,-1.219612E0
3.378375E0,7.316809E1,-1.202694E0
3.382546E0,6.886365E1,-1.162821E0
3.386717E0,6.368887E1,-1.261029E0
3.390888E0,5.677747E1,-1.357174E0
3.395058E0,4.887115E1,-1.711979E0
3.399229E0,4.070849E1,-2.250947E0
3.403400E0,3.295359E1,-3.021171E0
3.407571E0,2.201028E1,-4.019218E0
3.411742E0,1.059996E1,-5.041499E0
3.415913E0,-1.146231E0,-6.021705E0
3.420083E0,-1.389554E1,-7.646784E0
3.424254E0,-2.419738E1,-9.442441E0
3.428425E0,-3.547245E1,-1.122378E1
3.432596E0,-4.402938E1,-1.310413E1
3.436767E0,-5.262072E1,-1.477572E1
3.440937E0,-5.939952E1,-1.633941E1
3.445108E0,-6.518878E1,-1.768522E1
3.449279E0,-6.957320E1,-1.914911E1
3.453450E0,-7.406232E1,-2.048411E1
3.457621E0,-7.676423E1,-2.172900E1
3.461792E0,-7.876903E1,-2.269733E1
3.465963E0,-7.926177E1,-2.328294E1
3.470133E0,-7.902490E1,-2.392386E1
3.474304E0,-7.742536E1,-2.423091E1
3.478475E0,-7.515601E1,-2.437297E1
3.482646E0,-7.227247E1,-2.445113E1
3.486817E0,-6.791708E1,-2.429518E1
3.490988E0,-6.265729E1,-2.392151E1
3.495158E0,-5.600936E1,-2.314169E1
3.499329E0,-4.834439E1,-2.211229E1
3.503500E0,-3.992353E1,-2.096905E1
3.507671E0,-3.041596E1,-1.943532E1
3.511842E0,-2.086047E1,-1.773156E1
3.516013E0,-9.060280E0,-1.561848E1
3.520183E0,2.488641E0,-1.285832E1
3.524354E0,1.303285E1,-9.522083E0
3.528525E0,2.344734E1,-6.195099E0
3.532696E0,3.325272E1,-3.040991E0
3.536867E0,4.194107E1,5.210089E-3
3.541037E0,4.854846E1,2.752585E0
3.545208E0,5.488337E1,5.494049E0
3.549379E0,5.986863E1,7.883002E0
3.553550E0,6.416038E1,9.938039E0
3.557721E0,6.722175E1,1.155535E1
3.561892E0,6.974098E1,1.299232E1
3.566063E0,7.094230E1,1.407220E1
3.570233E0,7.063665E1,1.500151E1
3.574404E0,6.962707E1,1.551626E1
3.578575E0,6.790013E1,1.566322E1
3.582746E0,6.481781E1,1.553810E1
3.586917E0,6.086472E1,1.502164E1
3.591087E0,5.602783E1,1.378642E1
3.595258E0,5.018978E1,1.262136E1
3.599429E0,4.305736E1,1.059071E1
3.603600E0,3.485295E1,8.658922E0
3.607771E0,2.712911E1,5.914982E0
3.611942E0,1.675207E1,2.847042E0
3.616113E0,6.620642E0,-1.159021E0
3.620283E0,-3.320767E0,-6.009998E0
3.624454E0,-1.376526E1,-1.098103E1
3.628625E0,-2.480719E1,-1.583027E1
3.632796E0,-3.229444E1,-2.047840E1
3.636967E0,-4.011329E1,-2.505222E1
3.641138E0,-4.649419E1,-2.917905E1
3.645308E0,-5.166748E1,-3.326932E1
3.649479E0,-5.538796E1,-3.642389E1
3.653650E0,-5.932966E1,-3.920908E1
3.657821E0,-6.240149E1,-4.189615E1
3.661992E0,-6.406115E1,-4.375448E1
3.666162E0,-6.519175E1,-4.515209E1
3.670333E0,-6.518253E1,-4.618010E1
3.674504E0,-6.440863E1,-4.671651E1
3.678675E0,-6.251752E1,-4.651574E1
3.682846E0,-5.989065E1,-4.554015E1
3.687017E0,-5.626518E1,-4.454919E1
3.691187E0,-5.191722E1,-4.252162E1
3.695358E0,-4.655736E1,-4.032313E1
3.699529E0,-4.026437E1,-3.716750E1
3.703700E0,-3.321781E1,-3.373372E1
3.707871E0,-2.623234E1,-2.936153E1
3.712042E0,-1.819285E1,-2.414435E1
3.716213E0,-7.617076E0,-1.860596E1
3.720383E0,1.551522E0,-1.217699E1
3.724554E0,1.049274E1,-5.409653E0
3.728725E0,1.744657E1,9.254852E-1
3.732896E0,2.515349E1,7.318340E0
3.737067E0,3.152774E1,1.289435E1
3.741237E0,3.738064E1,1.793015E1
3.745408E0,4.255266E1,2.222298E1
3.749579E0,4.614176E1,2.604574E1
3.753750E0,4.940400E1,2.901951E1
3.757921E0,5.223468E1,3.151553E1
3.762092E0,5.413242E1,3.315444E1
3.766263E0,5.506453E1,3.427226E1
3.770433E0,5.544223E1,3.439729E1
3.774604E0,5.466343E1,3.368038E1
3.778775E0,5.316196E1,3.219842E1
3.782946E0,5.127265E1,2.994426E1
3.787117E0,4.809674E1,2.683491E1
3.791287E0,4.447500E1,2.295281E1
3.795458E0,3.993369E1,1.851521E1
3.799629E0,3.464016E1,1.319577E1
3.803800E0,2.820814E1,7.525112E0
3.807971E0,2.133061E1,1.287853E0
3.812142E0,1.456662E1,-5.775371E0
3.816312E0,5.286706E0,-1.226788E1
3.820483E0,-3.831840E0,-1.909118E1
3.824654E0,-1.279669E1,-2.505585E1
3.828825E0,-2.080209E1,-3.025832E1
3.832996E0,-2.660616E1,-3.450778E1
3.837167E0,-3.297521E1,-3.822704E1
3.841338E0,-3.847632E1,-4.165528E1
3.845508E0,-4.317122E1,-4.423409E1
3.849679E0,-4.697771E1,-4.623992E1
3.853850E0,-4.962938E1,-4.772318E1
3.858021E0,-5.203218E1,-4.848620E1
3.862192E0,-5.337132E1,-4.839566E1
3.866363E0,-5.451277E1,-4.812234E1
3.870533E0,-5.424996E1,-4.719860E1
3.874704E0,-5.350103E1,-4.557401E1
3.878875E0,-5.170205E1,-4.360268E1
3.883046E0,-4.911042E1,-4.067196E1
3.887217E0,-4.593977E1,-3.718211E1
3.891388E0,-4.119239E1,-3.351654E1
3.895558E0,-3.553098E1,-2.870417E1
3.899729E0,-3.006584E1,-2.427480E1
3.903900E0,-2.335406E1,-1.919735E1
3.908071E0,-1.724967E1,-1.412978E1
3.912242E0,-6.328211E0,-8.584708E0
3.916412E0,3.106386E0,-3.417313E0
3.920583E0,1.226480E1,8.837807E-1
3.924754E0,2.131736E1,4.715341E0
3.928925E0,2.930306E1,7.682315E0
3.933096E0,3.689499E1,1.020092E1
3.937267E0,4.298653E1,1.235792E1
3.941438E0,4.808677E1,1.371287E1
3.945608E0,5.232259E1,1.461231E1
3.949779E0,5.574033E1,1.483850E1
3.953950E0,5.814908E1,1.473299E1
3.958121E0,5.965460E1,1.443996E1
3.962292E0,6.016226E1,1.363588E1
3.966463E0,5.969106E1,1.258461E1
3.970633E0,5.814466E1,1.088541E1
3.974804E0,5.569612E1,9.044362E0
3.978975E0,5.196269E1,6.942099E0
3.983146E0,4.793463E1,4.590180E0
3.987317E0,4.248928E1,2.152862E0
3.991488E0,3.603290E1,-3.520985E-1
3.995658E0,2.799760E1,-3.092808E0
3.999829E0,2.007552E1,-5.688571E0
4.004000E0,1.023700E1,-8.885535E0
4.008171E0,-6.559286E-1,-1.135427E1
4.012342E0,-1.102860E1,-1.337326E1
4.016513E0,-1.906709E1,-1.525445E1
4.020683E0,-2.822794E1,-1.706570E1
4.024854E0,-3.548951E1,-1.810896E1
4.029025E0,-4.172037E1,-1.929072E1
4.033196E0,-4.763172E1,-2.049534E1
4.037367E0,-5.182095E1,-2.101565E1
4.041537E0,-5.545207E1,-2.154062E1
4.045708E0,-5.812454E1,-2.196104E1
4.049879E0,-5.963435E1,-2.238050E1
4.054050E0,-6.011408E1,-2.227342E1
4.058221E0,-5.964015E1,-2.244806E1
4.062392E0,-5.825165E1,-2.216992E1
4.066562E0,-5.553440E1,-2.207666E1
4.070733E0,-5.174840E1,-2.148472E1
4.074904E0,-4.710010E1,-2.104412E1
4.079075E0,-4.175254E1,-2.042246E1
4.083246E0,-3.583964E1,-1.924999E1
4.087417E0,-2.863328E1,-1.814096E1
4.091588E0,-1.984147E1,-1.701904E1
4.095758E0,-9.985104E0,-1.529125E1
4.099929E0,-4.384405E-1,-1.332609E1
4.104100E0,9.519229E0,-1.064960E1
4.108271E0,1.809202E1,-7.990617E0
4.112442E0,2.630639E1,-5.339300E0
4.116613E0,3.266067E1,-3.014207E0
4.120783E0,3.838143E1,-5.835157E-1
4.124954E0,4.368264E1,1.367272E0
4.129125E0,4.741337E1,3.309466E0
4.133296E0,5.063219E1,4.856834E0
4.137467E0,5.304851E1,5.934557E0
4.141637E0,5.391650E1,6.848339E0
4.145808E0,5.365095E1,7.612847E0
4.149979E0,5.281668E1,7.937878E0
4.154150E0,5.099464E1,7.870360E0
4.158321E0,4.795252E1,7.661401E0
4.162492E0,4.403978E1,7.282715E0
4.166663E0,3.927955E1,6.631483E0
4.170833E0,3.351907E1,5.728269E0
4.175004E0,2.637557E1,4.153293E0
4.179175E0,1.793972E1,2.257722E0
4.183346E0,1.036396E1,-3.123172E-1
4.187517E0,1.346488E0,-3.269206E0
4.191687E0,-7.743863E0,-7.086821E0
4.195858E0,-1.650858E1,-1.116601E1
4.200029E0,-2.414274E1,-1.495464E1
4.204200E0,-3.048171E1,-1.843984E1
4.208371E0,-3.604441E1,-2.191009E1
4.212542E0,-3.988749E1,-2.499109E1
4.216712E0,-4.370448E1,-2.770343E1
4.220883E0,-4.632274E1,-3.002908E1
4.225054E0,-4.802234E1,-3.218054E1
4.229225E0,-4.921118E1,-3.379817E1
4.233396E0,-4.916401E1,-3.501752E1
4.237567E0,-4.828638E1,-3.574345E1
4.241738E0,-4.699040E1,-3.573943E1
4.245908E0,-4.411655E1,-3.534071E1
4.250079E0,-4.100405E1,-3.451389E1
4.254250E0,-3.630725E1,-3.309151E1
4.258421E0,-3.096958E1,-3.131962E1
4.262592E0,-2.459098E1,-2.861328E1
4.266762E0,-1.844491E1,-2.555700E1
4.270933E0,-1.189170E1,-2.131761E1
4.275104E0,-4.180829E0,-1.669716E1
4.279275E0,3.623093E0,-1.142127E1
4.283446E0,9.763828E0,-5.801353E0
4.287617E0,1.656745E1,-3.157151E-1
4.291788E0,2.169713E1,4.916562E0
4.295958E0,2.683792E1,9.437530E0
4.300129E0,3.060959E1,1.385213E1
4.304300E0,3.323368E1,1.705098E1
4.308471E0,3.548503E1,1.996448E1
4.312642E0,3.733903E1,2.197017E1
4.316813E0,3.791706E1,2.337500E1
4.320983E0,3.773324E1,2.432343E1
4.325154E0,3.684869E1,2.442763E1
4.329325E0,3.517764E1,2.334570E1
4.333496E0,3.309557E1,2.177598E1
4.337667E0,3.029269E1,1.916277E1
4.341837E0,2.691365E1,1.593671E1
4.346008E0,2.251181E1,1.175519E1
4.350179E0,1.732875E1,6.708093E0
4.354350E0,1.181053E1,1.251802E0
4.358521E0,5.930257E0,-4.961302E0
4.362692E0,-7.737115E-1,-1.158605E1
4.366862E0,-7.981910E0,-1.780859E1
4.371033E0,-1.418260E1,-2.323091E1
4.375204E0,-1.950392E1,-2.826252E1
4.379375E0,-2.405364E1,-3.267620E1
4.383546E0,-2.790017E1,-3.611911E1
4.387717E0,-3.117291E1,-3.929241E1
4.391888E0,-3.371154E1,-4.178941E1
4.396058E0,-3.528268E1,-4.317944E1
4.400229E0,-3.632363E1,-4.437349E1
4.404400E0,-3.656769E1,-4.469798E1
4.408571E0,-3.627434E1,-4.419753E1
4.412742E0,-3.549397E1,-4.326424E1
4.416913E0,-3.377399E1,-4.145142E1
4.421083E0,-3.147685E1,-3.909985E1
4.425254E0,-2.842226E1,-3.603578E1
4.429425E0,-2.493070E1,-3.220312E1
4.433596E0,-2.066920E1,-2.792677E1
4.437767E0,-1.494510E1,-2.273962E1
4.441937E0,-8.673313E0,-1.678444E1
4.446108E0,-1.509737E0,-1.053842E1
4.450279E0,3.564160E0,-4.408206E0
4.454450E0,1.131779E1,1.621685E0
4.458621E0,1.646138E1,6.484191E0
4.462792E0,2.008201E1,1.100675E1
4.466962E0,2.499316E1,1.469148E1
4.471133E0,2.888285E1,1.769289E1
4.475304E0,3.110505E1,1.996408E1
4.479475E0,3.318878E1,2.155986E1
4.483646E0,3.466528E1,2.235605E1
4.487817E0,3.509466E1,2.263995E1
4.491988E0,3.523744E1,2.184901E1
4.496158E0,3.447786E1,2.032503E1
4.500329E0,3.264466E1,1.827637E1
4.504500E0,2.993141E1,1.536140E1
4.508671E0,2.654687E1,1.161692E1
4.512842E0,2.292171E1,7.346249E0
4.517012E0,1.869824E1,2.122180E0
4.521183E0,1.359510E1,-3.162507E0
4.525354E0,7.602775E0,-9.252398E0
4.529525E0,4.396413E-1,-1.524575E1
4.533696E0,-5.685581E0,-2.041091E1
4.537867E0,-1.250188E1,-2.516426E1
4.542038E0,-1.786558E1,-2.912549E1
4.546208E0,-2.205856E1,-3.251165E1
4.550379E0,-2.708108E1,-3.514234E1
4.554550E0,-3.045034E1,-3.721873E1
4.558721E0,-3.282042E1,-3.855851E1
4.562892E0,-3.459250E1,-3.946456E1
4.567062E0,-3.542989E1,-3.968469E1
4.571233E0,-3.562847E1,-3.915486E1
4.575404E0,-3.543797E1,-3.822178E1
4.579575E0,-3.409210E1,-3.674916E1
4.583746E0,-3.230212E1,-3.415310E1
4.587917E0,-3.006161E1,-3.118029E1
4.592087E0,-2.640174E1,-2.781855E1
4.596258E0,-2.239052E1,-2.390875E1
4.600429E0,-1.791143E1,-1.921652E1
4.604600E0,-1.196458E1,-1.453651E1
4.608771E0,-4.902063E0,-9.218521E0
4.612942E0,2.768967E0,-4.484208E0
4.617113E0,9.236712E0,-1.982938E-1
4.621283E0,1.600918E1,3.650511E0
4.625454E0,2.151293E1,6.480748E0
4.629625E0,2.577936E1,8.715192E0
4.633796E0,2.977056E1,1.081304E1
4.637967E0,3.276975E1,1.198618E1
4.642137E0,3.512519E1,1.266967E1
4.646308E0,3.692947E1,1.271187E1
4.650479E0,3.724123E1,1.228916E1
4.654650E0,3.729302E1,1.132300E1
4.658821E0,3.617427E1,9.806443E0
4.662992E0,3.414012E1,7.559525E0
4.667163E0,3.147808E1,4.985925E0
4.671333E0,2.809116E1,1.834575E0
4.675504E0,2.417661E1,-1.834424E0
4.679675E0,1.898127E1,-5.494920E0
4.683846E0,1.321057E1,-9.361359E0
4.688017E0,6.177509E0,-1.344736E1
4.692188E0,-1.880003E0,-1.708559E1
4.696358E0,-9.482558E0,-2.012315E1
4.700529E0,-1.594781E1,-2.227699E1
4.704700E0,-2.102456E1,-2.420294E1
4.708871E0,-2.565939E1,-2.571529E1
4.713042E0,-2.970527E1,-2.657753E1
4.717212E0,-3.272655E1,-2.730400E1
4.721383E0,-3.470070E1,-2.743197E1
4.725554E0,-3.621167E1,-2.747965E1
4.729725E0,-3.682078E1,-2.705651E1
4.733896E0,-3.658046E1,-2.633425E1
4.738067E0,-3.520071E1,-2.536582E1
4.742237E0,-3.292777E1,-2.404936E1
4.746408E0,-2.983516E1,-2.222293E1
4.750579E0,-2.542455E1,-2.047166E1
4.754750E0,-2.063340E1,-1.820669E1
4.758921E0,-1.496787E1,-1.602022E1
4.763092E0,-7.778605E0,-1.351609E1
4.767263E0,-4.605952E-1,-1.132364E1
4.771433E0,7.797344E0,-8.736686E0
4.775604E0,1.406320E1,-6.238454E0
4.779775E0,2.064556E1,-4.202823E0
4.783946E0,2.596786E1,-2.172164E0
4.788117E0,2.999078E1,-1.010286E0
4.792288E0,3.334809E1,3.066376E-2
4.796458E0,3.622702E1,8.951791E-1
4.800629E0,3.825339E1,1.416185E0
4.804800E0,3.847482E1,1.745965E0
4.808971E0,3.833660E1,1.640421E0
4.813142E0,3.710000E1,1.397850E0
4.817312E0,3.467562E1,9.970407E-1
4.821483E0,3.150453E1,3.436186E-1
4.825654E0,2.731714E1,-4.566080E-1
4.829825E0,2.183358E1,-1.716445E0
4.833996E0,1.597715E1,-3.197341E0
4.838167E0,9.203483E0,-4.969528E0
4.842337E0,1.913801E0,-7.095856E0
4.846508E0,-5.309487E0,-9.371306E0
4.850679E0,-1.173186E1,-1.148189E1
4.854850E0,-1.773237E1,-1.366338E1
4.859021E0,-2.283654E1,-1.556869E1
4.863192E0,-2.709153E1,-1.741842E1
4.867363E0,-3.074373E1,-1.888390E1
4.871533E0,-3.285611E1,-2.017039E1
4.875704E0,-3.416813E1,-2.129478E1
4.879875E0,-3.438192E1,-2.218786E1
4.884046E0,-3.422092E1,-2.290393E1
4.888217E0,-3.281881E1,-2.320686E1
4.892387E0,-3.003030E1,-2.342901E1
4.896558E0,-2.683821E1,-2.334078E1
4.900729E0,-2.264956E1,-2.283011E1
4.904900E0,-1.793081E1,-2.194433E1
4.909071E0,-1.189863E1,-2.056989E1
4.913242E0,-5.986429E0,-1.860365E1
4.917413E0,8.222252E-1,-1.622782E1
4.921583E0,7.445405E0,-1.304918E1
4.925754E0,1.321170E1,-9.668377E0
4.929925E0,1.827683E1,-6.197678E0
4.934096E0,2.229184E1,-3.116869E0
4.938267E0,2.557150E1,-5.563888E-2
4.942437E0,2.827400E1,2.469687E0
4.946608E0,2.978970E1,4.640205E0
4.950779E0,3.026784E1,5.974373E0
4.954950E0,3.018287E1,6.963987E0
4.959121E0,2.915397E1,7.523071E0
4.963292E0,2.709998E1,7.400389E0
4.967462E0,2.477464E1,6.860105E0
4.971633E0,2.129636E1,5.535618E0
4.975804E0,1.742342E1,3.633796E0
4.979975E0,1.252930E1,1.315107E0
4.984146E0,7.167685E0,-2.022564E0
4.988317E0,6.251039E-1,-5.973651E0
4.992488E0,-5.119613E0,-1.016049E1
4.996658E0,-1.031620E1,-1.448274E1
5.000829E0,-1.474814E1,-1.834308E1
5.005000E0,-1.889275E1,-2.206851E1
5.009171E0,-2.141605E1,-2.532588E1
5.013342E0,-2.380485E1,-2.803735E1
5.017512E0,-2.486552E1,-2.995056E1
5.021683E0,-2.592280E1,-3.133741E1
5.025854E0,-2.542204E1,-3.227985E1
5.030025E0,-2.467364E1,-3.247986E1
5.034196E0,-2.333096E1,-3.183722E1
5.038367E0,-2.074040E1,-3.048242E1
5.042538E0,-1.794672E1,-2.870648E1
5.046708E0,-1.447693E1,-2.629881E1
5.050879E0,-1.069676E1,-2.342464E1
5.055050E0,-6.097122E0,-1.958293E1
5.059221E0,-1.949562E0,-1.493010E1
5.063392E0,3.229955E0,-1.002877E1
5.067563E0,8.560207E0,-4.595113E0
5.071733E0,1.184881E1,-4.734229E-2
5.075904E0,1.540160E1,4.306226E0
5.080075E0,1.744609E1,7.905451E0
5.084246E0,1.925217E1,1.072609E1
5.088417E0,2.016920E1,1.289327E1
5.092587E0,2.062114E1,1.401222E1
5.096758E0,2.027822E1,1.475119E1
5.100929E0,1.948449E1,1.455924E1
5.105100E0,1.817721E1,1.354402E1
5.109271E0,1.637880E1,1.171489E1
5.113442E0,1.344656E1,9.058575E0
5.117612E0,1.016901E1,5.624364E0
5.121783E0,6.787466E0,1.410466E0
5.125954E0,2.299356E0,-3.420698E0
5.130125E0,-2.536033E0,-9.033164E0
5.134296E0,-5.768804E0,-1.453953E1
5.138467E0,-9.202212E0,-1.987512E1
5.142638E0,-1.149124E1,-2.468044E1
5.146808E0,-1.381032E1,-2.833378E1
5.150979E0,-1.544491E1,-3.188506E1
5.155150E0,-1.613391E1,-3.428340E1
5.159321E0,-1.676175E1,-3.609357E1
5.163492E0,-1.671508E1,-3.714109E1
5.167663E0,-1.611483E1,-3.720357E1
5.171833E0,-1.536124E1,-3.692495E1
5.176004E0,-1.389073E1,-3.516375E1
5.180175E0,-1.174781E1,-3.278954E1
5.184346E0,-9.725636E0,-2.965021E1
5.188517E0,-7.340599E0,-2.537189E1
5.192687E0,-4.166022E0,-2.060975E1
5.196858E0,-1.856176E0,-1.489062E1
5.201029E0,1.611151E0,-8.574330E0
5.205200E0,4.359121E0,-2.332953E0
5.209371E0,5.993652E0,3.369508E0
5.213542E0,8.229552E0,8.111794E0
5.217712E0,9.101002E0,1.209235E1
5.221883E0,9.886946E0,1.521474E1
5.226054E0,1.048323E1,1.766936E1
5.230225E0,1.020936E1,1.869438E1
5.234396E0,9.999006E0,1.889537E1
5.238567E0,9.068722E0,1.837230E1
5.242738E0,8.281875E0,1.689889E1
5.246908E0,6.775271E0,1.447495E1
5.251079E0,5.086813E0,1.105953E1
5.255250E0,3.559176E0,6.777304E0
5.259421E0,9.750748E-1,1.446793E0
5.263592E0,-1.098897E0,-4.421180E0
5.267762E0,-3.216099E0,-1.102074E1
5.271933E0,-4.283721E0,-1.733282E1
5.276104E0,-5.188125E0,-2.305426E1
5.280275E0,-5.780636E0,-2.800642E1
5.284446E0,-6.040525E0,-3.202198E1
5.288617E0,-5.970158E0,-3.537094E1
5.292788E0,-5.898506E0,-3.721852E1
5.296958E0,-5.801455E0,-3.841229E1
5.301129E0,-5.491426E0,-3.864898E1
5.305300E0,-5.230522E0,-3.778188E1
5.309471E0,-5.041474E0,-3.588789E1
5.313642E0,-4.534363E0,-3.308981E1
5.317812E0,-3.799924E0,-2.959191E1
5.321983E0,-3.410903E0,-2.498826E1
5.326154E0,-2.825168E0,-1.956018E1
5.330325E0,-1.852865E0,-1.335991E1
5.334496E0,-8.478996E-1,-6.873350E0
5.338667E0,4.163636E-1,-5.532428E-1
5.342837E0,1.759428E0,4.854000E0
5.347008E0,2.653357E0,9.264870E0
5.351179E0,3.545764E0,1.287188E1
5.355350E0,4.259198E0,1.556702E1
5.359521E0,4.874222E0,1.710747E1
5.363692E0,5.038966E0,1.798149E1
5.367863E0,5.194710E0,1.763763E1
5.372033E0,4.983437E0,1.656296E1
5.376204E0,4.938886E0,1.452780E1
5.380375E0,4.141888E0,1.132818E1
5.384546E0,3.589987E0,7.364618E0
5.388717E0,2.515224E0,2.515740E0
5.392887E0,9.544842E-1,-3.226026E0
5.397058E0,-1.420764E-1,-9.580173E0
5.401229E0,-1.930611E0,-1.583782E1
5.405400E0,-3.333360E0,-2.122547E1
5.409571E0,-4.673591E0,-2.592453E1
5.413742E0,-6.008754E0,-2.960768E1
5.417913E0,-6.719958E0,-3.245724E1
5.422083E0,-7.304051E0,-3.440277E1
5.426254E0,-8.033399E0,-3.541599E1
5.430425E0,-8.510777E0,-3.546951E1
5.434596E0,-8.620709E0,-3.484673E1
5.438767E0,-8.463423E0,-3.270254E1
5.442938E0,-8.422102E0,-3.013238E1
5.447108E0,-7.961732E0,-2.671623E1
5.451279E0,-6.996005E0,-2.237389E1
5.455450E0,-5.578684E0,-1.739221E1
5.459621E0,-3.846901E0,-1.178462E1
5.463792E0,-1.052094E0,-6.046520E0
5.467962E0,1.868340E0,-5.959621E-1
5.472133E0,4.368120E0,3.761401E0
5.476304E0,6.720096E0,7.368873E0
5.480475E0,8.713507E0,1.050161E1
5.484646E0,9.729384E0,1.260277E1
5.488817E0,1.096644E1,1.375431E1
5.492987E0,1.166444E1,1.405925E1
5.497158E0,1.156169E1,1.341911E1
5.501329E0,1.111580E1,1.207489E1
5.505500E0,1.039747E1,9.968137E0
5.509671E0,9.018067E0,6.942986E0
5.513842E0,7.259808E0,3.190876E0
5.518013E0,4.918851E0,-1.142335E0
5.522183E0,1.492851E0,-6.426884E0
5.526354E0,-1.926310E0,-1.189368E1
5.530525E0,-4.932640E0,-1.700951E1
5.534696E0,-6.970617E0,-2.133919E1
5.538867E0,-9.015662E0,-2.499273E1
5.543038E0,-1.059391E1,-2.804710E1
5.547208E0,-1.171063E1,-3.020244E1
5.551379E0,-1.236643E1,-3.173235E1
5.555550E0,-1.298984E1,-3.215310E1
5.559721E0,-1.265386E1,-3.207375E1
5.563892E0,-1.237860E1,-3.108869E1
5.568062E0,-1.082671E1,-2.941565E1
5.572233E0,-9.024472E0,-2.671863E1
5.576404E0,-7.330795E0,-2.314083E1
5.580575E0,-4.916890E0,-1.925844E1
5.584746E0,-1.938201E0,-1.435267E1
5.588917E0,5.866986E-1,-9.196152E0
5.593087E0,3.860949E0,-4.156837E0
5.597258E0,5.737765E0,6.851826E-1
5.601429E0,7.488049E0,4.730701E0
5.605600E0,8.667845E0,7.834472E0
5.609771E0,9.648105E0,1.031029E1
5.613942E0,9.947483E0,1.189563E1
5.618113E0,1.000695E1,1.255160E1
5.622283E0,9.730340E0,1.253210E1
5.626454E0,8.814828E0,1.147870E1
5.630625E0,7.173241E0,9.519529E0
5.634796E0,5.498331E0,6.763121E0
5.638967E0,3.416912E0,3.287671E0
5.643137E0,1.007990E0,-1.097727E0
5.647308E0,-1.153853E0,-6.497055E0
5.651479E0,-3.303663E0,-1.203394E1
5.655650E0,-5.324779E0,-1.761556E1
5.659821E0,-6.300516E0,-2.209429E1
5.663992E0,-6.903596E0,-2.622314E1
5.668163E0,-7.192852E0,-2.926120E1
5.672333E0,-7.450986E0,-3.139446E1
5.676504E0,-7.524384E0,-3.261816E1
5.680675E0,-7.353978E0,-3.290463E1
5.684846E0,-7.159878E0,-3.217031E1
5.689017E0,-7.065927E0,-3.074669E1
5.693187E0,-6.315218E0,-2.826047E1
5.697358E0,-5.251804E0,-2.497389E1
5.701529E0,-4.632381E0,-2.096971E1
5.705700E0,-3.367250E0,-1.610314E1
5.709871E0,-1.740197E0,-1.040753E1
5.714042E0,-4.439490E-1,-4.869609E0
5.718212E0,1.487218E0,2.157534E-1
5.722383E0,3.313177E0,4.590581E0
5.726554E0,4.498488E0,7.981361E0
5.730725E0,5.322579E0,1.045505E1
5.734896E0,5.495476E0,1.216825E1
5.739067E0,6.222209E0,1.275248E1
5.743238E0,6.002117E0,1.251711E1
5.747408E0,5.681982E0,1.138215E1
5.751579E0,4.748356E0,9.338272E0
5.755750E0,3.766585E0,6.596168E0
5.759921E0,2.323585E0,2.808477E0
5.764092E0,2.352640E-1,-1.655206E0
5.768262E0,-1.342334E0,-6.993284E0
5.772433E0,-3.374019E0,-1.252881E1
5.776604E0,-5.001437E0,-1.764959E1
5.780775E0,-6.308695E0,-2.166711E1
5.784946E0,-6.826187E0,-2.544325E1
5.789117E0,-7.883344E0,-2.783284E1
5.793287E0,-7.985066E0,-2.943369E1
5.797458E0,-8.499881E0,-2.974436E1
5.801629E0,-8.990328E0,-2.983101E1
5.805800E0,-8.617825E0,-2.863651E1
5.809971E0,-8.543718E0,-2.647554E1
5.814142E0,-8.447900E0,-2.379091E1
5.818313E0,-7.447274E0,-2.013207E1
5.822483E0,-6.140651E0,-1.596571E1
5.826654E0,-4.728489E0,-1.110576E1
5.830825E0,-2.623704E0,-6.001555E0
5.834996E0,-2.714999E-1,-1.136053E0
5.839167E0,1.504428E0,3.344332E0
5.843337E0,3.420778E0,6.575859E0
5.847508E0,4.569701E0,9.722323E0
5.851679E0,5.718869E0,1.169422E1
5.855850E0,6.192919E0,1.222385E1
5.860021E0,6.271437E0,1.231537E1
5.864192E0,6.154137E0,1.142844E1
5.868362E0,4.997299E0,1.008471E1
5.872533E0,3.369427E0,8.183810E0
5.876704E0,2.267561E0,4.615663E0
5.880875E0,-1.050791E-1,7.295852E-1
5.885046E0,-3.216893E0,-3.525531E0
5.889217E0,-5.769017E0,-8.839866E0
5.893388E0,-7.319577E0,-1.318408E1
5.897558E0,-9.261139E0,-1.706349E1
5.901729E0,-1.043494E1,-2.053172E1
5.905900E0,-1.174797E1,-2.251360E1
5.910071E0,-1.209337E1,-2.397887E1
5.914242E0,-1.251721E1,-2.526264E1
5.918413E0,-1.242061E1,-2.512098E1
5.922583E0,-1.261813E1,-2.378754E1
5.926754E0,-1.158004E1,-2.226031E1
5.930925E0,-1.068121E1,-1.961729E1
5.935096E0,-9.764142E0,-1.582802E1
5.939267E0,-7.506610E0,-1.193309E1
5.943437E0,-5.484668E0,-7.330115E0
5.947608E0,-3.355863E0,-2.141896E0
5.951779E0,-1.494072E0,2.695077E0
5.955950E0,8.119182E-2,6.391767E0
5.960121E0,1.386219E0,9.832221E0
5.964292E0,2.445888E0,1.199777E1
5.968462E0,2.440248E0,1.371895E1
5.972633E0,2.214254E0,1.413460E1
5.976804E0,2.368600E0,1.400404E1
5.980975E0,1.381056E0,1.284978E1
5.985146E0,2.385506E-1,1.111049E1
5.989317E0,-1.013941E0,8.086661E0
5.993488E0,-2.631719E0,4.597465E0
5.997658E0,-4.424331E0,1.935427E-1
6.001829E0,-6.389155E0,-4.676706E0
6.006000E0,-8.041526E0,-9.651436E0
6.010171E0,-8.618445E0,-1.350058E1
6.014342E0,-9.612726E0,-1.681433E1
6.018512E0,-1.008041E1,-1.908362E1
6.022683E0,-1.059487E1,-2.133773E1
6.026854E0,-1.075508E1,-2.266510E1
6.031025E0,-1.080783E1,-2.255788E1
6.035196E0,-1.060442E1,-2.149729E1
6.039367E0,-1.021013E1,-1.928568E1
6.043538E0,-9.384798E0,-1.707343E1
6.047708E0,-9.103057E0,-1.324569E1
6.051879E0,-8.164795E0,-9.206055E0
6.056050E0,-7.360340E0,-4.328233E0
6.060221E0,-5.495650E0,6.205402E-1
6.064392E0,-3.780626E0,4.726216E0
6.068562E0,-2.115076E0,8.911226E0
6.072733E0,-9.419822E-1,1.124583E1
6.076904E0,-2.980352E-1,1.370209E1
6.081075E0,3.812411E-1,1.469474E1
6.085246E0,7.471971E-1,1.484614E1
6.089417E0,2.160699E-1,1.435362E1
6.093587E0,-1.551712E-1,1.302755E1
6.097758E0,-1.228467E0,1.069238E1
6.101929E0,-2.626461E0,7.302589E0
6.106100E0,-4.273717E0,3.776662E0
6.110271E0,-5.772168E0,-1.370596E0
6.114442E0,-7.700278E0,-6.417485E0
6.118613E0,-9.234406E0,-1.057682E1
6.122783E0,-1.014254E1,-1.354131E1
6.126954E0,-1.131174E1,-1.660230E1
6.131125E0,-1.182642E1,-1.863957E1
6.135296E0,-1.223155E1,-1.947958E1
6.139467E0,-1.250892E1,-1.975677E1
6.143637E0,-1.238118E1,-1.907661E1
6.147808E0,-1.185175E1,-1.814992E1
6.151979E0,-1.149691E1,-1.570688E1
6.156150E0,-1.048281E1,-1.231444E1
6.160321E0,-9.715447E0,-8.831246E0
6.164492E0,-7.982605E0,-4.396615E0
6.168662E0,-6.083923E0,7.788867E-1
6.172833E0,-3.975660E0,4.394868E0
6.177004E0,-2.470987E0,8.092867E0
6.181175E0,-1.363065E0,1.107765E1
6.185346E0,-6.802100E-1,1.334286E1
6.189517E0,-2.546214E-1,1.464060E1
6.193688E0,-2.077301E-1,1.509542E1
6.197858E0,-3.405371E-1,1.402353E1
6.202029E0,-1.241902E0,1.287326E1
6.206200E0,-2.480968E0,1.045004E1
6.210371E0,-3.944700E0,6.686324E0
6.214542E0,-5.665808E0,3.238853E0
6.218712E0,-7.529926E0,-1.061613E0
6.222883E0,-9.156127E0,-5.430591E0
6.227054E0,-1.042261E1,-9.775006E0
6.231225E0,-1.111869E1,-1.255684E1
6.235396E0,-1.201629E1,-1.547802E1
6.239567E0,-1.232943E1,-1.668937E1
6.243737E0,-1.253562E1,-1.746970E1
6.247908E0,-1.248921E1,-1.718320E1
6.252079E0,-1.227902E1,-1.634139E1
6.256250E0,-1.191510E1,-1.449633E1
6.260421E0,-1.101989E1,-1.188455E1
6.264592E0,-9.759839E0,-8.627324E0
6.268763E0,-8.626270E0,-4.247479E0
6.272933E0,-6.970722E0,-5.847112E-1
6.277104E0,-5.331994E0,4.282058E0
6.281275E0,-3.858355E0,7.849979E0
6.285446E0,-3.003952E0,1.081184E1
6.289617E0,-2.039863E0,1.257248E1
6.293788E0,-1.453676E0,1.415120E1
6.297958E0,-1.462610E0,1.447761E1
6.302129E0,-1.799067E0,1.406362E1
6.306300E0,-2.305648E0,1.269027E1
6.310471E0,-3.295794E0,1.050266E1
6.314642E0,-4.638537E0,7.280951E0
6.318812E0,-6.138007E0,3.456188E0
6.322983E0,-7.731841E0,-5.922436E-1
6.327154E0,-8.891587E0,-4.885244E0
6.331325E0,-9.749261E0,-8.690527E0
6.335496E0,-1.034469E1,-1.168245E1
6.339667E0,-1.091001E1,-1.374392E1
6.343837E0,-1.116169E1,-1.548196E1
6.348008E0,-1.150581E1,-1.560009E1
6.352179E0,-1.146121E1,-1.536182E1
6.356350E0,-1.128320E1,-1.411998E1
6.360521E0,-1.108278E1,-1.219401E1
6.364692E0,-1.065688E1,-9.418440E0
6.368863E0,-9.775011E0,-5.602422E0
6.373033E0,-8.417099E0,-1.473232E0
6.377204E0,-7.080541E0,2.422869E0
6.381375E0,-5.750959E0,6.766605E0
6.385546E0,-4.559302E0,9.459608E0
6.389717E0,-3.501206E0,1.206668E1
6.393887E0,-2.843308E0,1.336197E1
6.398058E0,-2.452171E0,1.411662E1
6.402229E0,-2.500519E0,1.401088E1
6.406400E0,-3.137872E0,1.251284E1
6.410571E0,-3.851456E0,1.071489E1
6.414742E0,-5.088018E0,8.204363E0
6.418913E0,-6.423336E0,4.753777E0
6.423083E0,-8.066241E0,5.037024E-1
6.427254E0,-9.594709E0,-3.959609E0
6.431425E0,-1.053301E1,-7.533767E0
6.435596E0,-1.142806E1,-1.038982E1
6.439767E0,-1.200320E1,-1.272085E1
6.443937E0,-1.221579E1,-1.369669E1
6.448108E0,-1.247032E1,-1.392956E1
6.452279E0,-1.236907E1,-1.387006E1
6.456450E0,-1.215272E1,-1.262189E1
6.460621E0,-1.185441E1,-1.064424E1
6.464792E0,-1.106198E1,-7.709707E0
6.468963E0,-1.010794E1,-4.421033E0
6.473133E0,-8.884405E0,-2.293893E-1
6.477304E0,-7.549284E0,3.800455E0
6.481475E0,-6.173368E0,7.288474E0
6.485646E0,-5.301478E0,1.006978E1
6.489817E0,-4.655347E0,1.195431E1
6.493988E0,-4.391735E0,1.306168E1
6.498158E0,-4.279296E0,1.315141E1
6.502329E0,-4.666415E0,1.294639E1
6.506500E0,-5.241696E0,1.133478E1
6.510671E0,-6.243040E0,9.086316E0
6.514842E0,-7.537434E0,6.068857E0
6.519012E0,-8.899574E0,2.510424E0
6.523183E0,-1.001710E1,-1.047401E0
6.527354E0,-1.097965E1,-4.716158E0
6.531525E0,-1.147380E1,-8.187484E0
6.535696E0,-1.197528E1,-1.034580E1
6.539867E0,-1.219391E1,-1.222500E1
6.544037E0,-1.242585E1,-1.272398E1
6.548208E0,-1.237204E1,-1.251157E1
6.552379E0,-1.233993E1,-1.128436E1
6.556550E0,-1.202283E1,-9.639708E0
6.560721E0,-1.149598E1,-6.948523E0
6.564892E0,-1.058709E1,-3.579436E0
6.569063E0,-9.737438E0,5.184955E-1
6.573233E0,-8.488837E0,3.876959E0
6.577404E0,-7.361880E0,6.831470E0
6.581575E0,-6.397105E0,9.892818E0
6.585746E0,-5.876897E0,1.191170E1
6.589917E0,-5.434684E0,1.268733E1
6.594088E0,-5.528586E0,1.260707E1
6.598258E0,-5.815574E0,1.206293E1
6.602429E0,-6.302017E0,1.029216E1
6.606600E0,-7.254479E0,7.859087E0
6.610771E0,-8.502589E0,4.774590E0
6.614942E0,-9.770874E0,1.045862E0
6.619112E0,-1.077272E1,-2.518736E0
6.623283E0,-1.155444E1,-5.950487E0
6.627454E0,-1.232272E1,-8.609490E0
6.631625E0,-1.272124E1,-1.024624E1
6.635796E0,-1.278320E1,-1.105948E1
6.639967E0,-1.276389E1,-1.123281E1
6.644138E0,-1.261196E1,-1.068307E1
6.648308E0,-1.236644E1,-9.208711E0
6.652479E0,-1.190885E1,-6.861341E0
6.656650E0,-1.132093E1,-4.108657E0
6.660821E0,-1.045968E1,-6.570939E-1
6.664992E0,-9.263516E0,3.012320E0
6.669163E0,-8.281606E0,6.065955E0
6.673333E0,-7.384443E0,8.988521E0
6.677504E0,-6.744769E0,1.111759E1
6.681675E0,-6.509478E0,1.192325E1
6.685846E0,-6.415176E0,1.181946E1
6.690017E0,-6.700287E0,1.131221E1
6.694187E0,-7.412243E0,9.888877E0
6.698358E0,-8.356895E0,7.674761E0
6.702529E0,-9.435218E0,4.582115E0
6.706700E0,-1.058863E1,1.276134E0
6.710871E0,-1.147782E1,-2.512791E0
6.715042E0,-1.221151E1,-5.766984E0
6.719213E0,-1.262996E1,-7.456821E0
6.723383E0,-1.313523E1,-9.224696E0
6.727554E0,-1.338525E1,-9.718658E0
6.731725E0,-1.326882E1,-9.662822E0
6.735896E0,-1.335417E1,-8.523631E0
6.740067E0,-1.305072E1,-6.266529E0
6.744238E0,-1.252377E1,-4.216186E0
6.748408E0,-1.173649E1,-6.946066E-1
6.752579E0,-1.079153E1,2.530028E0
6.756750E0,-9.868280E0,5.845108E0
6.760921E0,-8.744839E0,9.163986E0
6.765092E0,-8.244266E0,1.054860E1
6.769262E0,-7.702757E0,1.248897E1
6.773433E0,-7.704135E0,1.255594E1
6.777604E0,-7.890004E0,1.230109E1
6.781775E0,-8.419134E0,1.078343E1
6.785946E0,-9.144094E0,8.475157E0
6.790117E0,-1.017214E1,5.621196E0
6.794288E0,-1.149244E1,2.640167E0
6.798458E0,-1.236214E1,-1.028444E0
6.802629E0,-1.294413E1,-3.189628E0
6.806800E0,-1.344425E1,-5.951268E0
6.810971E0,-1.383605E1,-7.238848E0
6.815142E0,-1.370862E1,-7.748229E0
6.819312E0,-1.372347E1,-6.754535E0
6.823483E0,-1.367634E1,-6.067314E0
6.827654E0,-1.335795E1,-4.810670E0
6.831825E0,-1.289635E1,-1.930804E0
6.835996E0,-1.222949E1,3.098135E-1
6.840167E0,-1.138832E1,3.793574E0
6.844338E0,-1.045651E1,6.834917E0
6.848508E0,-9.674132E0,9.587255E0
6.852679E0,-9.266689E0,1.056114E1
6.856850E0,-8.685399E0,1.219852E1
6.861021E0,-8.815933E0,1.268182E1
6.865192E0,-9.263444E0,1.097046E1
6.869363E0,-9.760506E0,1.010357E1
6.873533E0,-1.060177E1,7.527737E0
6.877704E0,-1.159740E1,4.772897E0
6.881875E0,-1.250905E1,1.583198E0
6.886046E0,-1.286952E1,-4.776466E-1
6.890217E0,-1.355367E1,-3.506483E0
6.894387E0,-1.372166E1,-4.763258E0
6.898558E0,-1.373105E1,-4.784820E0
6.902729E0,-1.374624E1,-4.792581E0
6.906900E0,-1.378672E1,-4.287091E0
6.911071E0,-1.359746E1,-3.110222E0
6.915242E0,-1.319162E1,-1.512293E0
6.919412E0,-1.256116E1,1.808096E0
6.923583E0,-1.181435E1,4.800652E0
6.927754E0,-1.079189E1,7.652816E0
6.931925E0,-1.032699E1,8.890350E0
6.936096E0,-9.507932E0,1.121097E1
6.940267E0,-9.439261E0,1.164249E1
6.944438E0,-9.493668E0,1.153525E1
6.948608E0,-9.737781E0,1.128428E1
6.952779E0,-1.051013E1,9.312005E0
6.956950E0,-1.141174E1,6.655701E0
6.961121E0,-1.240105E1,3.757706E0
6.965292E0,-1.328271E1,7.372236E-1
6.969463E0,-1.380355E1,-1.072686E0
6.973633E0,-1.422976E1,-3.744752E0
6.977804E0,-1.441626E1,-4.752955E0
6.981975E0,-1.459604E1,-4.735577E0
6.986146E0,-1.448698E1,-4.465330E0
6.990317E0,-1.450304E1,-3.339688E0
6.994487E0,-1.427784E1,-2.269292E0
6.998658E0,-1.368584E1,8.888613E-1
7.002829E0,-1.261688E1,4.090006E0
7.007000E0,-1.192860E1,7.014144E0
7.011171E0,-1.089116E1,1.002650E1
7.015342E0,-1.047619E1,1.035114E1
7.019512E0,-9.826465E0,1.262799E1
7.023683E0,-1.038570E1,1.068826E1
7.027854E0,-1.055974E1,1.073056E1
7.032025E0,-1.120626E1,8.385569E0
7.036196E0,-1.178129E1,7.412138E0
7.040367E0,-1.272857E1,4.842569E0
7.044538E0,-1.350375E1,1.704084E0
7.048708E0,-1.426739E1,-1.467380E0
7.052879E0,-1.450133E1,-2.528562E0
7.057050E0,-1.476991E1,-2.963689E0
7.061221E0,-1.468966E1,-3.212220E0
7.065392E0,-1.473510E1,-3.078559E0
7.069562E0,-1.443543E1,-1.887423E0
7.073733E0,-1.394091E1,9.290778E-1
7.077904E0,-1.339527E1,2.406479E0
7.082075E0,-1.265795E1,5.180693E0
7.086246E0,-1.177512E1,8.434433E0
7.090417E0,-1.143273E1,8.977179E0
7.094588E0,-1.062988E1,1.115367E1
7.098758E0,-1.055118E1,1.136799E1
7.102929E0,-1.059069E1,1.133823E1
7.107100E0,-1.129407E1,9.258568E0
7.111271E0,-1.165312E1,8.350878E0
7.115442E0,-1.275962E1,6.029159E0
7.119613E0,-1.358625E1,3.004821E0
7.123783E0,-1.424665E1,2.736903E-1
7.127954E0,-1.463354E1,-9.656430E-1
7.132125E0,-1.464129E1,-1.213841E0
7.136296E0,-1.478544E1,-1.983567E0
7.140467E0,-1.468014E1,-1.250462E0
7.144637E0,-1.466076E1,-9.635652E-1
7.148808E0,-1.426947E1,8.455986E-2
7.152979E0,-1.364714E1,3.446848E0
7.157150E0,-1.334803E1,4.661877E0
7.161321E0,-1.248880E1,7.038143E0
7.165492E0,-1.175742E1,8.888436E0
7.169663E0,-1.140516E1,9.521186E0
7.173833E0,-1.146149E1,9.758920E0
7.178004E0,-1.158499E1,9.386416E0
7.182175E0,-1.190495E1,8.985272E0
7.186346E0,-1.261345E1,6.766406E0
7.190517E0,-1.335607E1,4.363420E0
7.194687E0,-1.376265E1,3.484875E0
7.198858E0,-1.445149E1,5.505208E-1
7.203029E0,-1.471038E1,-1.859230E-1
7.207200E0,-1.462210E1,-7.850163E-1
7.211371E0,-1.459057E1,-7.964823E-1
7.215542E0,-1.472836E1,-1.597581E-1
7.219713E0,-1.456488E1,7.257427E-1
7.223883E0,-1.371481E1,3.311725E0
7.228054E0,-1.341028E1,4.405817E0
7.232225E0,-1.268092E1,6.870498E0
7.236396E0,-1.169650E1,9.351692E0
7.240567E0,-1.161524E1,9.591928E0
7.244738E0,-1.156588E1,9.747205E0
7.248908E0,-1.159017E1,9.454169E0
7.253079E0,-1.174807E1,9.345312E0
7.257250E0,-1.257903E1,6.976461E0
7.261421E0,-1.333529E1,4.755051E0
7.265592E0,-1.384169E1,3.994700E0
7.269762E0,-1.428273E1,1.271094E0
7.273933E0,-1.457899E1,5.816499E-1
7.278104E0,-1.455717E1,2.200547E-1
7.282275E0,-1.459183E1,3.662569E-1
7.286446E0,-1.465634E1,7.397859E-1
7.290617E0,-1.451746E1,1.582362E0
7.294787E0,-1.426848E1,2.507179E0
7.298958E0,-1.357707E1,4.684859E0
7.303129E0,-1.269004E1,7.453736E0
7.307300E0,-1.244266E1,7.772548E0
7.311471E0,-1.219496E1,8.181337E0
7.315642E0,-1.226465E1,8.395436E0
7.319813E0,-1.245453E1,8.449811E0
7.323983E0,-1.286437E1,8.063540E0
7.328154E0,-1.339493E1,5.742923E0
7.332325E0,-1.365533E1,5.126418E0
7.336496E0,-1.456492E1,2.956819E0
7.340667E0,-1.480668E1,2.042107E0
7.344838E0,-1.465445E1,1.458410E0
7.349008E0,-1.457335E1,1.249625E0
7.353179E0,-1.471189E1,1.645609E0
7.357350E0,-1.450930E1,2.426807E0
7.361521E0,-1.446350E1,3.006006E0
7.365692E0,-1.367363E1,5.499403E0
7.369862E0,-1.324944E1,6.209605E0
7.374033E0,-1.270952E1,8.426984E0
7.378204E0,-1.254500E1,8.767740E0
7.382375E0,-1.257847E1,8.986816E0
7.386546E0,-1.263158E1,8.767106E0
7.390717E0,-1.289376E1,8.693964E0
7.394887E0,-1.339298E1,6.517072E0
7.399058E0,-1.430717E1,4.533096E0
7.403229E0,-1.460238E1,3.743732E0
7.407400E0,-1.454378E1,3.225607E0
7.411571E0,-1.477970E1,2.836520E0
7.415742E0,-1.479306E1,2.821219E0
7.419913E0,-1.463521E1,3.262401E0
7.424083E0,-1.456696E1,3.659156E0
7.428254E0,-1.431307E1,4.197758E0
7.432425E0,-1.370562E1,6.588908E0
7.436596E0,-1.330651E1,7.197549E0
7.440767E0,-1.331526E1,7.541977E0
7.444937E0,-1.278031E1,9.563290E0
7.449108E0,-1.273224E1,9.862912E0
7.453279E0,-1.285127E1,9.889942E0
7.457450E0,-1.349612E1,7.940767E0
7.461621E0,-1.382426E1,7.991419E0
7.465792E0,-1.434191E1,5.427578E0
7.469963E0,-1.462340E1,5.525513E0
7.474133E0,-1.462229E1,5.075736E0
7.478304E0,-1.531036E1,3.401634E0
7.482475E0,-1.529115E1,3.254115E0
7.486646E0,-1.536413E1,3.696046E0
7.490817E0,-1.467104E1,6.199985E0
7.494988E0,-1.468972E1,6.886049E0
7.499158E0,-1.423565E1,7.260753E0
7.503329E0,-1.359728E1,9.218367E0
7.507500E0,-1.346472E1,9.312453E0
7.511671E0,-1.344813E1,9.484713E0
7.515842E0,-1.341321E1,9.076468E0
7.520012E0,-1.357029E1,9.165747E0
7.524183E0,-1.381980E1,8.630682E0
7.528354E0,-1.442175E1,6.366332E0
7.532525E0,-1.459914E1,6.230479E0
7.536696E0,-1.482696E1,5.734558E0
7.540867E0,-1.539321E1,3.733820E0
7.545038E0,-1.535076E1,3.405491E0
7.549208E0,-1.541859E1,3.862907E0
7.553379E0,-1.483713E1,5.975036E0
7.557550E0,-1.437569E1,6.188965E0
7.561721E0,-1.433837E1,6.411485E0
7.565892E0,-1.390358E1,9.016835E0
7.570062E0,-1.367830E1,8.798070E0
7.574233E0,-1.362511E1,9.255079E0
7.578404E0,-1.357048E1,9.389866E0
7.582575E0,-1.364322E1,9.306496E0
7.586746E0,-1.426274E1,7.352483E0
7.590917E0,-1.470079E1,6.970389E0
7.595088E0,-1.452343E1,6.176733E0
7.599258E0,-1.489581E1,6.044807E0
7.603429E0,-1.461448E1,5.306155E0
7.607600E0,-1.475347E1,5.676044E0
7.611771E0,-1.479814E1,5.880527E0
7.615942E0,-1.468312E1,5.927168E0
7.620113E0,-1.432889E1,6.222330E0
7.624283E0,-1.431237E1,7.222868E0
7.628454E0,-1.366013E1,9.221379E0
7.632625E0,-1.349950E1,9.259736E0
7.636796E0,-1.357969E1,9.324008E0
7.640967E0,-1.382705E1,9.045356E0
7.645137E0,-1.363161E1,8.379549E0
7.649308E0,-1.438806E1,6.651191E0
7.653479E0,-1.435686E1,6.195974E0
7.657650E0,-1.476466E1,5.939294E0
7.661821E0,-1.459571E1,5.341569E0
7.665992E0,-1.460123E1,5.399919E0
7.670162E0,-1.462448E1,5.471698E0
7.674333E0,-1.456020E1,5.492529E0
7.678504E0,-1.449388E1,5.603586E0
7.682675E0,-1.435986E1,6.288689E0
7.686846E0,-1.438147E1,6.591795E0
7.691017E0,-1.440017E1,6.786692E0
7.695188E0,-1.446087E1,6.723050E0
7.699358E0,-1.447278E1,6.721726E0
7.703529E0,-1.452573E1,6.586806E0
7.707700E0,-1.454865E1,6.580166E0
7.711871E0,-1.478868E1,6.044643E0
7.716042E0,-1.479102E1,5.705205E0
7.720213E0,-1.467804E1,5.439251E0
7.724383E0,-1.457279E1,5.233271E0
7.728554E0,-1.456583E1,5.220554E0
7.732725E0,-1.460572E1,5.395063E0
7.736896E0,-1.460703E1,5.622033E0
7.741067E0,-1.454863E1,5.716491E0
7.745237E0,-1.438256E1,6.266367E0
7.749408E0,-1.432236E1,6.214469E0
7.753579E0,-1.431989E1,6.504412E0
7.757750E0,-1.438281E1,6.359760E0
7.761921E0,-1.438486E1,6.288643E0
7.766092E0,-1.470869E1,6.003595E0
7.770262E0,-1.470034E1,5.704059E0
7.774433E0,-1.472265E1,5.525736E0
7.778604E0,-1.462817E1,5.158085E0
7.782775E0,-1.469595E1,5.399377E0
7.786946E0,-1.464578E1,5.391255E0
7.791117E0,-1.457270E1,5.297794E0
7.795288E0,-1.457020E1,5.673377E0
7.799458E0,-1.455731E1,5.891390E0
7.803629E0,-1.460674E1,5.931565E0
7.807800E0,-1.464320E1,6.068723E0
7.811971E0,-1.457727E1,5.818279E0
7.816142E0,-1.472259E1,6.034754E0
7.820312E0,-1.446868E1,6.146002E0
7.824483E0,-1.463255E1,5.814998E0
7.828654E0,-1.476100E1,5.829088E0
7.832825E0,-1.462088E1,5.571361E0
7.836996E0,-1.463935E1,5.327346E0
7.841167E0,-1.470074E1,5.619342E0
7.845338E0,-1.456369E1,5.330317E0
7.849508E0,-1.457028E1,5.546437E0
7.853679E0,-1.464612E1,5.582566E0
7.857850E0,-1.460902E1,5.754729E0
7.862021E0,-1.448092E1,5.536175E0
7.866192E0,-1.452004E1,5.652343E0
7.870363E0,-1.461838E1,5.826367E0
7.874533E0,-1.456515E1,5.611912E0
7.878704E0,-1.454233E1,5.701106E0
7.882875E0,-1.462418E1,5.653052E0
7.887046E0,-1.454609E1,5.398576E0
7.891217E0,-1.453690E1,5.238233E0
7.895388E0,-1.451856E1,5.237025E0
7.899558E0,-1.449196E1,5.235374E0
7.903729E0,-1.451822E1,5.331965E0
7.907900E0,-1.459035E1,5.508298E0
7.912071E0,-1.477083E1,6.013723E0
7.916242E0,-1.449369E1,5.534699E0
7.920413E0,-1.466709E1,5.959440E0
7.924583E0,-1.459062E1,5.687009E0
7.928754E0,-1.461529E1,5.839637E0
7.932925E0,-1.451629E1,5.448238E0
7.937096E0,-1.461117E1,5.539660E0
7.941267E0,-1.456437E1,5.416265E0
7.945437E0,-1.462682E1,5.453494E0
