,mass A,,
t,x,y,
0.000000E0,1.103244E2,-1.423540E1
4.170833E-3,1.018746E2,-1.013595E1
8.341667E-3,9.106018E1,-5.617812E0
1.251250E-2,7.935469E1,-2.065797E0
1.668333E-2,6.716655E1,1.187379E0
2.085417E-2,5.477759E1,4.608571E0
2.502500E-2,4.072426E1,7.737966E0
2.919583E-2,2.465045E1,1.059739E1
3.336667E-2,8.298840E0,1.337406E1
3.753750E-2,-8.459184E0,1.653877E1
4.170833E-2,-2.248299E1,1.878074E1
4.587917E-2,-3.854360E1,2.183815E1
5.005000E-2,-5.132739E1,2.380419E1
5.422083E-2,-6.495747E1,2.529506E1
5.839167E-2,-7.678796E1,2.699746E1
6.256250E-2,-8.894955E1,2.763943E1
6.673333E-2,-9.945305E1,2.810765E1
7.090417E-2,-1.093717E2,2.816137E1
7.507500E-2,-1.181069E2,2.691559E1
7.924583E-2,-1.265000E2,2.604097E1
8.341667E-2,-1.332471E2,2.422787E1
8.758750E-2,-1.388781E2,2.182046E1
9.175833E-2,-1.438886E2,1.947016E1
9.592917E-2,-1.477525E2,1.718227E1
1.001000E-1,-1.509875E2,1.481710E1
1.042708E-1,-1.531402E2,1.252350E1
1.084417E-1,-1.537161E2,1.007287E1
1.126125E-1,-1.544074E2,7.758587E0
1.167833E-1,-1.533567E2,5.219566E0
1.209542E-1,-1.513109E2,3.057995E0
1.251250E-1,-1.488811E2,4.371226E-1
1.292958E-1,-1.447942E2,-1.871383E0
1.334667E-1,-1.395274E2,-4.429184E0
1.376375E-1,-1.339945E2,-6.982704E0
1.418083E-1,-1.278259E2,-9.394072E0
1.459792E-1,-1.197265E2,-1.192656E1
1.501500E-1,-1.099841E2,-1.502881E1
1.543208E-1,-1.005488E2,-1.740207E1
1.584917E-1,-9.050517E1,-1.926192E1
1.626625E-1,-7.990425E1,-2.096179E1
1.668333E-1,-6.564123E1,-2.393538E1
1.710042E-1,-5.157048E1,-2.630487E1
1.751750E-1,-3.649921E1,-2.810022E1
1.793458E-1,-2.238613E1,-2.884705E1
1.835167E-1,-7.712377E0,-2.936580E1
1.876875E-1,7.904144E0,-2.905613E1
1.918583E-1,2.235516E1,-2.765532E1
1.960292E-1,3.643560E1,-2.583589E1
2.002000E-1,5.074188E1,-2.400537E1
2.043708E-1,6.366131E1,-2.154852E1
2.085417E-1,7.507120E1,-1.864794E1
2.127125E-1,8.515738E1,-1.588444E1
2.168833E-1,9.554273E1,-1.336287E1
2.210542E-1,1.049952E2,-1.023318E1
2.252250E-1,1.125850E2,-7.227360E0
2.293958E-1,1.198353E2,-4.524276E0
2.335667E-1,1.263235E2,-7.416056E-1
2.377375E-1,1.318871E2,2.141649E0
2.419083E-1,1.366253E2,5.411287E0
2.460792E-1,1.400698E2,8.424706E0
2.502500E-1,1.423645E2,1.130745E1
2.544208E-1,1.437118E2,1.389530E1
2.585917E-1,1.442710E2,1.665842E1
2.627625E-1,1.437108E2,1.900078E1
2.669333E-1,1.421416E2,2.119837E1
2.711042E-1,1.392444E2,2.335661E1
2.752750E-1,1.359926E2,2.498377E1
2.794458E-1,1.319401E2,2.634255E1
2.836167E-1,1.273594E2,2.726345E1
2.877875E-1,1.203139E2,2.852782E1
2.919583E-1,1.131579E2,2.930323E1
2.961292E-1,1.053910E2,2.978004E1
3.003000E-1,9.663118E1,3.007543E1
3.044708E-1,8.596540E1,2.974884E1
3.086417E-1,7.600623E1,2.935363E1
3.128125E-1,6.259160E1,3.044982E1
3.169833E-1,4.911520E1,2.983025E1
3.211542E-1,3.616593E1,2.850009E1
3.253250E-1,2.233139E1,2.666244E1
3.294958E-1,6.899802E0,2.525015E1
3.336667E-1,-9.028135E0,2.219025E1
3.378375E-1,-2.528953E1,1.754614E1
3.420083E-1,-3.857969E1,1.380308E1
3.461792E-1,-5.146579E1,9.419293E0
3.503500E-1,-6.356949E1,5.556794E0
3.545208E-1,-7.487453E1,1.741858E0
3.586917E-1,-8.507136E1,-2.269144E0
3.628625E-1,-9.470146E1,-6.168794E0
3.670333E-1,-1.032939E2,-1.042035E1
3.712042E-1,-1.115187E2,-1.413008E1
3.753750E-1,-1.187358E2,-1.791497E1
3.795458E-1,-1.269201E2,-2.378758E1
3.837167E-1,-1.318941E2,-2.781555E1
3.878875E-1,-1.363218E2,-3.163272E1
3.920583E-1,-1.398852E2,-3.473172E1
3.962292E-1,-1.422105E2,-3.766844E1
4.004000E-1,-1.441106E2,-4.019465E1
4.045708E-1,-1.445281E2,-4.279219E1
4.087417E-1,-1.445982E2,-4.547345E1
4.129125E-1,-1.433033E2,-4.721693E1
4.170833E-1,-1.415752E2,-4.858152E1
4.212542E-1,-1.382044E2,-4.959834E1
4.254250E-1,-1.347000E2,-5.072408E1
4.295958E-1,-1.292957E2,-5.092630E1
4.337667E-1,-1.238821E2,-5.166118E1
4.379375E-1,-1.174746E2,-5.142363E1
4.421083E-1,-1.102595E2,-5.124099E1
4.462792E-1,-1.023738E2,-5.072072E1
4.504500E-1,-9.268550E1,-4.893340E1
4.546208E-1,-8.358407E1,-4.806338E1
4.587917E-1,-7.353341E1,-4.595188E1
4.629625E-1,-6.228374E1,-4.282448E1
4.671333E-1,-5.142539E1,-3.925651E1
4.713042E-1,-3.936271E1,-3.535717E1
4.754750E-1,-2.528740E1,-2.948645E1
4.796458E-1,-9.405861E0,-2.233272E1
4.838167E-1,6.028202E0,-1.485246E1
4.879875E-1,1.865733E1,-9.174477E0
4.921583E-1,3.146842E1,-2.579878E0
4.963292E-1,4.304735E1,4.020992E0
5.005000E-1,5.445523E1,1.079593E1
5.046708E-1,6.452328E1,1.756799E1
5.088417E-1,7.486955E1,2.480588E1
5.130125E-1,8.309611E1,3.069462E1
5.171833E-1,9.075020E1,3.642315E1
5.213542E-1,9.691336E1,4.293266E1
5.255250E-1,1.033339E2,4.864966E1
5.296958E-1,1.082117E2,5.392460E1
5.338667E-1,1.127005E2,5.838287E1
5.380375E-1,1.154212E2,6.265950E1
5.422083E-1,1.176773E2,6.640043E1
5.463792E-1,1.191621E2,7.047792E1
5.505500E-1,1.192518E2,7.322964E1
5.547208E-1,1.194155E2,7.566113E1
5.588917E-1,1.180033E2,7.788414E1
5.630625E-1,1.162137E2,7.944306E1
5.672333E-1,1.132225E2,8.027784E1
5.714042E-1,1.093852E2,8.080535E1
5.755750E-1,1.044590E2,8.071003E1
5.797458E-1,9.885462E1,7.988093E1
5.839167E-1,9.247658E1,7.895637E1
5.880875E-1,8.492764E1,7.681653E1
5.922583E-1,7.678463E1,7.450658E1
5.964292E-1,6.817697E1,7.208432E1
6.006000E-1,5.845171E1,6.839100E1
6.047708E-1,4.797230E1,6.408621E1
6.089417E-1,3.856864E1,5.939968E1
6.131125E-1,2.610493E1,5.304519E1
6.172833E-1,1.510078E1,4.690011E1
6.214542E-1,3.511879E0,3.883451E1
6.256250E-1,-7.854580E0,3.089897E1
6.297958E-1,-1.784322E1,2.282656E1
6.339667E-1,-2.959296E1,1.176489E1
6.381375E-1,-3.870344E1,2.543835E0
6.423083E-1,-4.746546E1,-6.713585E0
6.464792E-1,-5.574778E1,-1.585142E1
6.506500E-1,-6.322309E1,-2.563260E1
6.548208E-1,-6.977229E1,-3.390810E1
6.589917E-1,-7.472975E1,-4.153345E1
6.631625E-1,-8.093819E1,-5.078850E1
6.673333E-1,-8.464318E1,-5.702217E1
6.715042E-1,-8.848984E1,-6.415750E1
6.756750E-1,-9.166371E1,-7.104527E1
6.798458E-1,-9.352507E1,-7.683625E1
6.840167E-1,-9.510386E1,-8.134322E1
6.881875E-1,-9.566059E1,-8.537650E1
6.923583E-1,-9.593244E1,-8.906978E1
6.965292E-1,-9.543107E1,-9.190531E1
7.007000E-1,-9.441709E1,-9.398366E1
7.048708E-1,-9.255025E1,-9.567984E1
7.090417E-1,-9.048268E1,-9.619364E1
7.132125E-1,-8.761339E1,-9.610911E1
7.173833E-1,-8.430571E1,-9.601098E1
7.215542E-1,-8.004191E1,-9.437632E1
7.257250E-1,-7.541221E1,-9.239187E1
7.298958E-1,-6.991460E1,-8.940030E1
7.340667E-1,-6.467086E1,-8.576890E1
7.382375E-1,-5.857586E1,-8.192936E1
7.424083E-1,-5.163180E1,-7.702985E1
7.465792E-1,-4.448315E1,-7.158659E1
7.507500E-1,-3.764978E1,-6.614267E1
7.549208E-1,-2.991735E1,-5.815764E1
7.590917E-1,-2.257602E1,-5.125709E1
7.632625E-1,-1.341069E1,-4.256013E1
7.674333E-1,-4.636897E0,-3.249894E1
7.716042E-1,4.176472E0,-2.120719E1
7.757750E-1,1.257404E1,-1.070153E1
7.799458E-1,2.029668E1,8.706236E-1
7.841167E-1,2.766357E1,1.249026E1
7.882875E-1,3.427401E1,2.467174E1
7.924583E-1,4.019888E1,3.624672E1
7.966292E-1,4.534986E1,4.588027E1
8.008000E-1,4.956165E1,5.576749E1
8.049708E-1,5.362674E1,6.533696E1
8.091417E-1,5.626758E1,7.402929E1
8.133125E-1,5.898594E1,8.217783E1
8.174833E-1,6.064219E1,8.856058E1
8.216542E-1,6.168272E1,9.495980E1
8.258250E-1,6.227312E1,1.006379E2
8.299958E-1,6.259865E1,1.055080E2
8.341667E-1,6.222127E1,1.096219E2
8.383375E-1,6.136873E1,1.126465E2
8.425083E-1,6.024134E1,1.150195E2
8.466792E-1,5.850340E1,1.162329E2
8.508500E-1,5.641971E1,1.165752E2
8.550208E-1,5.382249E1,1.160984E2
8.591917E-1,5.080354E1,1.149786E2
8.633625E-1,4.731515E1,1.126672E2
8.675333E-1,4.387451E1,1.098436E2
8.717042E-1,3.983809E1,1.061850E2
8.758750E-1,3.561020E1,1.007429E2
8.800458E-1,3.114249E1,9.556461E1
8.842167E-1,2.618011E1,8.916688E1
8.883875E-1,2.043150E1,8.121183E1
8.925583E-1,1.550972E1,7.367783E1
8.967292E-1,1.056240E1,6.559223E1
9.009000E-1,4.459485E0,5.538497E1
9.050708E-1,-1.651741E0,4.496325E1
9.092417E-1,-8.909000E0,3.219539E1
9.134125E-1,-1.456078E1,1.985762E1
9.175833E-1,-1.931524E1,7.290532E0
9.217542E-1,-2.552265E1,-7.454418E0
9.259250E-1,-2.862341E1,-1.838321E1
9.300958E-1,-3.359303E1,-3.227983E1
9.342667E-1,-3.643409E1,-4.438455E1
9.384375E-1,-3.966750E1,-5.594235E1
9.426083E-1,-4.175716E1,-6.580736E1
9.467792E-1,-4.331283E1,-7.447443E1
9.509500E-1,-4.445054E1,-8.248232E1
9.551208E-1,-4.655363E1,-9.433964E1
9.592917E-1,-4.687393E1,-1.011939E2
9.634625E-1,-4.701259E1,-1.078335E2
9.676333E-1,-4.703798E1,-1.132103E2
9.718042E-1,-4.690196E1,-1.174882E2
9.759750E-1,-4.590609E1,-1.210420E2
9.801458E-1,-4.483613E1,-1.238371E2
9.843167E-1,-4.375713E1,-1.256760E2
9.884875E-1,-4.210540E1,-1.265341E2
9.926583E-1,-4.042758E1,-1.265484E2
9.968292E-1,-3.855218E1,-1.250582E2
1.001000E0,-3.597945E1,-1.238703E2
1.005171E0,-3.311432E1,-1.210037E2
1.009342E0,-3.075013E1,-1.175417E2
1.013513E0,-2.687286E1,-1.133445E2
1.017683E0,-2.309294E1,-1.075095E2
1.021854E0,-2.002061E1,-1.015452E2
1.026025E0,-1.601725E1,-9.445549E1
1.030196E0,-1.196775E1,-8.494183E1
1.034367E0,-8.761207E0,-7.876557E1
1.038537E0,-4.709721E0,-6.735893E1
1.042708E0,-2.435268E-1,-5.359670E1
1.046879E0,2.370725E0,-4.093882E1
1.051050E0,5.279412E0,-2.932775E1
1.055221E0,8.786324E0,-1.684806E1
1.059392E0,1.103105E1,-2.941529E0
1.063562E0,1.275311E1,1.035182E1
1.067733E0,1.469899E1,2.415838E1
1.071904E0,1.503251E1,3.715411E1
1.076075E0,1.547067E1,4.974132E1
1.080246E0,1.493509E1,6.113161E1
1.084417E0,1.502564E1,7.157197E1
1.088588E0,1.478826E1,8.103616E1
1.092758E0,1.375938E1,8.888505E1
1.096929E0,1.231000E1,9.673940E1
1.101100E0,1.082100E1,1.037950E2
1.105271E0,1.006729E1,1.095624E2
1.109442E0,8.242059E0,1.146763E2
1.113612E0,6.821034E0,1.187343E2
1.117783E0,5.480358E0,1.217958E2
1.121954E0,4.084753E0,1.243495E2
1.126125E0,2.847519E0,1.254840E2
1.130296E0,1.738981E0,1.257378E2
1.134467E0,3.169976E-1,1.251146E2
1.138637E0,-1.190726E0,1.232398E2
1.142808E0,-2.329589E0,1.205248E2
1.146979E0,-3.738792E0,1.167343E2
1.151150E0,-4.744812E0,1.120981E2
1.155321E0,-5.932130E0,1.065045E2
1.159492E0,-7.189920E0,1.001253E2
1.163662E0,-4.757245E0,9.185307E1
1.167833E0,-5.279331E0,8.291942E1
1.172004E0,-9.867660E0,7.635376E1
1.176175E0,-1.063131E1,6.604139E1
1.180346E0,-1.181326E1,5.513359E1
1.184517E0,-1.204146E1,4.264910E1
1.188687E0,-1.218670E1,2.944831E1
1.192858E0,-1.144344E1,1.838772E1
1.197029E0,-1.025930E1,4.644748E0
1.201200E0,-8.828780E0,-8.995604E0
1.205371E0,-6.529973E0,-2.301993E1
1.209542E0,-4.744335E0,-3.459526E1
1.213713E0,-2.354017E0,-4.637293E1
1.217883E0,-4.195224E-1,-5.695880E1
1.222054E0,1.287618E0,-6.717070E1
1.226225E0,3.413981E0,-7.568145E1
1.230396E0,5.207638E0,-8.413413E1
1.234567E0,6.976903E0,-9.167395E1
1.238738E0,8.970240E0,-9.863515E1
1.242908E0,1.012407E1,-1.036349E2
1.247079E0,1.144537E1,-1.081700E2
1.251250E0,1.218740E1,-1.119499E2
1.255421E0,1.308636E1,-1.144264E2
1.259592E0,1.366772E1,-1.163536E2
1.263763E0,1.459503E1,-1.172880E2
1.267933E0,1.476836E1,-1.173797E2
1.272104E0,1.472767E1,-1.163999E2
1.276275E0,1.465233E1,-1.145796E2
1.280446E0,1.455496E1,-1.117175E2
1.284617E0,1.439026E1,-1.082146E2
1.288787E0,1.382802E1,-1.040829E2
1.292958E0,1.317527E1,-9.893815E1
1.297129E0,1.248928E1,-9.312137E1
1.301300E0,1.159035E1,-8.649990E1
1.305471E0,1.056404E1,-7.901102E1
1.309642E0,8.987937E0,-7.110264E1
1.313813E0,7.750455E0,-6.180608E1
1.317983E0,5.729646E0,-5.143867E1
1.322154E0,3.615620E0,-4.036169E1
1.326325E0,1.041531E0,-2.848383E1
1.330496E0,-1.477171E0,-1.596599E1
1.334667E0,-3.848287E0,-4.032141E0
1.338838E0,-6.325620E0,9.958509E0
1.343008E0,-8.620085E0,2.263786E1
1.347179E0,-1.076571E1,3.557583E1
1.351350E0,-1.235130E1,4.751152E1
1.355521E0,-1.430179E1,5.822074E1
1.359692E0,-1.571411E1,6.789468E1
1.363862E0,-1.704486E1,7.757468E1
1.368033E0,-1.775393E1,8.526545E1
1.372204E0,-1.968842E1,9.258309E1
1.376375E0,-2.066580E1,9.925283E1
1.380546E0,-2.122386E1,1.037388E2
1.384717E0,-2.139718E1,1.086803E2
1.388888E0,-2.132315E1,1.122549E2
1.393058E0,-2.080178E1,1.156564E2
1.397229E0,-2.002455E1,1.180031E2
1.401400E0,-1.895512E1,1.192598E2
1.405571E0,-1.772559E1,1.195474E2
1.409742E0,-1.585004E1,1.192777E2
1.413912E0,-1.441921E1,1.177259E2
1.418083E0,-1.256456E1,1.155469E2
1.422254E0,-1.137702E1,1.117907E2
1.426425E0,-9.285153E0,1.071736E2
1.430596E0,-8.037043E0,1.019737E2
1.434767E0,-6.269393E0,9.533138E1
1.438937E0,-5.206158E0,8.796215E1
1.443108E0,-3.475176E0,7.938236E1
1.447279E0,-2.242386E0,7.098758E1
1.451450E0,-1.214600E0,6.134433E1
1.455621E0,-2.844234E-2,4.997824E1
1.459792E0,1.272101E0,3.794758E1
1.463963E0,2.055273E0,2.536227E1
1.468133E0,3.024468E0,1.190558E1
1.472304E0,3.110891E0,-1.429184E0
1.476475E0,3.465467E0,-1.362237E1
1.480646E0,3.130305E0,-2.555485E1
1.484817E0,2.965647E0,-3.721480E1
1.488987E0,2.628557E0,-4.727274E1
1.493158E0,1.576268E0,-5.684670E1
1.497329E0,4.014862E-1,-6.554503E1
1.501500E0,-3.703830E-1,-7.310362E1
1.505671E0,-1.284878E0,-8.089448E1
1.509842E0,-2.263570E0,-8.748910E1
1.514012E0,-3.500423E0,-9.289881E1
1.518183E0,-4.808265E0,-9.747874E1
1.522354E0,-5.740202E0,-1.010813E2
1.526525E0,-7.115712E0,-1.037726E2
1.530696E0,-8.367556E0,-1.059443E2
1.534867E0,-9.633948E0,-1.071071E2
1.539037E0,-1.060835E1,-1.074021E2
1.543208E0,-1.183219E1,-1.069029E2
1.547379E0,-1.296492E1,-1.050388E2
1.551550E0,-1.390386E1,-1.023099E2
1.555721E0,-1.490035E1,-9.898627E1
1.559892E0,-1.566668E1,-9.518048E1
1.564062E0,-1.629303E1,-8.989796E1
1.568233E0,-1.727191E1,-8.421061E1
1.572404E0,-1.767884E1,-7.767561E1
1.576575E0,-1.811094E1,-7.008910E1
1.580746E0,-1.826549E1,-6.137553E1
1.584917E0,-1.862518E1,-5.280164E1
1.589087E0,-1.841214E1,-4.288291E1
1.593258E0,-1.837701E1,-3.220510E1
1.597429E0,-1.786131E1,-2.083989E1
1.601600E0,-1.666740E1,-9.474653E0
1.605771E0,-1.533720E1,3.103680E0
1.609942E0,-1.327447E1,1.504630E1
1.614113E0,-1.075985E1,2.703781E1
1.618283E0,-7.486325E0,3.837192E1
1.622454E0,-3.856952E0,4.956116E1
1.626625E0,-6.054700E-1,5.941551E1
1.630796E0,2.463717E0,6.797437E1
1.634967E0,6.159591E0,7.681360E1
1.639138E0,8.965505E0,8.409338E1
1.643308E0,1.229938E1,9.053593E1
1.647479E0,1.531333E1,9.669812E1
1.651650E0,1.815602E1,1.021351E2
1.655821E0,2.049515E1,1.052128E2
1.659992E0,2.248793E1,1.077694E2
1.664163E0,2.453378E1,1.103203E2
1.668333E0,2.612647E1,1.118313E2
1.672504E0,2.749127E1,1.114334E2
1.676675E0,2.831149E1,1.113571E2
1.680846E0,2.875410E1,1.093285E2
1.685017E0,2.862489E1,1.063573E2
1.689188E0,2.841619E1,1.035855E2
1.693358E0,2.764419E1,9.872763E1
1.697529E0,2.671965E1,9.272799E1
1.701700E0,2.501089E1,8.707518E1
1.705871E0,2.362345E1,7.967250E1
1.710042E0,2.154572E1,7.033000E1
1.714213E0,1.921205E1,6.242587E1
1.718383E0,1.644436E1,5.281892E1
1.722554E0,1.341961E1,4.250957E1
1.726725E0,1.018077E1,3.175800E1
1.730896E0,6.376698E0,1.990569E1
1.735067E0,2.369970E0,8.103129E0
1.739237E0,-2.463232E0,-4.931871E0
1.743408E0,-6.894103E0,-1.548322E1
1.747579E0,-1.131120E1,-2.582811E1
1.751750E0,-1.557815E1,-3.555493E1
1.755921E0,-1.979205E1,-4.473196E1
1.760092E0,-2.368779E1,-5.255251E1
1.764263E0,-2.729207E1,-6.158512E1
1.768433E0,-3.073718E1,-6.767467E1
1.772604E0,-3.351027E1,-7.312951E1
1.776775E0,-3.613826E1,-7.746546E1
1.780946E0,-3.839699E1,-8.159143E1
1.785117E0,-4.047287E1,-8.499546E1
1.789288E0,-4.193307E1,-8.757519E1
1.793458E0,-4.324367E1,-8.969432E1
1.797629E0,-4.433463E1,-9.094926E1
1.801800E0,-4.492544E1,-9.139336E1
1.805971E0,-4.502592E1,-9.090219E1
1.810142E0,-4.479441E1,-9.002597E1
1.814312E0,-4.435159E1,-8.830776E1
1.818483E0,-4.343024E1,-8.579430E1
1.822654E0,-4.234278E1,-8.284499E1
1.826825E0,-4.047814E1,-7.844134E1
1.830996E0,-3.815032E1,-7.364520E1
1.835167E0,-3.582121E1,-6.817902E1
1.839338E0,-3.314396E1,-6.156136E1
1.843508E0,-3.001318E1,-5.449610E1
1.847679E0,-2.693162E1,-4.673023E1
1.851850E0,-2.312657E1,-3.858966E1
1.856021E0,-1.885487E1,-2.915761E1
1.860192E0,-1.442707E1,-2.012207E1
1.864362E0,-9.663490E0,-9.627164E0
1.868533E0,-5.188057E0,4.214177E-1
1.872704E0,-4.553574E-1,1.238044E1
1.876875E0,4.381312E0,2.314434E1
1.881046E0,9.153215E0,3.454983E1
1.885217E0,1.344103E1,4.455590E1
1.889387E0,1.740192E1,5.423244E1
1.893558E0,2.154110E1,6.332229E1
1.897729E0,2.440621E1,7.087778E1
1.901900E0,2.738090E1,7.757138E1
1.906071E0,2.999732E1,8.401989E1
1.910242E0,3.231331E1,8.904189E1
1.914413E0,3.443904E1,9.355778E1
1.918583E0,3.609605E1,9.702956E1
1.922754E0,3.731201E1,9.985345E1
1.926925E0,3.824421E1,1.014543E2
1.931096E0,3.855935E1,1.023028E2
1.935267E0,3.851653E1,1.024448E2
1.939437E0,3.793349E1,1.015952E2
1.943608E0,3.688730E1,9.973898E1
1.947779E0,3.618545E1,9.749600E1
1.951950E0,3.424575E1,9.373263E1
1.956121E0,3.233254E1,8.963044E1
1.960292E0,2.976747E1,8.446722E1
1.964463E0,2.709942E1,7.816316E1
1.968633E0,2.385435E1,7.125239E1
1.972804E0,2.050474E1,6.318783E1
1.976975E0,1.694450E1,5.569004E1
1.981146E0,1.230417E1,4.444140E1
1.985317E0,7.759047E0,3.463152E1
1.989487E0,3.114494E0,2.449820E1
1.993658E0,-2.185824E0,1.245571E1
1.997829E0,-7.826748E0,1.173688E0
2.002000E0,-1.242157E1,-9.679733E0
2.006171E0,-1.690842E1,-1.947782E1
2.010342E0,-2.136104E1,-2.942756E1
2.014512E0,-2.528398E1,-3.829030E1
2.018683E0,-2.867585E1,-4.573344E1
2.022854E0,-3.201725E1,-5.333217E1
2.027025E0,-3.460114E1,-5.978267E1
2.031196E0,-3.710710E1,-6.541796E1
2.035367E0,-3.922893E1,-7.101619E1
2.039538E0,-4.109903E1,-7.504509E1
2.043708E0,-4.204673E1,-7.853621E1
2.047879E0,-4.291812E1,-8.140323E1
2.052050E0,-4.339237E1,-8.335473E1
2.056221E0,-4.384852E1,-8.488978E1
2.060392E0,-4.365838E1,-8.554143E1
2.064563E0,-4.334332E1,-8.556790E1
2.068733E0,-4.264418E1,-8.485018E1
2.072904E0,-4.139474E1,-8.330718E1
2.077075E0,-3.995623E1,-8.093279E1
2.081246E0,-3.799716E1,-7.742985E1
2.085417E0,-3.582968E1,-7.372621E1
2.089587E0,-3.327403E1,-6.915508E1
2.093758E0,-3.080627E1,-6.372421E1
2.097929E0,-2.782627E1,-5.740531E1
2.102100E0,-2.399090E1,-5.030339E1
2.106271E0,-2.077439E1,-4.339815E1
2.110442E0,-1.676221E1,-3.394304E1
2.114613E0,-1.284233E1,-2.490744E1
2.118783E0,-8.582052E0,-1.521009E1
2.122954E0,-4.340941E0,-4.788944E0
2.127125E0,-2.267385E-1,6.522119E0
2.131296E0,3.517740E0,1.682120E1
2.135467E0,7.076628E0,2.905929E1
2.139637E0,1.039610E1,3.905342E1
2.143808E0,1.316298E1,4.909136E1
2.147979E0,1.544922E1,5.705181E1
2.152150E0,1.760536E1,6.506507E1
2.156321E0,1.943392E1,7.200902E1
2.160492E0,2.128705E1,7.909225E1
2.164662E0,2.309383E1,8.563675E1
2.168833E0,2.370086E1,8.935344E1
2.173004E0,2.435742E1,9.345485E1
2.177175E0,2.449564E1,9.612603E1
2.181346E0,2.503520E1,9.889546E1
2.185517E0,2.451359E1,9.980445E1
2.189687E0,2.441898E1,1.005574E2
2.193858E0,2.357815E1,9.956901E1
2.198029E0,2.269383E1,9.848288E1
2.202200E0,2.115262E1,9.638979E1
2.206371E0,1.971750E1,9.259462E1
2.210542E0,1.740044E1,8.872406E1
2.214713E0,1.521468E1,8.403607E1
2.218883E0,1.316643E1,7.837316E1
2.223054E0,1.029375E1,7.115399E1
2.227225E0,7.601681E0,6.370131E1
2.231396E0,4.651338E0,5.532405E1
2.235567E0,9.008767E-1,4.620784E1
2.239738E0,-2.691636E0,3.552135E1
2.243908E0,-5.705788E0,2.541320E1
2.248079E0,-8.687090E0,1.442696E1
2.252250E0,-1.098870E1,2.500819E0
2.256421E0,-1.336558E1,-9.857179E0
2.260592E0,-1.527940E1,-2.059966E1
2.264762E0,-1.652944E1,-3.105244E1
2.268933E0,-1.801474E1,-3.988487E1
2.273104E0,-1.865152E1,-4.861179E1
2.277275E0,-1.966658E1,-5.621486E1
2.281446E0,-2.015250E1,-6.271039E1
2.285617E0,-2.109187E1,-6.875071E1
2.289788E0,-2.122900E1,-7.452122E1
2.293958E0,-2.142014E1,-7.831234E1
2.298129E0,-2.166323E1,-8.218013E1
2.302300E0,-2.157734E1,-8.550553E1
2.306471E0,-2.150488E1,-8.746378E1
2.310642E0,-2.140730E1,-8.850457E1
2.314812E0,-2.132438E1,-8.850252E1
2.318983E0,-2.071822E1,-8.807313E1
2.323154E0,-2.008932E1,-8.648924E1
2.327325E0,-1.915820E1,-8.447042E1
2.331496E0,-1.805583E1,-8.158453E1
2.335667E0,-1.733798E1,-7.761088E1
2.339838E0,-1.607353E1,-7.278064E1
2.344008E0,-1.511014E1,-6.770530E1
2.348179E0,-1.366624E1,-6.138728E1
2.352350E0,-1.225362E1,-5.435110E1
2.356521E0,-1.134483E1,-4.691517E1
2.360692E0,-9.867992E0,-3.797766E1
2.364863E0,-8.526361E0,-2.895352E1
2.369033E0,-7.339468E0,-1.886683E1
2.373204E0,-6.158781E0,-8.916588E0
2.377375E0,-4.655814E0,2.856301E0
2.381546E0,-3.397902E0,1.489217E1
2.385717E0,-2.360731E0,2.643699E1
2.389887E0,-9.391538E-1,3.736665E1
2.394058E0,1.965670E-1,4.740819E1
2.398229E0,1.559306E0,5.663343E1
2.402400E0,2.383692E0,6.464222E1
2.406571E0,3.056441E0,7.225612E1
2.410742E0,4.112826E0,7.872606E1
2.414912E0,4.894768E0,8.473724E1
2.419083E0,5.336655E0,8.977850E1
2.423254E0,5.931593E0,9.354940E1
2.427425E0,6.221465E0,9.640913E1
2.431596E0,6.520396E0,9.871722E1
2.435767E0,6.338564E0,9.980435E1
2.439938E0,6.545366E0,9.995622E1
2.444108E0,6.498212E0,9.961855E1
2.448279E0,6.519474E0,9.827235E1
2.452450E0,6.178866E0,9.587224E1
2.456621E0,5.800189E0,9.265584E1
2.460792E0,5.337287E0,8.839731E1
2.464962E0,4.638681E0,8.283389E1
2.469133E0,3.492553E0,7.721737E1
2.473304E0,2.951086E0,7.053257E1
2.477475E0,2.316598E0,6.238830E1
2.481646E0,1.254539E0,5.445952E1
2.485817E0,-8.943841E-2,4.469383E1
2.489988E0,-1.012648E0,3.489392E1
2.494158E0,-2.445826E0,2.305424E1
2.498329E0,-3.508104E0,1.259129E1
2.502500E0,-4.558678E0,4.266268E-1
2.506671E0,-5.951731E0,-1.087855E1
2.510842E0,-6.901885E0,-2.100700E1
2.515012E0,-8.391202E0,-3.135814E1
2.519183E0,-9.426430E0,-3.964099E1
2.523354E0,-1.039661E1,-4.887675E1
2.527525E0,-1.161176E1,-5.578566E1
2.531696E0,-1.256121E1,-6.169052E1
2.535867E0,-1.335497E1,-6.746428E1
2.540037E0,-1.453912E1,-7.215091E1
2.544208E0,-1.543936E1,-7.672012E1
2.548379E0,-1.604707E1,-7.948001E1
2.552550E0,-1.663608E1,-8.168536E1
2.556721E0,-1.748770E1,-8.352523E1
2.560892E0,-1.818458E1,-8.458267E1
2.565062E0,-1.868953E1,-8.403924E1
2.569233E0,-1.871666E1,-8.314437E1
2.573404E0,-1.878883E1,-8.132679E1
2.577575E0,-1.896900E1,-7.855108E1
2.581746E0,-1.883256E1,-7.521473E1
2.585917E0,-1.867207E1,-7.108942E1
2.590088E0,-1.865130E1,-6.618563E1
2.594258E0,-1.821938E1,-6.010835E1
2.598429E0,-1.745617E1,-5.358743E1
2.602600E0,-1.678881E1,-4.604082E1
2.606771E0,-1.614553E1,-3.864945E1
2.610942E0,-1.497546E1,-2.996958E1
2.615113E0,-1.339686E1,-2.026953E1
2.619283E0,-1.196617E1,-1.025677E1
2.623454E0,-1.021139E1,6.102286E-1
2.627625E0,-8.541513E0,1.162292E1
2.631796E0,-5.863596E0,2.228900E1
2.635967E0,-2.730347E0,3.267047E1
2.640137E0,4.070633E-1,4.259629E1
2.644308E0,3.043099E0,5.145997E1
2.648479E0,5.699822E0,5.867919E1
2.652650E0,8.165265E0,6.614129E1
2.656821E0,1.065066E1,7.254390E1
2.660992E0,1.315684E1,7.865491E1
2.665163E0,1.489773E1,8.297289E1
2.669333E0,1.673552E1,8.672064E1
2.673504E0,1.811866E1,9.023617E1
2.677675E0,1.923681E1,9.208494E1
2.681846E0,2.058701E1,9.343487E1
2.686017E0,2.091358E1,9.350490E1
2.690187E0,2.145702E1,9.327289E1
2.694358E0,2.098593E1,9.171846E1
2.698529E0,2.060613E1,8.942306E1
2.702700E0,1.959610E1,8.598951E1
2.706871E0,1.849399E1,8.184706E1
2.711042E0,1.708138E1,7.727289E1
2.715213E0,1.551960E1,7.149801E1
2.719383E0,1.371347E1,6.531276E1
2.723554E0,1.105305E1,5.772465E1
2.727725E0,8.994499E0,4.948995E1
2.731896E0,5.778073E0,3.951767E1
2.736067E0,2.815101E0,2.971809E1
2.740238E0,-6.099023E-1,1.935657E1
2.744408E0,-3.979109E0,9.474654E0
2.748579E0,-7.401458E0,-1.803981E0
2.752750E0,-1.063718E1,-1.186862E1
2.756921E0,-1.352364E1,-2.056195E1
2.761092E0,-1.672995E1,-2.949147E1
2.765262E0,-1.920654E1,-3.730572E1
2.769433E0,-2.160616E1,-4.447680E1
2.773604E0,-2.365148E1,-5.073270E1
2.777775E0,-2.561193E1,-5.629341E1
2.781946E0,-2.719280E1,-6.140183E1
2.786117E0,-2.823137E1,-6.534332E1
2.790287E0,-2.939222E1,-6.871316E1
2.794458E0,-3.047898E1,-7.106261E1
2.798629E0,-3.122109E1,-7.296134E1
2.802800E0,-3.135345E1,-7.428674E1
2.806971E0,-3.142576E1,-7.447687E1
2.811142E0,-3.117631E1,-7.416203E1
2.815313E0,-3.080362E1,-7.279709E1
2.819483E0,-2.980343E1,-7.110488E1
2.823654E0,-2.890323E1,-6.819319E1
2.827825E0,-2.752341E1,-6.483839E1
2.831996E0,-2.576743E1,-6.068192E1
2.836167E0,-2.404206E1,-5.550949E1
2.840337E0,-2.227982E1,-5.001986E1
2.844508E0,-1.988539E1,-4.317600E1
2.848679E0,-1.773803E1,-3.594115E1
2.852850E0,-1.531746E1,-2.875822E1
2.857021E0,-1.222161E1,-1.942579E1
2.861192E0,-9.646940E0,-9.662065E0
2.865363E0,-6.668278E0,-5.515084E-1
2.869533E0,-3.710666E0,1.040395E1
2.873704E0,-6.306832E-1,2.125039E1
2.877875E0,2.414033E0,3.110374E1
2.882046E0,4.581253E0,3.986891E1
2.886217E0,6.818893E0,4.856553E1
2.890387E0,8.624507E0,5.613621E1
2.894558E0,1.037908E1,6.307387E1
2.898729E0,1.217535E1,6.950498E1
2.902900E0,1.342774E1,7.487558E1
2.907071E0,1.432995E1,7.886946E1
2.911242E0,1.526442E1,8.310759E1
2.915412E0,1.586909E1,8.606172E1
2.919583E0,1.633315E1,8.784659E1
2.923754E0,1.626384E1,8.879770E1
2.927925E0,1.597970E1,8.919485E1
2.932096E0,1.552669E1,8.840458E1
2.936267E0,1.463100E1,8.668733E1
2.940437E0,1.345347E1,8.439693E1
2.944608E0,1.175913E1,8.081289E1
2.948779E0,1.000748E1,7.716862E1
2.952950E0,8.442230E0,7.151535E1
2.957121E0,6.264025E0,6.587958E1
2.961292E0,4.232674E0,5.941239E1
2.965463E0,2.148746E0,5.256034E1
2.969633E0,-6.294579E-1,4.276300E1
2.973804E0,-2.920703E0,3.440971E1
2.977975E0,-5.304894E0,2.472347E1
2.982146E0,-7.419747E0,1.486636E1
2.986317E0,-9.359186E0,3.853482E0
2.990487E0,-1.077475E1,-7.254481E0
2.994658E0,-1.167570E1,-1.710452E1
2.998829E0,-1.279868E1,-2.562214E1
3.003000E0,-1.345479E1,-3.371874E1
3.007171E0,-1.414851E1,-4.172187E1
3.011342E0,-1.485831E1,-4.823024E1
3.015512E0,-1.542136E1,-5.450435E1
3.019683E0,-1.581956E1,-5.962049E1
3.023854E0,-1.589306E1,-6.394224E1
3.028025E0,-1.642339E1,-6.772417E1
3.032196E0,-1.642378E1,-7.034500E1
3.036367E0,-1.645120E1,-7.237083E1
3.040538E0,-1.676978E1,-7.356640E1
3.044708E0,-1.654538E1,-7.432648E1
3.048879E0,-1.638117E1,-7.342844E1
3.053050E0,-1.643236E1,-7.226310E1
3.057221E0,-1.619434E1,-7.038573E1
3.061392E0,-1.565096E1,-6.735923E1
3.065562E0,-1.519101E1,-6.349317E1
3.069733E0,-1.478474E1,-5.917168E1
3.073904E0,-1.413687E1,-5.368156E1
3.078075E0,-1.346635E1,-4.821923E1
3.082246E0,-1.259159E1,-4.150860E1
3.086417E0,-1.184346E1,-3.429849E1
3.090588E0,-1.081001E1,-2.508452E1
3.094758E0,-1.000013E1,-1.677659E1
3.098929E0,-9.072245E0,-7.549737E0
3.103100E0,-7.711483E0,3.112026E0
3.107271E0,-6.580185E0,1.382166E1
3.111442E0,-5.055485E0,2.331520E1
3.115613E0,-3.450818E0,3.271382E1
3.119783E0,-1.761436E0,4.254854E1
3.123954E0,-3.541063E-2,5.089868E1
3.128125E0,2.118073E0,5.832436E1
3.132296E0,3.364588E0,6.459846E1
3.136467E0,4.901002E0,7.053119E1
3.140637E0,5.926078E0,7.514314E1
3.144808E0,6.784725E0,7.876688E1
3.148979E0,7.774696E0,8.154448E1
3.153150E0,8.337641E0,8.465805E1
3.157321E0,8.884765E0,8.579040E1
3.161492E0,9.111428E0,8.630457E1
3.165662E0,9.436483E0,8.615344E1
3.169833E0,9.471316E0,8.492650E1
3.174004E0,9.333449E0,8.254980E1
3.178175E0,8.877620E0,7.983258E1
3.182346E0,8.325130E0,7.608695E1
3.186517E0,7.515045E0,7.054427E1
3.190688E0,6.624573E0,6.501173E1
3.194858E0,5.547904E0,5.955796E1
3.199029E0,3.766776E0,5.213810E1
3.203200E0,2.295982E0,4.470964E1
3.207371E0,3.396180E-1,3.538639E1
3.211542E0,-1.646060E0,2.551795E1
3.215712E0,-3.664271E0,1.594872E1
3.219883E0,-5.282263E0,5.777328E0
3.224054E0,-7.631038E0,-3.589446E0
3.228225E0,-9.711752E0,-1.390500E1
3.232396E0,-1.150940E1,-2.288122E1
3.236567E0,-1.313220E1,-3.077193E1
3.240738E0,-1.437659E1,-3.903398E1
3.244908E0,-1.635092E1,-4.511609E1
3.249079E0,-1.759114E1,-5.133148E1
3.253250E0,-1.903230E1,-5.617272E1
3.257421E0,-1.973503E1,-6.059286E1
3.261592E0,-2.074297E1,-6.397034E1
3.265763E0,-2.178771E1,-6.689916E1
3.269933E0,-2.226518E1,-6.840508E1
3.274104E0,-2.250722E1,-6.950932E1
3.278275E0,-2.266662E1,-6.958593E1
3.282446E0,-2.293627E1,-6.888384E1
3.286617E0,-2.270251E1,-6.778458E1
3.290787E0,-2.221699E1,-6.581000E1
3.294958E0,-2.219473E1,-6.291628E1
3.299129E0,-2.171915E1,-5.987069E1
3.303300E0,-2.067006E1,-5.541710E1
3.307471E0,-1.953111E1,-5.066029E1
3.311642E0,-1.841900E1,-4.448369E1
3.315812E0,-1.696037E1,-3.791485E1
3.319983E0,-1.574116E1,-3.070292E1
3.324154E0,-1.382651E1,-2.240040E1
3.328325E0,-1.221574E1,-1.408474E1
3.332496E0,-9.921144E0,-4.344293E0
3.336667E0,-7.515892E0,5.498029E0
3.340838E0,-4.948629E0,1.571752E1
3.345008E0,-2.476200E0,2.409370E1
3.349179E0,3.579899E-1,3.335052E1
3.353350E0,3.073004E0,4.179291E1
3.357521E0,5.448464E0,4.884244E1
3.361692E0,7.802720E0,5.586726E1
3.365862E0,9.708849E0,6.177742E1
3.370033E0,1.129986E1,6.740271E1
3.374204E0,1.300324E1,7.181525E1
3.378375E0,1.446210E1,7.544994E1
3.382546E0,1.521334E1,7.786253E1
3.386717E0,1.595618E1,7.986007E1
3.390888E0,1.653107E1,8.054824E1
3.395058E0,1.677465E1,8.036027E1
3.399229E0,1.663426E1,8.039024E1
3.403400E0,1.578591E1,7.879539E1
3.407571E0,1.516595E1,7.678586E1
3.411742E0,1.391828E1,7.359699E1
3.415913E0,1.277121E1,6.930781E1
3.420083E0,1.078093E1,6.434617E1
3.424254E0,8.502436E0,5.891747E1
3.428425E0,6.190233E0,5.303508E1
3.432596E0,3.820433E0,4.549175E1
3.436767E0,9.280155E-1,3.712782E1
3.440937E0,-1.725784E0,2.921173E1
3.445108E0,-4.851768E0,1.920429E1
3.449279E0,-7.495993E0,9.151486E0
3.453450E0,-9.914158E0,-1.022711E0
3.457621E0,-1.239974E1,-1.103472E1
3.461792E0,-1.407663E1,-1.927617E1
3.465963E0,-1.570241E1,-2.687528E1
3.470133E0,-1.754578E1,-3.452664E1
3.474304E0,-1.889060E1,-4.054063E1
3.478475E0,-1.986161E1,-4.623656E1
3.482646E0,-2.104888E1,-5.122794E1
3.486817E0,-2.148419E1,-5.527224E1
3.490988E0,-2.211061E1,-5.864875E1
3.495158E0,-2.231638E1,-6.122596E1
3.499329E0,-2.275920E1,-6.324571E1
3.503500E0,-2.289656E1,-6.447069E1
3.507671E0,-2.261328E1,-6.453595E1
3.511842E0,-2.226735E1,-6.407109E1
3.516013E0,-2.192886E1,-6.296013E1
3.520183E0,-2.138027E1,-6.129564E1
3.524354E0,-2.036873E1,-5.865797E1
3.528525E0,-1.937051E1,-5.526709E1
3.532696E0,-1.855154E1,-5.102862E1
3.536867E0,-1.704356E1,-4.616813E1
3.541037E0,-1.551028E1,-4.074097E1
3.545208E0,-1.402850E1,-3.405529E1
3.549379E0,-1.239136E1,-2.708100E1
3.553550E0,-1.034211E1,-1.914116E1
3.557721E0,-9.071913E0,-1.092432E1
3.561892E0,-6.745820E0,-1.190758E0
3.566063E0,-4.725740E0,7.653731E0
3.570233E0,-3.015524E0,1.709454E1
3.574404E0,-9.459433E-1,2.647535E1
3.578575E0,9.848625E-1,3.557527E1
3.582746E0,2.761680E0,4.341019E1
3.586917E0,4.623195E0,5.115014E1
3.591087E0,5.577131E0,5.714322E1
3.595258E0,6.879510E0,6.298807E1
3.599429E0,8.083938E0,6.767536E1
3.603600E0,8.877574E0,7.166099E1
3.607771E0,9.452086E0,7.483353E1
3.611942E0,9.793701E0,7.665231E1
3.616113E0,9.520611E0,7.813017E1
3.620283E0,9.477944E0,7.874582E1
3.624454E0,9.400836E0,7.870235E1
3.628625E0,9.137782E0,7.754574E1
3.632796E0,8.324441E0,7.561079E1
3.636967E0,7.487764E0,7.234917E1
3.641138E0,6.229498E0,6.949438E1
3.645308E0,5.246983E0,6.489812E1
3.649479E0,3.580428E0,5.901785E1
3.653650E0,2.275517E0,5.313652E1
3.657821E0,4.047977E-1,4.541824E1
3.661992E0,-1.395069E0,3.813770E1
3.666162E0,-3.394874E0,2.937057E1
3.670333E0,-4.736492E0,2.068014E1
3.674504E0,-6.396357E0,1.101202E1
3.678675E0,-7.646577E0,8.176604E-1
3.682846E0,-8.503081E0,-8.606971E0
3.687017E0,-9.571084E0,-1.782059E1
3.691187E0,-1.026274E1,-2.528549E1
3.695358E0,-1.112991E1,-3.242348E1
3.699529E0,-1.198504E1,-3.943640E1
3.703700E0,-1.259619E1,-4.486779E1
3.707871E0,-1.291169E1,-5.020720E1
3.712042E0,-1.334129E1,-5.384541E1
3.716213E0,-1.383284E1,-5.741037E1
3.720383E0,-1.428834E1,-6.022921E1
3.724554E0,-1.462953E1,-6.241408E1
3.728725E0,-1.495521E1,-6.329495E1
3.732896E0,-1.521626E1,-6.356114E1
3.737067E0,-1.523940E1,-6.323255E1
3.741237E0,-1.545193E1,-6.186233E1
3.745408E0,-1.518288E1,-5.979139E1
3.749579E0,-1.516494E1,-5.695378E1
3.753750E0,-1.475520E1,-5.372859E1
3.757921E0,-1.447501E1,-4.878668E1
3.762092E0,-1.397393E1,-4.380008E1
3.766263E0,-1.341203E1,-3.826388E1
3.770433E0,-1.299956E1,-3.156452E1
3.774604E0,-1.235458E1,-2.375987E1
3.778775E0,-1.145145E1,-1.648708E1
3.782946E0,-1.031624E1,-7.878112E0
3.787117E0,-9.433400E0,1.198143E0
3.791287E0,-8.029365E0,1.127170E1
3.795458E0,-6.294419E0,1.996107E1
3.799629E0,-4.148547E0,2.904055E1
3.803800E0,-2.077888E0,3.764687E1
3.807971E0,-2.699936E-2,4.514729E1
3.812142E0,1.993354E0,5.154573E1
3.816312E0,3.665620E0,5.715609E1
3.820483E0,5.438499E0,6.199399E1
3.824654E0,6.788626E0,6.604989E1
3.828825E0,8.031805E0,6.994377E1
3.832996E0,9.194980E0,7.224027E1
3.837167E0,9.842183E0,7.403372E1
3.841338E0,1.064492E1,7.463249E1
3.845508E0,1.094344E1,7.519475E1
3.849679E0,1.130575E1,7.403204E1
3.853850E0,1.109360E1,7.216766E1
3.858021E0,1.093411E1,6.956823E1
3.862192E0,1.036393E1,6.600367E1
3.866363E0,9.529592E0,6.181152E1
3.870533E0,8.308405E0,5.725616E1
3.874704E0,6.659101E0,5.165014E1
3.878875E0,4.927182E0,4.594016E1
3.883046E0,3.061590E0,3.816593E1
3.887217E0,7.807805E-1,2.993932E1
3.891388E0,-1.358255E0,2.147322E1
3.895558E0,-3.828429E0,1.213006E1
3.899729E0,-6.697691E0,2.531911E0
3.903900E0,-8.839249E0,-6.556861E0
3.908071E0,-1.126656E1,-1.439741E1
3.912242E0,-1.355653E1,-2.206579E1
3.916412E0,-1.552785E1,-2.876017E1
3.920583E0,-1.758723E1,-3.489998E1
3.924754E0,-1.879900E1,-4.011982E1
3.928925E0,-2.036304E1,-4.518165E1
3.933096E0,-2.163385E1,-4.928279E1
3.937267E0,-2.240164E1,-5.240828E1
3.941438E0,-2.293899E1,-5.443533E1
3.945608E0,-2.365626E1,-5.620533E1
3.949779E0,-2.389920E1,-5.732064E1
3.953950E0,-2.377147E1,-5.780883E1
3.958121E0,-2.345311E1,-5.718244E1
3.962292E0,-2.317774E1,-5.615218E1
3.966463E0,-2.270027E1,-5.434592E1
3.970633E0,-2.189476E1,-5.183476E1
3.974804E0,-2.088210E1,-4.847783E1
3.978975E0,-1.908915E1,-4.428933E1
3.983146E0,-1.770674E1,-3.944068E1
3.987317E0,-1.589644E1,-3.386638E1
3.991488E0,-1.422132E1,-2.820356E1
3.995658E0,-1.234474E1,-2.046371E1
3.999829E0,-1.030251E1,-1.324679E1
4.004000E0,-8.300537E0,-5.415806E0
4.008171E0,-5.960879E0,3.435953E0
4.012342E0,-3.130861E0,1.295703E1
4.016513E0,-5.645129E-1,2.226183E1
4.020683E0,1.604677E0,2.927277E1
4.024854E0,3.496413E0,3.731267E1
4.029025E0,5.581405E0,4.406218E1
4.033196E0,7.288045E0,5.074079E1
4.037367E0,8.688764E0,5.576205E1
4.041537E0,9.800616E0,6.065636E1
4.045708E0,1.076792E1,6.429109E1
4.049879E0,1.143524E1,6.761632E1
4.054050E0,1.174722E1,6.970910E1
4.058221E0,1.219860E1,7.157434E1
4.062392E0,1.224437E1,7.197018E1
4.066562E0,1.197348E1,7.169140E1
4.070733E0,1.144091E1,7.056556E1
4.074904E0,1.065774E1,6.836439E1
4.079075E0,9.148738E0,6.574210E1
4.083246E0,7.653093E0,6.190939E1
4.087417E0,5.885250E0,5.763615E1
4.091588E0,4.231445E0,5.248373E1
4.095758E0,2.213325E0,4.720384E1
4.099929E0,-1.140182E-1,3.994277E1
4.104100E0,-2.481054E0,3.155537E1
4.108271E0,-4.544023E0,2.418493E1
4.112442E0,-6.534465E0,1.546630E1
4.116613E0,-8.463180E0,5.568847E0
4.120783E0,-9.879705E0,-2.660921E0
4.124954E0,-1.096484E1,-1.166973E1
4.129125E0,-1.224083E1,-1.927914E1
4.133296E0,-1.265046E1,-2.606544E1
4.137467E0,-1.353051E1,-3.255818E1
4.141637E0,-1.394061E1,-3.763369E1
4.145808E0,-1.468305E1,-4.237963E1
4.149979E0,-1.523273E1,-4.655233E1
4.154150E0,-1.564216E1,-4.985789E1
4.158321E0,-1.578114E1,-5.236546E1
4.162492E0,-1.577923E1,-5.387658E1
4.166663E0,-1.562468E1,-5.473068E1
4.170833E0,-1.566082E1,-5.495002E1
4.175004E0,-1.536307E1,-5.444010E1
4.179175E0,-1.552757E1,-5.295637E1
4.183346E0,-1.495055E1,-5.098492E1
4.187517E0,-1.426567E1,-4.810171E1
4.191687E0,-1.391549E1,-4.432591E1
4.195858E0,-1.334768E1,-4.035504E1
4.200029E0,-1.279025E1,-3.512095E1
4.204200E0,-1.194589E1,-2.912562E1
4.208371E0,-1.136948E1,-2.307322E1
4.212542E0,-1.039071E1,-1.536185E1
4.216712E0,-9.426479E0,-7.487048E0
4.220883E0,-8.131393E0,8.810383E-1
4.225054E0,-6.950737E0,9.691004E0
4.229225E0,-5.604503E0,1.860089E1
4.233396E0,-3.999478E0,2.776974E1
4.237567E0,-2.407094E0,3.501483E1
4.241738E0,-5.119255E-1,4.251215E1
4.245908E0,9.040188E-1,4.867728E1
4.250079E0,2.307902E0,5.389939E1
4.254250E0,3.500672E0,5.840943E1
4.258421E0,4.689725E0,6.253182E1
4.262592E0,5.556779E0,6.581353E1
4.266762E0,5.950668E0,6.790853E1
4.270933E0,6.824102E0,6.928032E1
4.275104E0,7.213398E0,7.044656E1
4.279275E0,7.209303E0,7.001536E1
4.283446E0,7.258354E0,6.883287E1
4.287617E0,7.088030E0,6.673565E1
4.291788E0,6.515271E0,6.436117E1
4.295958E0,6.030845E0,6.107352E1
4.300129E0,5.122232E0,5.624645E1
4.304300E0,3.873035E0,5.080586E1
4.308471E0,2.884884E0,4.516708E1
4.312642E0,1.539455E0,3.816653E1
4.316813E0,2.147322E-2,3.024611E1
4.320983E0,-2.030944E0,2.200352E1
4.325154E0,-3.560081E0,1.392504E1
4.329325E0,-5.385868E0,4.824882E0
4.333496E0,-7.385211E0,-3.459856E0
4.337667E0,-9.412511E0,-1.136374E1
4.341837E0,-1.093906E1,-1.870625E1
4.346008E0,-1.236373E1,-2.545917E1
4.350179E0,-1.376093E1,-3.063966E1
4.354350E0,-1.550885E1,-3.609840E1
4.358521E0,-1.616021E1,-3.995370E1
4.362692E0,-1.718119E1,-4.358239E1
4.366862E0,-1.801514E1,-4.671584E1
4.371033E0,-1.867963E1,-4.874495E1
4.375204E0,-1.894095E1,-5.023490E1
4.379375E0,-1.903499E1,-5.095168E1
4.383546E0,-1.904550E1,-5.091396E1
4.387717E0,-1.911539E1,-5.019601E1
4.391888E0,-1.881474E1,-4.871190E1
4.396058E0,-1.823379E1,-4.637455E1
4.400229E0,-1.769791E1,-4.340482E1
4.404400E0,-1.705946E1,-3.954159E1
4.408571E0,-1.571946E1,-3.508506E1
4.412742E0,-1.484061E1,-3.015475E1
4.416913E0,-1.343297E1,-2.430993E1
4.421083E0,-1.212938E1,-1.800912E1
4.425254E0,-9.933647E0,-1.104085E1
4.429425E0,-8.684437E0,-3.047105E0
4.433596E0,-6.460764E0,5.396357E0
4.437767E0,-4.322556E0,1.390742E1
4.441937E0,-2.310539E0,2.176605E1
4.446108E0,-1.942832E-1,2.959673E1
4.450279E0,2.081466E0,3.726798E1
4.454450E0,4.005919E0,4.391481E1
4.458621E0,5.773868E0,4.875913E1
4.462792E0,7.102493E0,5.370628E1
4.466962E0,8.500164E0,5.811460E1
4.471133E0,9.428060E0,6.082498E1
4.475304E0,1.045984E1,6.346944E1
4.479475E0,1.089933E1,6.507177E1
4.483646E0,1.131832E1,6.601902E1
4.487817E0,1.139890E1,6.603539E1
4.491988E0,1.113233E1,6.518668E1
4.496158E0,1.070748E1,6.346787E1
4.500329E0,9.705296E0,6.120966E1
4.504500E0,8.753790E0,5.797521E1
4.508671E0,7.453028E0,5.421479E1
4.512842E0,6.004946E0,4.968032E1
4.517012E0,4.178917E0,4.416155E1
4.521183E0,1.991160E0,3.753568E1
4.525354E0,-2.711074E-1,2.996353E1
4.529525E0,-2.756982E0,2.267383E1
4.533696E0,-5.002125E0,1.472177E1
4.537867E0,-6.900921E0,6.475796E0
4.542038E0,-9.210150E0,-2.222278E0
4.546208E0,-1.115437E1,-9.690631E0
4.550379E0,-1.269709E1,-1.640718E1
4.554550E0,-1.386363E1,-2.272874E1
4.558721E0,-1.524723E1,-2.815569E1
4.562892E0,-1.639891E1,-3.313646E1
4.567062E0,-1.752406E1,-3.759257E1
4.571233E0,-1.849288E1,-4.063441E1
4.575404E0,-1.903559E1,-4.336715E1
4.579575E0,-1.904838E1,-4.544515E1
4.583746E0,-1.902375E1,-4.656284E1
4.587917E0,-1.906908E1,-4.695677E1
4.592087E0,-1.843150E1,-4.701377E1
4.596258E0,-1.845093E1,-4.637884E1
4.600429E0,-1.784578E1,-4.453761E1
4.604600E0,-1.710084E1,-4.243565E1
4.608771E0,-1.613099E1,-3.949831E1
4.612942E0,-1.531669E1,-3.531826E1
4.617113E0,-1.427476E1,-3.115618E1
4.621283E0,-1.289813E1,-2.635960E1
4.625454E0,-1.157522E1,-2.050420E1
4.629625E0,-9.935260E0,-1.410771E1
4.633796E0,-8.371259E0,-7.261522E0
4.637967E0,-6.762987E0,2.262364E-1
4.642137E0,-4.761721E0,8.667973E0
4.646308E0,-3.188046E0,1.742401E1
4.650479E0,-1.447253E0,2.597613E1
4.654650E0,5.910905E-2,3.276002E1
4.658821E0,1.697963E0,3.971226E1
4.662992E0,2.805261E0,4.534946E1
4.667163E0,3.943500E0,5.056548E1
4.671333E0,4.967995E0,5.514872E1
4.675504E0,5.826129E0,5.855452E1
4.679675E0,6.367674E0,6.101230E1
4.683846E0,6.592758E0,6.281519E1
4.688017E0,6.590854E0,6.400156E1
4.692188E0,6.201724E0,6.434385E1
4.696358E0,6.242722E0,6.416679E1
4.700529E0,5.576420E0,6.255714E1
4.704700E0,5.042443E0,6.066355E1
4.708871E0,4.045871E0,5.755730E1
4.713042E0,3.069800E0,5.392665E1
4.717212E0,2.258227E0,4.929196E1
4.721383E0,6.709642E-1,4.378400E1
4.725554E0,-7.305599E-1,3.780601E1
4.729725E0,-2.508068E0,3.101351E1
4.733896E0,-3.849280E0,2.376907E1
4.738067E0,-4.965057E0,1.619668E1
4.742237E0,-6.284324E0,6.703313E0
4.746408E0,-7.344991E0,-1.439949E0
4.750579E0,-8.159387E0,-9.030369E0
4.754750E0,-9.341435E0,-1.618645E1
4.758921E0,-1.010571E1,-2.211285E1
4.763092E0,-1.077872E1,-2.774090E1
4.767263E0,-1.128048E1,-3.249857E1
4.771433E0,-1.223172E1,-3.706364E1
4.775604E0,-1.261543E1,-4.012660E1
4.779775E0,-1.322790E1,-4.257902E1
4.783946E0,-1.362017E1,-4.435455E1
4.788117E0,-1.385669E1,-4.562004E1
4.792288E0,-1.418387E1,-4.596476E1
4.796458E0,-1.435340E1,-4.537470E1
4.800629E0,-1.473814E1,-4.429258E1
4.804800E0,-1.447423E1,-4.236494E1
4.808971E0,-1.447777E1,-3.996061E1
4.813142E0,-1.419472E1,-3.648981E1
4.817312E0,-1.407880E1,-3.242178E1
4.821483E0,-1.370400E1,-2.735507E1
4.825654E0,-1.299581E1,-2.228336E1
4.829825E0,-1.227590E1,-1.644358E1
4.833996E0,-1.148977E1,-9.890261E0
4.838167E0,-1.043083E1,-1.726956E0
4.842337E0,-9.306438E0,5.669948E0
4.846508E0,-7.445915E0,1.380927E1
4.850679E0,-5.727291E0,2.144919E1
4.854850E0,-3.839414E0,2.911770E1
4.859021E0,-1.431927E0,3.571508E1
4.863192E0,2.519869E-1,4.166064E1
4.867363E0,2.318892E0,4.651392E1
4.871533E0,3.970112E0,5.124235E1
4.875704E0,5.519968E0,5.471617E1
4.879875E0,6.459061E0,5.718427E1
4.884046E0,7.723329E0,5.878950E1
4.888217E0,8.239142E0,6.033829E1
4.892387E0,8.553936E0,6.060248E1
4.896558E0,8.780592E0,6.015731E1
4.900729E0,8.430659E0,5.933968E1
4.904900E0,8.311051E0,5.760201E1
4.909071E0,7.730536E0,5.465443E1
4.913242E0,6.494158E0,5.139355E1
4.917413E0,5.373453E0,4.749282E1
4.921583E0,3.591717E0,4.165100E1
4.925754E0,2.065060E0,3.623067E1
4.929925E0,4.601151E-2,2.990950E1
4.934096E0,-1.993456E0,2.280506E1
4.938267E0,-4.181533E0,1.486358E1
4.942437E0,-6.593222E0,6.888144E0
4.946608E0,-9.093237E0,-1.035933E0
4.950779E0,-1.145448E1,-7.631722E0
4.954950E0,-1.332986E1,-1.424330E1
4.959121E0,-1.528195E1,-1.959571E1
4.963292E0,-1.674647E1,-2.467473E1
4.967462E0,-1.841811E1,-2.949592E1
4.971633E0,-1.957989E1,-3.225536E1
4.975804E0,-2.024852E1,-3.561015E1
4.979975E0,-2.076599E1,-3.760967E1
4.984146E0,-2.120993E1,-3.924408E1
4.988317E0,-2.161463E1,-4.034517E1
4.992488E0,-2.130634E1,-4.040199E1
4.996658E0,-2.112450E1,-3.961540E1
5.000829E0,-2.040810E1,-3.880121E1
5.005000E0,-1.963567E1,-3.707390E1
5.009171E0,-1.877410E1,-3.455270E1
5.013342E0,-1.720902E1,-3.152085E1
5.017512E0,-1.600196E1,-2.779481E1
5.021683E0,-1.419196E1,-2.303175E1
5.025854E0,-1.241237E1,-1.822478E1
5.030025E0,-1.069137E1,-1.205244E1
5.034196E0,-8.499745E0,-5.735064E0
5.038367E0,-6.361042E0,1.752712E0
5.042538E0,-4.255709E0,9.357728E0
5.046708E0,-2.591609E0,1.697235E1
5.050879E0,-7.414389E-1,2.447878E1
5.055050E0,1.262849E0,3.135946E1
5.059221E0,2.657530E0,3.705380E1
5.063392E0,3.851134E0,4.248756E1
5.067563E0,5.019303E0,4.683477E1
5.071733E0,5.884469E0,5.043150E1
5.075904E0,6.577690E0,5.373293E1
5.080075E0,6.847774E0,5.619935E1
5.084246E0,7.385441E0,5.759686E1
5.088417E0,7.224850E0,5.839743E1
5.092587E0,6.954253E0,5.827920E1
5.096758E0,6.525927E0,5.729826E1
5.100929E0,5.584282E0,5.569608E1
5.105100E0,4.607941E0,5.334250E1
5.109271E0,3.063021E0,4.997642E1
5.113442E0,1.703540E0,4.589620E1
5.117612E0,2.531888E-1,4.136106E1
5.121783E0,-1.516412E0,3.567269E1
5.125954E0,-3.271829E0,2.939924E1
5.130125E0,-4.797206E0,2.253865E1
5.134296E0,-6.573887E0,1.482627E1
5.138467E0,-7.581543E0,7.286544E0
5.142638E0,-8.776442E0,-1.047431E-1
5.146808E0,-9.578490E0,-7.263347E0
5.150979E0,-1.026096E1,-1.436275E1
5.155150E0,-1.096971E1,-1.934239E1
5.159321E0,-1.159236E1,-2.421409E1
5.163492E0,-1.238550E1,-2.861352E1
5.167663E0,-1.285779E1,-3.197488E1
5.171833E0,-1.284408E1,-3.468970E1
5.176004E0,-1.339231E1,-3.669384E1
5.180175E0,-1.378031E1,-3.815085E1
5.184346E0,-1.383578E1,-3.893505E1
5.188517E0,-1.379626E1,-3.879106E1
5.192687E0,-1.382764E1,-3.812739E1
5.196858E0,-1.382176E1,-3.649646E1
5.201029E0,-1.340766E1,-3.393843E1
5.205200E0,-1.349686E1,-3.090705E1
5.209371E0,-1.312062E1,-2.747891E1
5.213542E0,-1.255815E1,-2.336095E1
5.217712E0,-1.164736E1,-1.782082E1
5.221883E0,-1.079544E1,-1.203392E1
5.226054E0,-9.830663E0,-5.697699E0
5.230225E0,-8.783226E0,1.369728E0
5.234396E0,-7.511177E0,8.729641E0
5.238567E0,-6.032286E0,1.599038E1
5.242738E0,-3.948727E0,2.340686E1
5.246908E0,-2.379752E0,2.977338E1
5.251079E0,-5.539708E-1,3.603883E1
5.255250E0,1.588095E0,4.127755E1
5.259421E0,2.970438E0,4.564421E1
5.263592E0,4.799417E0,4.933002E1
5.267762E0,5.325704E0,5.203000E1
5.271933E0,6.341704E0,5.410727E1
5.276104E0,7.268488E0,5.540730E1
5.280275E0,7.774960E0,5.561597E1
5.284446E0,7.742703E0,5.564026E1
5.288617E0,7.686419E0,5.468256E1
5.292788E0,7.440955E0,5.341410E1
5.296958E0,7.086322E0,5.080749E1
5.301129E0,5.952539E0,4.709682E1
5.305300E0,4.917562E0,4.339979E1
5.309471E0,3.670781E0,3.861400E1
5.313642E0,1.678323E0,3.291269E1
5.317812E0,-3.580352E-1,2.713192E1
5.321983E0,-2.453376E0,2.039264E1
5.326154E0,-4.609769E0,1.288998E1
5.330325E0,-7.043626E0,5.731704E0
5.334496E0,-9.368923E0,-1.081980E0
5.338667E0,-1.140330E1,-7.428243E0
5.342837E0,-1.333889E1,-1.334757E1
5.347008E0,-1.522791E1,-1.835110E1
5.351179E0,-1.664563E1,-2.259190E1
5.355350E0,-1.770885E1,-2.602204E1
5.359521E0,-1.897948E1,-2.892143E1
5.363692E0,-1.911543E1,-3.150853E1
5.367863E0,-1.978136E1,-3.297906E1
5.372033E0,-1.954732E1,-3.410639E1
5.376204E0,-1.947316E1,-3.461912E1
5.380375E0,-1.940020E1,-3.422147E1
5.384546E0,-1.899250E1,-3.308662E1
5.388717E0,-1.795528E1,-3.146915E1
5.392887E0,-1.697598E1,-2.891973E1
5.397058E0,-1.575099E1,-2.604684E1
5.401229E0,-1.415158E1,-2.217838E1
5.405400E0,-1.241887E1,-1.797915E1
5.409571E0,-1.053486E1,-1.248357E1
5.413742E0,-8.939512E0,-7.358186E0
5.417913E0,-6.717828E0,-1.059657E0
5.422083E0,-4.697338E0,4.939117E0
5.426254E0,-2.623918E0,1.264737E1
5.430425E0,-8.636139E-1,1.961055E1
5.434596E0,9.605763E-1,2.610361E1
5.438767E0,2.579003E0,3.222258E1
5.442938E0,3.817886E0,3.772383E1
5.447108E0,4.614090E0,4.199135E1
5.451279E0,5.489993E0,4.551968E1
5.455450E0,6.172914E0,4.896650E1
5.459621E0,6.485437E0,5.104659E1
5.463792E0,6.934182E0,5.250245E1
5.467962E0,6.743660E0,5.284048E1
5.472133E0,6.372490E0,5.304256E1
5.476304E0,6.064260E0,5.256012E1
5.480475E0,5.431474E0,5.070063E1
5.484646E0,4.266793E0,4.857043E1
5.488817E0,3.205796E0,4.534612E1
5.492987E0,1.976050E0,4.183416E1
5.497158E0,4.273200E-1,3.708475E1
5.501329E0,-1.341713E0,3.138698E1
5.505500E0,-3.000782E0,2.594345E1
5.509671E0,-4.581704E0,1.862134E1
5.513842E0,-5.662839E0,1.181688E1
5.518013E0,-6.990705E0,3.847789E0
5.522183E0,-7.926529E0,-2.888909E0
5.526354E0,-9.053535E0,-9.163067E0
5.530525E0,-9.606906E0,-1.445956E1
5.534696E0,-1.019898E1,-1.918969E1
5.538867E0,-1.109121E1,-2.330663E1
5.543038E0,-1.170335E1,-2.678801E1
5.547208E0,-1.200484E1,-2.942136E1
5.551379E0,-1.235351E1,-3.169209E1
5.555550E0,-1.267923E1,-3.289625E1
5.559721E0,-1.284744E1,-3.345573E1
5.563892E0,-1.305088E1,-3.332396E1
5.568062E0,-1.281482E1,-3.272867E1
5.572233E0,-1.263919E1,-3.125372E1
5.576404E0,-1.256839E1,-2.885777E1
5.580575E0,-1.232981E1,-2.581171E1
5.584746E0,-1.189012E1,-2.238952E1
5.588917E0,-1.125150E1,-1.819630E1
5.593087E0,-1.051511E1,-1.323714E1
5.597258E0,-9.718230E0,-7.592158E0
5.601429E0,-8.828277E0,-1.537392E0
5.605600E0,-7.189613E0,5.640615E0
5.609771E0,-5.931711E0,1.214645E1
5.613942E0,-4.463895E0,1.852570E1
5.618113E0,-2.324483E0,2.563534E1
5.622283E0,-7.394113E-1,3.105443E1
5.626454E0,1.252542E0,3.599627E1
5.630625E0,2.883375E0,4.046373E1
5.634796E0,4.318299E0,4.391676E1
5.638967E0,5.632803E0,4.675172E1
5.643137E0,6.521386E0,4.876975E1
5.647308E0,7.236365E0,5.001672E1
5.651479E0,7.806040E0,5.047481E1
5.655650E0,8.050980E0,5.044313E1
5.659821E0,7.621205E0,4.923390E1
5.663992E0,7.334923E0,4.768763E1
5.668163E0,6.920893E0,4.541767E1
5.672333E0,5.698441E0,4.236187E1
5.676504E0,4.273130E0,3.882751E1
5.680675E0,2.975312E0,3.395334E1
5.684846E0,1.226113E0,2.867235E1
5.689017E0,-8.387589E-1,2.284478E1
5.693187E0,-2.971623E0,1.625266E1
5.697358E0,-4.994962E0,9.093991E0
5.701529E0,-7.096500E0,2.731614E0
5.705700E0,-9.169199E0,-3.252741E0
5.709871E0,-1.057503E1,-8.775472E0
5.714042E0,-1.255254E1,-1.370288E1
5.718212E0,-1.390267E1,-1.823851E1
5.722383E0,-1.523075E1,-2.188726E1
5.726554E0,-1.615934E1,-2.513829E1
5.730725E0,-1.666362E1,-2.738442E1
5.734896E0,-1.699586E1,-2.896820E1
5.739067E0,-1.743959E1,-3.000217E1
5.743238E0,-1.737392E1,-3.036825E1
5.747408E0,-1.723000E1,-3.019857E1
5.751579E0,-1.669692E1,-2.916723E1
5.755750E0,-1.596212E1,-2.757738E1
5.759921E0,-1.497570E1,-2.487147E1
5.764092E0,-1.352214E1,-2.228931E1
5.768262E0,-1.198930E1,-1.868818E1
5.772433E0,-1.058740E1,-1.444872E1
5.776604E0,-9.090100E0,-9.354912E0
5.780775E0,-7.406258E0,-3.868411E0
5.784946E0,-5.551337E0,2.130390E0
5.789117E0,-3.656313E0,8.455841E0
5.793287E0,-1.765950E0,1.543644E1
5.797458E0,-2.444779E-1,2.211724E1
5.801629E0,1.108765E0,2.818292E1
5.805800E0,2.464715E0,3.313822E1
5.809971E0,3.546107E0,3.785425E1
5.814142E0,4.286949E0,4.172708E1
5.818313E0,4.984825E0,4.457900E1
5.822483E0,5.406306E0,4.685250E1
5.826654E0,5.213069E0,4.812478E1
5.830825E0,5.319054E0,4.889956E1
5.834996E0,5.192930E0,4.880314E1
5.839167E0,4.708468E0,4.794121E1
5.843337E0,4.213412E0,4.677725E1
5.847508E0,3.567714E0,4.449552E1
5.851679E0,2.379572E0,4.174340E1
5.855850E0,1.276073E0,3.765291E1
5.860021E0,-2.533513E-1,3.344341E1
5.864192E0,-1.603316E0,2.818882E1
5.868362E0,-2.854735E0,2.227210E1
5.872533E0,-4.027130E0,1.573181E1
5.876704E0,-4.990919E0,8.875147E0
5.880875E0,-5.754432E0,2.119011E0
5.885046E0,-6.812138E0,-3.824835E0
5.889217E0,-7.756389E0,-9.801708E0
5.893388E0,-8.727641E0,-1.439231E1
5.897558E0,-9.389674E0,-1.873294E1
5.901729E0,-1.011413E1,-2.196330E1
5.905900E0,-1.068720E1,-2.466400E1
5.910071E0,-1.110363E1,-2.672541E1
5.914242E0,-1.165420E1,-2.822097E1
5.918413E0,-1.182948E1,-2.898494E1
5.922583E0,-1.203708E1,-2.907765E1
5.926754E0,-1.210616E1,-2.861963E1
5.930925E0,-1.193037E1,-2.729658E1
5.935096E0,-1.190229E1,-2.544110E1
5.939267E0,-1.150779E1,-2.283133E1
5.943437E0,-1.157000E1,-1.915865E1
5.947608E0,-1.073454E1,-1.515128E1
5.951779E0,-1.023377E1,-1.118744E1
5.955950E0,-9.645817E0,-5.626592E0
5.960121E0,-8.570584E0,5.576317E-1
5.964292E0,-6.970627E0,6.870914E0
5.968462E0,-5.337072E0,1.328617E1
5.972633E0,-3.854812E0,1.960294E1
5.976804E0,-1.617681E0,2.556753E1
5.980975E0,3.219974E-1,3.071168E1
5.985146E0,2.288997E0,3.509521E1
5.989317E0,4.064578E0,3.848834E1
5.993488E0,5.346752E0,4.157949E1
5.997658E0,6.342741E0,4.398970E1
6.001829E0,7.405253E0,4.536285E1
6.006000E0,7.828307E0,4.620493E1
6.010171E0,7.990611E0,4.615750E1
6.014342E0,8.274597E0,4.550568E1
6.018512E0,7.960991E0,4.407405E1
6.022683E0,7.570995E0,4.184372E1
6.026854E0,6.483973E0,3.906572E1
6.031025E0,5.091289E0,3.550150E1
6.035196E0,3.890995E0,3.178562E1
6.039367E0,2.054657E0,2.648531E1
6.043538E0,-4.480203E-1,2.117803E1
6.047708E0,-2.794594E0,1.504586E1
6.051879E0,-4.468302E0,8.300745E0
6.056050E0,-7.254406E0,1.967995E0
6.060221E0,-9.429320E0,-3.143207E0
6.064392E0,-1.136422E1,-8.386295E0
6.068562E0,-1.343958E1,-1.289672E1
6.072733E0,-1.435814E1,-1.618855E1
6.076904E0,-1.579676E1,-1.974792E1
6.081075E0,-1.666767E1,-2.192647E1
6.085246E0,-1.710121E1,-2.418459E1
6.089417E0,-1.665014E1,-2.516970E1
6.093587E0,-1.700971E1,-2.547000E1
6.097758E0,-1.696026E1,-2.546823E1
6.101929E0,-1.639126E1,-2.496418E1
6.106100E0,-1.543293E1,-2.352349E1
6.110271E0,-1.476999E1,-2.184437E1
6.114442E0,-1.335208E1,-1.929395E1
6.118613E0,-1.188134E1,-1.605243E1
6.122783E0,-9.881931E0,-1.185149E1
6.126954E0,-8.441459E0,-7.820263E0
6.131125E0,-6.541385E0,-2.980722E0
6.135296E0,-4.791889E0,2.590861E0
6.139467E0,-2.558619E0,8.459377E0
6.143637E0,-1.051015E0,1.493901E1
6.147808E0,6.160787E-1,2.123478E1
6.151979E0,1.943991E0,2.666360E1
6.156150E0,2.863844E0,3.165926E1
6.160321E0,3.900970E0,3.599044E1
6.164492E0,4.543349E0,3.860040E1
6.168662E0,4.889453E0,4.147710E1
6.172833E0,4.871582E0,4.315688E1
6.177004E0,5.012835E0,4.437322E1
6.181175E0,4.528307E0,4.495294E1
6.185346E0,4.211923E0,4.457570E1
6.189517E0,3.819945E0,4.352011E1
6.193688E0,2.634577E0,4.133606E1
6.197858E0,1.422489E0,3.898305E1
6.202029E0,5.235770E-1,3.552183E1
6.206200E0,-8.120691E-1,3.161718E1
6.210371E0,-1.696179E0,2.662479E1
6.214542E0,-2.837884E0,2.159251E1
6.218712E0,-3.726120E0,1.537222E1
6.222883E0,-4.560600E0,8.673858E0
6.227054E0,-5.179528E0,2.858993E0
6.231225E0,-6.090467E0,-2.891871E0
6.235396E0,-6.890355E0,-8.013594E0
6.239567E0,-7.487708E0,-1.241714E1
6.243737E0,-8.022429E0,-1.629306E1
6.247908E0,-8.605636E0,-1.930866E1
6.252079E0,-9.347055E0,-2.175096E1
6.256250E0,-9.487473E0,-2.349438E1
6.260421E0,-1.023510E1,-2.460613E1
6.264592E0,-1.054708E1,-2.474424E1
6.268763E0,-1.074812E1,-2.472176E1
6.272933E0,-1.079907E1,-2.382091E1
6.277104E0,-1.079231E1,-2.224135E1
6.281275E0,-1.066783E1,-1.945279E1
6.285446E0,-1.058994E1,-1.689037E1
6.289617E0,-1.020888E1,-1.325029E1
6.293788E0,-9.967821E0,-9.085678E0
6.297958E0,-9.049984E0,-4.026622E0
6.302129E0,-8.130017E0,9.099100E-1
6.306300E0,-6.737305E0,6.730421E0
6.310471E0,-5.361257E0,1.357228E1
6.314642E0,-3.984023E0,1.861696E1
6.318812E0,-1.862685E0,2.440542E1
6.322983E0,2.451771E-2,2.921131E1
6.327154E0,1.783729E0,3.270514E1
6.331325E0,3.452358E0,3.609040E1
6.335496E0,4.838365E0,3.855689E1
6.339667E0,6.005648E0,4.040414E1
6.343837E0,6.927217E0,4.185572E1
6.348008E0,7.506791E0,4.209020E1
6.352179E0,7.704406E0,4.155236E1
6.356350E0,7.770518E0,4.053857E1
6.360521E0,7.151541E0,3.881559E1
6.364692E0,6.676159E0,3.652630E1
6.368863E0,5.394902E0,3.347820E1
6.373033E0,4.253974E0,3.000482E1
6.377204E0,2.634213E0,2.481703E1
6.381375E0,3.479933E-1,1.980248E1
6.385546E0,-1.764287E0,1.409297E1
6.389717E0,-4.321290E0,8.439178E0
6.393887E0,-6.677285E0,2.982307E0
6.398058E0,-9.070434E0,-1.821234E0
6.402229E0,-1.129861E1,-6.492041E0
6.406400E0,-1.304975E1,-1.020901E1
6.410571E0,-1.467893E1,-1.277233E1
6.414742E0,-1.602268E1,-1.597216E1
6.418913E0,-1.678565E1,-1.782543E1
6.423083E0,-1.726060E1,-1.916698E1
6.427254E0,-1.769121E1,-1.987198E1
6.431425E0,-1.757845E1,-2.040883E1
6.435596E0,-1.721194E1,-1.996056E1
6.439767E0,-1.662133E1,-1.913258E1
6.443937E0,-1.533352E1,-1.764290E1
6.448108E0,-1.401406E1,-1.561642E1
6.452279E0,-1.244181E1,-1.210643E1
6.456450E0,-1.076183E1,-9.394774E0
6.460621E0,-8.573444E0,-5.055858E0
6.464792E0,-6.416686E0,-4.486468E-1
6.468963E0,-4.120417E0,4.575840E0
6.473133E0,-1.809499E0,1.014766E1
6.477304E0,1.993525E-1,1.568638E1
6.481475E0,1.694749E0,2.070797E1
6.485646E0,3.309893E0,2.547031E1
6.489817E0,4.156951E0,3.004735E1
6.493988E0,4.918093E0,3.357648E1
6.498158E0,5.255351E0,3.610623E1
6.502329E0,5.832843E0,3.809252E1
6.506500E0,5.920221E0,3.948198E1
6.510671E0,5.616563E0,4.004103E1
6.514842E0,5.025955E0,3.971831E1
6.519012E0,4.499056E0,3.934948E1
6.523183E0,3.388752E0,3.772250E1
6.527354E0,2.136600E0,3.572128E1
6.531525E0,1.031703E0,3.297856E1
6.535696E0,-2.882124E-1,2.869556E1
6.539867E0,-1.708017E0,2.448722E1
6.544037E0,-3.113168E0,1.976478E1
6.548208E0,-4.323620E0,1.346270E1
6.552379E0,-5.084502E0,7.846027E0
6.556550E0,-5.737001E0,2.384732E0
6.560721E0,-6.405135E0,-2.532728E0
6.564892E0,-7.010932E0,-7.023520E0
6.569063E0,-7.602993E0,-1.111734E1
6.573233E0,-7.826439E0,-1.432031E1
6.577404E0,-8.303847E0,-1.696078E1
6.581575E0,-8.734725E0,-1.875791E1
6.585746E0,-8.862947E0,-1.988815E1
6.589917E0,-9.078769E0,-2.061763E1
6.594088E0,-9.052509E0,-2.052565E1
6.598258E0,-9.112194E0,-2.001201E1
6.602429E0,-9.006628E0,-1.836874E1
6.606600E0,-8.797348E0,-1.630191E1
6.610771E0,-8.525989E0,-1.373389E1
6.614942E0,-8.536716E0,-9.977842E0
6.619112E0,-7.872299E0,-6.400686E0
6.623283E0,-7.147438E0,-1.457005E0
6.627454E0,-6.279372E0,3.337157E0
6.631625E0,-5.299859E0,9.376808E0
6.635796E0,-4.339189E0,1.476152E1
6.639967E0,-3.071653E0,2.019405E1
6.644138E0,-1.049549E0,2.457616E1
6.648308E0,6.640547E-1,2.839532E1
6.652479E0,2.129268E0,3.195627E1
6.656650E0,3.467129E0,3.447775E1
6.660821E0,4.539409E0,3.693230E1
6.664992E0,5.557194E0,3.753174E1
6.669163E0,6.217648E0,3.850885E1
6.673333E0,6.757497E0,3.843067E1
6.677504E0,6.555378E0,3.746236E1
6.681675E0,6.369098E0,3.593779E1
6.685846E0,5.483811E0,3.360902E1
6.690017E0,4.654154E0,3.074448E1
6.694187E0,3.549966E0,2.670963E1
6.698358E0,2.017625E0,2.250412E1
6.702529E0,2.536684E-1,1.771668E1
6.706700E0,-1.890924E0,1.245363E1
6.710871E0,-4.119794E0,7.513842E0
6.715042E0,-6.269294E0,2.911866E0
6.719213E0,-8.537219E0,-1.591813E0
6.723383E0,-1.070433E1,-5.448861E0
6.727554E0,-1.241900E1,-8.429934E0
6.731725E0,-1.386917E1,-1.109888E1
6.735896E0,-1.490003E1,-1.293802E1
6.740067E0,-1.552925E1,-1.472846E1
6.744238E0,-1.615710E1,-1.523540E1
6.748408E0,-1.586515E1,-1.564658E1
6.752579E0,-1.586156E1,-1.542877E1
6.756750E0,-1.541674E1,-1.438742E1
6.760921E0,-1.449180E1,-1.296446E1
6.765092E0,-1.340039E1,-1.070343E1
6.769262E0,-1.182853E1,-8.140761E0
6.773433E0,-1.007671E1,-4.837446E0
6.777604E0,-7.976816E0,-1.372057E0
6.781775E0,-5.662645E0,2.959388E0
6.785946E0,-3.724014E0,7.775423E0
6.790117E0,-1.682228E0,1.282022E1
6.794288E0,2.209127E-1,1.783750E1
6.798458E0,2.188382E0,2.231724E1
6.802629E0,3.450342E0,2.654368E1
6.806800E0,4.351440E0,3.006661E1
6.810971E0,5.127105E0,3.272194E1
6.815142E0,5.518731E0,3.480780E1
6.819312E0,5.967031E0,3.640884E1
6.823483E0,5.530396E0,3.690007E1
6.827654E0,5.320623E0,3.675264E1
6.831825E0,4.658350E0,3.590505E1
6.835996E0,3.645405E0,3.500970E1
6.840167E0,2.419681E0,3.281199E1
6.844338E0,1.139265E0,3.027561E1
6.848508E0,-1.933517E-1,2.655422E1
6.852679E0,-1.645829E0,2.237418E1
6.856850E0,-3.259871E0,1.705104E1
6.861021E0,-4.354404E0,1.235164E1
6.865192E0,-5.804100E0,7.109347E0
6.869363E0,-6.467867E0,1.842719E0
6.873533E0,-7.523229E0,-2.115779E0
6.877704E0,-8.669229E0,-5.759605E0
6.881875E0,-8.974356E0,-9.183667E0
6.886046E0,-9.534831E0,-1.200280E1
6.890217E0,-1.036672E1,-1.426468E1
6.894387E0,-1.050001E1,-1.561594E1
6.898558E0,-1.075498E1,-1.604658E1
6.902729E0,-1.070736E1,-1.592347E1
6.906900E0,-1.085427E1,-1.576870E1
6.911071E0,-1.045711E1,-1.481823E1
6.915242E0,-1.007460E1,-1.255993E1
6.919412E0,-9.409411E0,-9.895102E0
6.923583E0,-8.828607E0,-6.792990E0
6.927754E0,-7.905513E0,-3.338009E0
6.931925E0,-6.836344E0,8.663253E-1
6.936096E0,-5.763391E0,5.285583E0
6.940267E0,-4.743753E0,1.006697E1
6.944438E0,-3.404419E0,1.524484E1
6.948608E0,-2.006323E0,2.012921E1
6.952779E0,-2.685525E-1,2.410553E1
6.956950E0,1.269204E0,2.767338E1
6.961121E0,2.523725E0,3.063271E1
6.965292E0,3.701032E0,3.230436E1
6.969463E0,4.008201E0,3.400047E1
6.973633E0,4.787811E0,3.463005E1
6.977804E0,5.131018E0,3.454896E1
6.981975E0,5.063468E0,3.415850E1
6.986146E0,4.849614E0,3.268926E1
6.990317E0,4.340480E0,3.057991E1
6.994487E0,3.523032E0,2.785612E1
6.998658E0,2.302541E0,2.422293E1
7.002829E0,9.220703E-1,2.046294E1
7.007000E0,-7.037138E-1,1.598854E1
7.011171E0,-2.467773E0,1.118611E1
7.015342E0,-4.787709E0,6.053123E0
7.019512E0,-6.677671E0,1.783462E0
7.023683E0,-8.452582E0,-1.942293E0
7.027854E0,-1.030714E1,-5.988224E0
7.032025E0,-1.156827E1,-8.426072E0
7.036196E0,-1.259186E1,-1.063957E1
7.040367E0,-1.367382E1,-1.183899E1
7.044538E0,-1.422297E1,-1.327140E1
7.048708E0,-1.460349E1,-1.332956E1
7.052879E0,-1.419888E1,-1.344534E1
7.057050E0,-1.407568E1,-1.251402E1
7.061221E0,-1.340053E1,-1.108138E1
7.065392E0,-1.222819E1,-9.320591E0
7.069562E0,-1.081739E1,-6.463454E0
7.073733E0,-9.054010E0,-3.310911E0
7.077904E0,-7.526038E0,1.848827E-1
7.082075E0,-5.738166E0,3.974665E0
7.086246E0,-3.830287E0,8.158745E0
7.090417E0,-2.024952E0,1.319097E1
7.094588E0,-1.136422E-1,1.800170E1
7.098758E0,1.472105E0,2.174618E1
7.102929E0,2.529835E0,2.555728E1
7.107100E0,3.485791E0,2.854465E1
7.111271E0,4.163383E0,3.079588E1
7.115442E0,4.541273E0,3.219209E1
7.119613E0,4.608702E0,3.293802E1
7.123783E0,4.290418E0,3.324410E1
7.127954E0,4.082130E0,3.257610E1
7.132125E0,3.576714E0,3.155938E1
7.136296E0,2.686102E0,2.961650E1
7.140467E0,1.280644E0,2.720177E1
7.144637E0,1.084093E-2,2.396593E1
7.148808E0,-1.202035E0,1.984028E1
7.152979E0,-2.869867E0,1.547671E1
7.157150E0,-4.182492E0,1.042701E1
7.161321E0,-5.391939E0,6.046232E0
7.165492E0,-6.763004E0,1.785362E0
7.169663E0,-7.762167E0,-2.306319E0
7.173833E0,-8.482278E0,-5.606630E0
7.178004E0,-9.339418E0,-7.369626E0
7.182175E0,-1.034194E1,-9.886239E0
7.186346E0,-1.068692E1,-1.170484E1
7.190517E0,-1.083159E1,-1.261646E1
7.194687E0,-1.088028E1,-1.273115E1
7.198858E0,-1.080898E1,-1.243766E1
7.203029E0,-1.053167E1,-1.143436E1
7.207200E0,-1.036052E1,-9.752924E0
7.211371E0,-9.542841E0,-7.470133E0
7.215542E0,-8.755823E0,-4.492754E0
7.219713E0,-7.628776E0,-1.561628E0
7.223883E0,-6.608130E0,2.774088E0
7.228054E0,-5.176709E0,6.652607E0
7.232225E0,-4.114113E0,1.177691E1
7.236396E0,-2.590371E0,1.589678E1
7.240567E0,-1.249426E0,2.006559E1
7.244738E0,1.794312E-1,2.404937E1
7.248908E0,1.475214E0,2.692767E1
7.253079E0,2.598468E0,2.917379E1
7.257250E0,3.527230E0,3.080580E1
7.261421E0,3.904028E0,3.173434E1
7.265592E0,4.312079E0,3.215176E1
7.269762E0,4.361383E0,3.160489E1
7.273933E0,4.083625E0,3.078087E1
7.278104E0,3.695550E0,2.893475E1
7.282275E0,3.011967E0,2.633956E1
7.286446E0,1.649036E0,2.322691E1
7.290617E0,7.311241E-1,1.991824E1
7.294787E0,-1.550746E0,1.577844E1
7.298958E0,-2.860123E0,1.115521E1
7.303129E0,-4.873002E0,6.806073E0
7.307300E0,-6.397067E0,2.787472E0
7.311471E0,-8.485261E0,-8.151799E-1
7.315642E0,-1.002324E1,-3.883134E0
7.319813E0,-1.095212E1,-6.175910E0
7.323983E0,-1.194905E1,-8.227359E0
7.328154E0,-1.265839E1,-9.661836E0
7.332325E0,-1.297542E1,-9.825143E0
7.336496E0,-1.317553E1,-1.031382E1
7.340667E0,-1.287211E1,-9.921373E0
7.344838E0,-1.203483E1,-8.493140E0
7.349008E0,-1.139131E1,-6.918739E0
7.353179E0,-1.016915E1,-5.147171E0
7.357350E0,-8.701994E0,-2.224700E0
7.361521E0,-7.313419E0,5.731966E-1
7.365692E0,-5.678756E0,4.741447E0
7.369862E0,-3.841818E0,8.814706E0
7.374033E0,-1.981900E0,1.323716E1
7.378204E0,-3.721494E-1,1.700750E1
7.382375E0,1.138795E0,2.095667E1
7.386546E0,2.316628E0,2.417547E1
7.390717E0,3.457427E0,2.658931E1
7.394887E0,4.195196E0,2.852194E1
7.399058E0,4.526322E0,2.971348E1
7.403229E0,4.445455E0,3.025118E1
7.407400E0,4.315543E0,2.997820E1
7.411571E0,4.042730E0,2.898348E1
7.415742E0,3.337047E0,2.748416E1
7.419913E0,2.503716E0,2.528239E1
7.424083E0,1.144747E0,2.243513E1
7.428254E0,-1.604639E-1,1.946727E1
7.432425E0,-1.699172E0,1.588512E1
7.436596E0,-3.143422E0,1.141661E1
7.440767E0,-4.665340E0,7.003858E0
7.444937E0,-6.166800E0,3.235935E0
7.449108E0,-7.437199E0,-4.462942E-1
7.453279E0,-8.635092E0,-3.079027E0
7.457450E0,-9.616995E0,-5.385015E0
7.461621E0,-1.030786E1,-7.299127E0
7.465792E0,-1.073625E1,-8.403267E0
7.469963E0,-1.100709E1,-8.942077E0
7.474133E0,-1.106130E1,-9.125721E0
7.478304E0,-1.069209E1,-8.484068E0
7.482475E0,-1.038961E1,-7.788527E0
7.486646E0,-9.417936E0,-5.553792E0
7.490817E0,-8.694821E0,-3.359491E0
7.494988E0,-7.578617E0,-5.506618E-1
7.499158E0,-6.527874E0,2.874157E0
7.503329E0,-4.959183E0,6.734524E0
7.507500E0,-3.537731E0,1.062775E1
7.511671E0,-2.001756E0,1.472562E1
7.515842E0,-8.210432E-1,1.878930E1
7.520012E0,1.082171E0,2.234457E1
7.524183E0,1.914818E0,2.500779E1
7.528354E0,3.346343E0,2.710276E1
7.532525E0,3.949430E0,2.858974E1
7.536696E0,4.176333E0,2.915661E1
7.540867E0,4.350683E0,2.926390E1
7.545038E0,4.221910E0,2.863597E1
7.549208E0,4.096139E0,2.733319E1
7.553379E0,3.259596E0,2.542145E1
7.557550E0,1.902573E0,2.315628E1
7.561721E0,6.893731E-1,1.982049E1
7.565892E0,-8.416198E-1,1.634608E1
7.570062E0,-2.329272E0,1.212926E1
7.574233E0,-4.064548E0,8.409017E0
7.578404E0,-5.845464E0,4.677611E0
7.582575E0,-7.533214E0,9.465934E-1
7.586746E0,-8.752052E0,-1.376324E0
7.590917E0,-9.733039E0,-3.659548E0
7.595088E0,-1.071804E1,-4.809735E0
7.599258E0,-1.104921E1,-6.570076E0
7.603429E0,-1.176886E1,-6.467052E0
7.607600E0,-1.146728E1,-6.518358E0
7.611771E0,-1.120746E1,-6.211798E0
7.615942E0,-1.077702E1,-5.051077E0
7.620113E0,-9.893880E0,-3.200736E0
7.624283E0,-8.780614E0,-9.528628E-1
7.628454E0,-7.471208E0,1.436088E0
7.632625E0,-5.982166E0,4.981945E0
7.636796E0,-4.417331E0,8.260015E0
7.640967E0,-2.709381E0,1.213730E1
7.645137E0,-1.029146E0,1.624405E1
7.649308E0,6.283099E-1,1.923078E1
7.653479E0,1.931653E0,2.234010E1
7.657650E0,3.372343E0,2.465513E1
7.661821E0,4.177664E0,2.666472E1
7.665992E0,4.708557E0,2.736340E1
7.670162E0,4.418548E0,2.772852E1
7.674333E0,4.301801E0,2.742194E1
7.678504E0,4.014989E0,2.689385E1
7.682675E0,3.178846E0,2.499208E1
7.686846E0,1.921603E0,2.295270E1
7.691017E0,7.176226E-1,1.990458E1
7.695188E0,-8.743785E-1,1.677158E1
7.699358E0,-2.397826E0,1.323696E1
7.703529E0,-3.938332E0,9.207958E0
7.707700E0,-5.277687E0,5.435944E0
7.711871E0,-6.994263E0,2.454088E0
7.716042E0,-8.035308E0,2.207964E-1
7.720213E0,-9.248692E0,-2.328174E0
7.724383E0,-1.025528E1,-3.834868E0
7.728554E0,-1.080831E1,-4.870997E0
7.732725E0,-1.088146E1,-5.632423E0
7.736896E0,-1.073499E1,-5.492287E0
7.741067E0,-1.068326E1,-5.048756E0
7.745237E0,-1.009136E1,-4.155108E0
7.749408E0,-9.052648E0,-2.277942E0
7.753579E0,-7.967382E0,-1.825076E-1
7.757750E0,-6.852815E0,2.570816E0
7.761921E0,-5.253697E0,6.017256E0
7.766092E0,-4.073976E0,9.213104E0
7.770262E0,-2.259566E0,1.297899E1
7.774433E0,-5.947969E-1,1.669359E1
7.778604E0,6.781969E-1,1.960892E1
7.782775E0,1.748550E0,2.199545E1
7.786946E0,2.682058E0,2.447366E1
7.791117E0,3.193223E0,2.586332E1
7.795288E0,3.940417E0,2.642917E1
7.799458E0,3.950037E0,2.689388E1
7.803629E0,3.905161E0,2.616008E1
7.807800E0,3.359005E0,2.474702E1
7.811971E0,2.243896E0,2.290471E1
7.816142E0,1.229239E0,2.057473E1
7.820312E0,-1.967115E-1,1.731153E1
7.824483E0,-2.113291E0,1.404247E1
7.828654E0,-3.321489E0,1.041294E1
7.832825E0,-4.914818E0,7.091562E0
7.836996E0,-6.500653E0,3.982815E0
7.841167E0,-7.855547E0,1.182048E0
7.845338E0,-8.996700E0,-1.055007E0
7.849508E0,-9.731649E0,-2.372302E0
7.853679E0,-1.033181E1,-3.691719E0
7.857850E0,-1.095534E1,-4.022210E0
7.862021E0,-1.075488E1,-3.997325E0
7.866192E0,-1.046503E1,-3.623651E0
7.870363E0,-9.930627E0,-2.345005E0
7.874533E0,-8.880850E0,-7.121882E-1
7.878704E0,-7.984600E0,1.538735E0
7.882875E0,-6.614885E0,3.985477E0
7.887046E0,-5.209304E0,6.817034E0
7.891217E0,-3.847922E0,1.039317E1
7.895388E0,-1.939162E0,1.354762E1
7.899558E0,-6.227362E-1,1.681864E1
7.903729E0,9.570127E-1,1.977207E1
7.907900E0,2.008465E0,2.181037E1
7.912071E0,3.228709E0,2.357189E1
7.916242E0,3.983859E0,2.482406E1
7.920413E0,4.368220E0,2.565821E1
7.924583E0,4.219012E0,2.539767E1
7.928754E0,3.786177E0,2.445932E1
7.932925E0,2.974764E0,2.313662E1
7.937096E0,1.993420E0,2.118489E1
7.941267E0,8.239510E-1,1.834303E1
7.945437E0,-9.422488E-1,1.571123E1
7.949608E0,-2.497615E0,1.223811E1
7.953779E0,-3.991633E0,8.846445E0
7.957950E0,-5.572739E0,5.959095E0
7.962121E0,-7.132605E0,3.527687E0
7.966292E0,-8.345490E0,1.392038E0
7.970463E0,-9.480894E0,-5.527227E-1
7.974633E0,-1.030158E1,-1.823740E0
7.978804E0,-1.057357E1,-2.526433E0
7.982975E0,-1.057254E1,-2.464530E0
7.987146E0,-1.051262E1,-2.116863E0
7.991317E0,-9.886993E0,-1.056117E0
7.995488E0,-9.166589E0,2.227208E-1
7.999658E0,-7.938976E0,2.146807E0
8.003829E0,-6.728102E0,4.517814E0
8.008000E0,-5.044985E0,7.398410E0
8.012171E0,-3.688404E0,1.054125E1
8.016342E0,-2.023316E0,1.370739E1
8.020513E0,-4.728825E-1,1.656351E1
8.024683E0,5.697429E-1,1.918965E1
8.028854E0,2.011027E0,2.142990E1
8.033025E0,2.748280E0,2.309577E1
8.037196E0,3.400468E0,2.387482E1
8.041367E0,3.532885E0,2.447305E1
8.045538E0,3.393836E0,2.410138E1
8.049708E0,2.999619E0,2.328218E1
8.053879E0,2.122664E0,2.175631E1
8.058050E0,1.044816E0,1.998111E1
8.062221E0,-1.410959E-1,1.757431E1
8.066392E0,-1.511286E0,1.453523E1
8.070562E0,-3.214050E0,1.173264E1
8.074733E0,-4.756674E0,8.449212E0
8.078904E0,-6.248169E0,5.687842E0
8.083075E0,-7.638358E0,3.158014E0
8.087246E0,-8.469570E0,1.539072E0
8.091417E0,-9.543435E0,2.821789E-2
8.095588E0,-9.836101E0,-6.494113E-1
8.099758E0,-1.008815E1,-1.199758E0
8.103929E0,-1.007585E1,-8.720660E-1
8.108100E0,-9.556343E0,-3.839311E-1
8.112271E0,-9.084330E0,1.080675E0
8.116442E0,-7.959377E0,2.483711E0
8.120613E0,-6.838981E0,4.572087E0
8.124783E0,-5.297107E0,7.468672E0
8.128954E0,-4.226722E0,9.994358E0
8.133125E0,-2.617150E0,1.314938E1
8.137296E0,-1.056055E0,1.584683E1
8.141467E0,5.711093E-1,1.859169E1
8.145637E0,1.425630E0,2.046445E1
8.149808E0,2.392143E0,2.213592E1
8.153979E0,2.951629E0,2.269612E1
8.158150E0,3.201080E0,2.303408E1
8.162321E0,3.231989E0,2.275343E1
8.166492E0,2.634439E0,2.207462E1
8.170663E0,1.687951E0,2.042066E1
8.174833E0,8.512463E-1,1.897524E1
8.179004E0,-2.381984E-1,1.639059E1
8.183175E0,-2.048647E0,1.364202E1
8.187346E0,-3.738949E0,1.086242E1
8.191517E0,-5.047559E0,8.032686E0
8.195688E0,-6.405631E0,5.688116E0
8.199858E0,-7.532989E0,3.455056E0
8.204029E0,-8.772773E0,2.168702E0
8.208200E0,-9.229866E0,8.828150E-1
8.212371E0,-9.914755E0,1.357041E-1
8.216542E0,-1.007790E1,9.700767E-2
8.220712E0,-9.637774E0,2.119704E-1
8.224883E0,-9.145316E0,1.021124E0
8.229054E0,-7.947580E0,2.398944E0
8.233225E0,-6.945335E0,4.294317E0
8.237396E0,-5.714333E0,6.636242E0
8.241567E0,-4.487536E0,9.095085E0
8.245737E0,-2.884988E0,1.162257E1
8.249908E0,-1.500585E0,1.444296E1
8.254079E0,-1.334144E-1,1.697106E1
8.258250E0,1.119608E0,1.886608E1
8.262421E0,2.171647E0,2.048108E1
8.266592E0,2.848909E0,2.160557E1
8.270763E0,3.218549E0,2.228397E1
8.274933E0,3.166045E0,2.250764E1
8.279104E0,2.468089E0,2.137324E1
8.283275E0,1.961302E0,2.049076E1
8.287446E0,1.172444E0,1.879848E1
8.291617E0,-4.210304E-1,1.632049E1
8.295788E0,-1.962673E0,1.422091E1
8.299958E0,-3.058839E0,1.133338E1
8.304129E0,-4.495376E0,8.497385E0
8.308300E0,-5.950149E0,6.653149E0
8.312471E0,-7.202029E0,4.091496E0
8.316642E0,-7.972532E0,2.890464E0
8.320813E0,-8.662835E0,1.765815E0
8.324983E0,-8.779252E0,1.452304E0
8.329154E0,-8.893963E0,1.587175E0
8.333325E0,-8.636760E0,1.943241E0
8.337496E0,-8.069789E0,2.575782E0
8.341667E0,-7.405609E0,4.183951E0
8.345838E0,-6.490622E0,5.824496E0
8.350008E0,-5.159636E0,8.068366E0
8.354179E0,-3.961404E0,1.007970E1
8.358350E0,-2.397138E0,1.276541E1
8.362521E0,-1.186885E0,1.495287E1
8.366692E0,2.276172E-1,1.694377E1
8.370862E0,1.197870E0,1.888817E1
8.375033E0,2.208462E0,2.008601E1
8.379204E0,2.272920E0,2.054165E1
8.383375E0,2.454400E0,2.082625E1
8.387546E0,2.445435E0,2.055410E1
8.391717E0,1.549887E0,1.969503E1
8.395888E0,8.448843E-1,1.822396E1
8.400058E0,-3.689669E-1,1.611346E1
8.404229E0,-1.776840E0,1.392550E1
8.408400E0,-2.809991E0,1.147939E1
8.412571E0,-4.139357E0,9.412800E0
8.416742E0,-5.420026E0,7.295533E0
8.420913E0,-6.847747E0,5.699832E0
8.425083E0,-7.722228E0,3.828368E0
8.429254E0,-8.412376E0,2.815168E0
8.433425E0,-8.659905E0,2.546096E0
8.437596E0,-8.840943E0,2.270775E0
8.441767E0,-8.608114E0,2.628634E0
8.445937E0,-8.082843E0,3.444891E0
8.450108E0,-7.280044E0,4.854943E0
8.454279E0,-6.220347E0,6.485414E0
8.458450E0,-5.257834E0,8.458507E0
8.462621E0,-4.229995E0,1.073349E1
8.466792E0,-2.657688E0,1.308832E1
8.470962E0,-1.502728E0,1.499735E1
8.475133E0,-4.002437E-1,1.696774E1
8.479304E0,6.611987E-1,1.873448E1
8.483475E0,1.083685E0,1.988736E1
8.487646E0,1.159583E0,2.021882E1
8.491817E0,1.508111E0,2.016639E1
8.495988E0,1.153777E0,1.975402E1
8.500158E0,7.335193E-1,1.851595E1
8.504329E0,-2.749087E-2,1.735969E1
8.508500E0,-1.126702E0,1.576387E1
8.512671E0,-2.254089E0,1.358647E1
8.516842E0,-3.681089E0,1.128407E1
8.521013E0,-4.817274E0,9.557084E0
8.525183E0,-5.969394E0,7.535775E0
8.529354E0,-7.041821E0,6.138742E0
8.533525E0,-7.710863E0,4.816133E0
8.537696E0,-8.160664E0,4.020228E0
8.541867E0,-7.954833E0,3.501393E0
8.546038E0,-7.821362E0,3.588968E0
8.550208E0,-7.714358E0,4.279683E0
8.554379E0,-7.161044E0,5.434122E0
8.558550E0,-6.259922E0,6.777030E0
8.562721E0,-5.276232E0,8.740245E0
8.566892E0,-4.226479E0,1.037378E1
8.571063E0,-2.976224E0,1.267333E1
8.575233E0,-1.872536E0,1.494608E1
8.579404E0,-6.795927E-1,1.657373E1
8.583575E0,5.620711E-1,1.796399E1
8.587746E0,1.148527E0,1.927599E1
8.591917E0,1.559639E0,1.979619E1
8.596087E0,1.504872E0,1.991423E1
8.600258E0,1.381902E0,1.964916E1
8.604429E0,9.794599E-1,1.877251E1
8.608600E0,-1.014277E-1,1.772446E1
8.612771E0,-9.011537E-1,1.614321E1
8.616942E0,-2.092336E0,1.425836E1
8.621112E0,-3.178223E0,1.170424E1
8.625283E0,-4.512512E0,9.802778E0
8.629454E0,-5.683983E0,7.977694E0
8.633625E0,-6.712784E0,6.442823E0
8.637796E0,-7.136029E0,5.885157E0
8.641967E0,-7.630018E0,4.940729E0
8.646138E0,-7.864877E0,4.456840E0
8.650308E0,-7.735273E0,4.829563E0
8.654479E0,-7.342983E0,5.288837E0
8.658650E0,-6.910868E0,6.340462E0
8.662821E0,-5.809240E0,7.838757E0
8.666992E0,-4.784570E0,9.251060E0
8.671163E0,-3.706582E0,1.105594E1
8.675333E0,-2.479788E0,1.300771E1
8.679504E0,-1.390398E0,1.457004E1
8.683675E0,-4.980461E-1,1.644594E1
8.687846E0,2.082504E-1,1.793103E1
8.692017E0,8.856082E-1,1.868034E1
8.696188E0,1.358048E0,1.883227E1
8.700358E0,1.312788E0,1.878898E1
8.704529E0,1.008989E0,1.816057E1
8.708700E0,6.854722E-1,1.726321E1
8.712871E0,-4.727487E-1,1.589600E1
8.717042E0,-1.542786E0,1.459438E1
8.721213E0,-2.720378E0,1.278268E1
8.725383E0,-3.739374E0,1.085762E1
8.729554E0,-4.936905E0,9.038168E0
8.733725E0,-5.636795E0,7.485309E0
8.737896E0,-6.547231E0,6.545474E0
8.742067E0,-7.381552E0,5.433590E0
8.746237E0,-7.560730E0,5.364394E0
8.750408E0,-7.575346E0,5.289582E0
8.754579E0,-7.509239E0,5.761064E0
8.758750E0,-7.005260E0,6.334140E0
8.762921E0,-5.962212E0,7.458774E0
8.767092E0,-5.031794E0,9.104464E0
8.771263E0,-4.110664E0,1.062733E1
8.775433E0,-3.105883E0,1.223577E1
8.779604E0,-1.845688E0,1.399964E1
8.783775E0,-9.918231E-1,1.553690E1
8.787946E0,2.923934E-2,1.663654E1
8.792117E0,7.460194E-1,1.745459E1
8.796288E0,9.470497E-1,1.793549E1
8.800458E0,1.013705E0,1.808144E1
8.804629E0,8.642595E-1,1.772376E1
8.808800E0,3.887135E-1,1.705461E1
8.812971E0,-5.153191E-1,1.593267E1
8.817142E0,-1.213060E0,1.449701E1
8.821312E0,-2.456281E0,1.287321E1
8.825483E0,-3.332247E0,1.093326E1
8.829654E0,-4.486812E0,9.204585E0
8.833825E0,-5.200891E0,7.981940E0
8.837996E0,-6.088548E0,7.164340E0
8.842167E0,-6.451525E0,6.505816E0
8.846337E0,-7.127805E0,5.608500E0
8.850508E0,-6.826746E0,5.516711E0
8.854679E0,-6.802919E0,6.079300E0
8.858850E0,-6.054934E0,7.045977E0
8.863021E0,-5.228077E0,7.764626E0
8.867192E0,-4.580394E0,9.078181E0
8.871363E0,-3.652571E0,1.055877E1
8.875533E0,-2.589969E0,1.175461E1
8.879704E0,-1.923810E0,1.331225E1
8.883875E0,-1.014390E0,1.487461E1
8.888046E0,-2.297266E-1,1.566405E1
8.892217E0,1.836103E-1,1.661578E1
8.896388E0,5.871788E-1,1.722293E1
8.900558E0,3.750567E-1,1.680614E1
8.904729E0,1.751538E-1,1.617781E1
8.908900E0,-1.269122E-1,1.556820E1
8.913071E0,-8.227901E-1,1.447813E1
8.917242E0,-1.654795E0,1.330749E1
8.921413E0,-2.629661E0,1.186585E1
8.925583E0,-3.457448E0,1.004863E1
8.929754E0,-4.478594E0,8.851074E0
8.933925E0,-5.079100E0,7.951600E0
8.938096E0,-5.559593E0,6.982120E0
8.942267E0,-5.985264E0,6.321576E0
8.946438E0,-5.742677E0,6.403477E0
8.950608E0,-5.764387E0,6.434455E0
8.954779E0,-5.648153E0,6.925228E0
8.958950E0,-5.087348E0,7.542660E0
8.963121E0,-4.211413E0,8.577727E0
8.967292E0,-3.555067E0,9.929216E0
8.971462E0,-2.712148E0,1.112300E1
8.975633E0,-1.801138E0,1.287541E1
8.979804E0,-8.265686E-1,1.348615E1
8.983975E0,-3.788650E-1,1.460853E1
8.988146E0,3.513132E-1,1.548878E1
8.992317E0,2.691306E-1,1.553529E1
8.996487E0,4.056303E-1,1.590381E1
9.000658E0,3.342742E-1,1.549663E1
9.004829E0,-1.440072E-1,1.502597E1
9.009000E0,-5.925367E-1,1.416912E1
9.013171E0,-1.557647E0,1.272077E1
9.017342E0,-2.249718E0,1.134097E1
9.021513E0,-3.284282E0,9.922834E0
9.025683E0,-4.097188E0,8.888769E0
9.029854E0,-4.368599E0,7.809707E0
9.034025E0,-4.853031E0,7.205656E0
9.038196E0,-5.192775E0,6.524801E0
9.042367E0,-5.425634E0,6.505488E0
9.046538E0,-5.184060E0,6.602407E0
9.050708E0,-4.969469E0,6.965509E0
9.054879E0,-4.311529E0,7.225473E0
9.059050E0,-4.096237E0,7.987631E0
9.063221E0,-2.536472E0,9.293873E0
9.067392E0,-1.797915E0,1.090182E1
9.071563E0,-1.053931E0,1.189984E1
9.075733E0,-2.968808E-1,1.276669E1
9.079904E0,-1.605111E-2,1.295989E1
9.084075E0,3.636997E-1,1.363873E1
9.088246E0,6.946187E-1,1.401685E1
9.092417E0,9.794572E-1,1.413695E1
9.096588E0,7.310585E-1,1.333569E1
9.100758E0,2.049774E-1,1.274980E1
9.104929E0,-2.532783E-1,1.177526E1
9.109100E0,-1.073414E0,1.060278E1
9.113271E0,-1.669527E0,9.635846E0
9.117442E0,-2.476739E0,8.110317E0
9.121612E0,-2.966407E0,7.065342E0
9.125783E0,-3.415307E0,5.861305E0
9.129954E0,-3.735749E0,5.463226E0
9.134125E0,-3.760454E0,5.325328E0
9.138296E0,-3.661125E0,5.366229E0
9.142467E0,-3.353498E0,5.782330E0
9.146638E0,-3.187299E0,5.657502E0
9.150808E0,-2.761595E0,6.604451E0
9.154979E0,-2.378371E0,7.747903E0
9.159150E0,-1.367228E0,8.892516E0
9.163321E0,-5.729942E-1,9.779338E0
9.167492E0,-1.487283E-1,1.070135E1
9.171663E0,2.805116E-1,1.124056E1
9.175833E0,6.507225E-1,1.144716E1
9.180004E0,6.802446E-1,1.214308E1
9.184175E0,9.931955E-1,1.150138E1
9.188346E0,7.452220E-1,1.139710E1
9.192517E0,3.088921E-1,1.084310E1
9.196687E0,6.352053E-2,1.037342E1
9.200858E0,5.905799E-3,9.568138E0
9.205029E0,-3.787803E-1,8.463846E0
9.209200E0,-1.241198E0,7.496045E0
9.213371E0,-2.121520E0,6.756479E0
9.217542E0,-2.211584E0,5.956214E0
9.221712E0,-2.838731E0,5.097486E0
9.225883E0,-2.886698E0,4.666071E0
9.230054E0,-2.634907E0,4.814510E0
9.234225E0,-2.380760E0,4.991002E0
9.238396E0,-2.175895E0,5.672397E0
9.242567E0,-1.716022E0,6.647612E0
9.246738E0,-1.259520E0,7.207904E0
9.250908E0,-5.419219E-1,8.341154E0
9.255079E0,-2.768571E-1,9.081958E0
9.259250E0,1.475196E-1,9.691066E0
9.263421E0,5.009944E-1,9.887473E0
9.267592E0,1.198519E0,1.056596E1
9.271763E0,1.823580E0,1.063154E1
9.275933E0,1.646040E0,1.077704E1
9.280104E0,1.550607E0,1.059881E1
9.284275E0,1.153859E0,1.026109E1
9.288446E0,8.432865E-1,9.441605E0
9.292617E0,3.795594E-1,8.425075E0
9.296788E0,-5.835138E-1,7.569297E0
9.300958E0,-8.788236E-1,6.972149E0
9.305129E0,-1.321835E0,5.825045E0
9.309300E0,-1.718450E0,5.507251E0
9.313471E0,-1.893040E0,5.341224E0
9.317642E0,-1.717247E0,5.357009E0
9.321813E0,-1.922737E0,5.685863E0
9.325983E0,-1.373234E0,5.760008E0
9.330154E0,-9.720421E-1,6.232287E0
9.334325E0,-7.277660E-1,6.826233E0
9.338496E0,7.856868E-2,7.630154E0
9.342667E0,6.322498E-1,8.321040E0
9.346837E0,1.476748E0,9.271481E0
9.351008E0,1.996141E0,9.116323E0
9.355179E0,2.222855E0,9.874187E0
9.359350E0,2.147027E0,9.836134E0
9.363521E0,1.808592E0,9.911492E0
9.367692E0,1.641255E0,9.731911E0
9.371862E0,1.479961E0,9.449385E0
9.376033E0,1.050404E0,9.197075E0
9.380204E0,1.011070E0,8.117805E0
9.384375E0,1.706636E-1,7.212492E0
9.388546E0,-1.371197E-1,6.152691E0
9.392717E0,-5.057240E-1,5.747388E0
9.396888E0,-8.760976E-1,5.743829E0
9.401058E0,-5.945104E-1,5.809984E0
9.405229E0,-5.443108E-1,5.531043E0
9.409400E0,-6.833852E-1,5.707471E0
9.413571E0,-3.801024E-1,6.144637E0
9.417742E0,2.970727E-1,6.423806E0
9.421913E0,2.040343E-1,7.252619E0
9.426083E0,1.163568E0,8.259188E0
9.430254E0,1.471094E0,8.653818E0
9.434425E0,1.898954E0,9.104858E0
9.438596E0,2.234344E0,9.574075E0
9.442767E0,2.469795E0,9.671285E0
9.446938E0,2.552462E0,9.954717E0
9.451108E0,2.509421E0,9.640158E0
9.455279E0,2.139520E0,9.570068E0
9.459450E0,2.129294E0,9.289483E0
9.463621E0,2.049825E0,8.509924E0
9.467792E0,1.512418E0,7.827097E0
9.471963E0,9.656166E-1,7.476792E0
9.476133E0,7.764282E-1,7.008641E0
9.480304E0,4.713762E-1,6.537245E0
9.484475E0,4.142723E-1,6.525147E0
9.488646E0,6.622389E-1,6.481547E0
9.492817E0,5.218934E-1,6.759822E0
9.496987E0,6.673586E-1,7.150123E0
9.501158E0,8.319760E-1,7.275591E0
9.505329E0,1.222797E0,7.544131E0
9.509500E0,1.534093E0,8.339490E0
9.513671E0,2.248652E0,8.899828E0
9.517842E0,2.381179E0,9.382617E0
9.522013E0,2.945602E0,9.637614E0
9.526183E0,3.179928E0,9.814370E0
9.530354E0,3.089656E0,9.761521E0
9.534525E0,3.140684E0,9.410198E0
9.538696E0,2.895310E0,9.369059E0
9.542867E0,2.967179E0,8.976716E0
9.547038E0,2.449293E0,8.674671E0
9.551208E0,2.049936E0,8.091000E0
9.555379E0,2.039596E0,7.622120E0
9.559550E0,1.745521E0,7.420286E0
9.563721E0,1.521015E0,7.087175E0
9.567892E0,1.409523E0,6.979236E0
9.572062E0,1.117044E0,6.666881E0
9.576233E0,1.492517E0,6.919025E0
9.580404E0,1.476066E0,6.850649E0
9.584575E0,1.950227E0,7.364146E0
9.588746E0,2.106146E0,7.538764E0
9.592917E0,2.626412E0,8.281153E0
9.597087E0,2.957076E0,8.897234E0
9.601258E0,3.080572E0,8.940564E0
9.605429E0,3.390952E0,9.150514E0
9.609600E0,3.383379E0,9.144371E0
9.613771E0,3.326596E0,8.848051E0
9.617942E0,3.235723E0,8.676297E0
9.622113E0,3.009382E0,8.652962E0
9.626283E0,2.684331E0,8.494040E0
9.630454E0,2.682597E0,8.086961E0
9.634625E0,2.334900E0,7.469767E0
9.638796E0,1.993733E0,7.492636E0
9.642967E0,2.056163E0,6.859458E0
9.647138E0,2.029983E0,6.413342E0
9.651308E0,2.275571E0,6.729583E0
9.655479E0,2.069468E0,6.904430E0
9.659650E0,2.240985E0,7.182658E0
9.663821E0,2.303645E0,7.276407E0
9.667992E0,2.410750E0,7.317043E0
9.672163E0,2.829099E0,7.895885E0
9.676333E0,3.070318E0,8.374968E0
9.680504E0,3.482957E0,8.632092E0
9.684675E0,3.383416E0,8.961512E0
9.688846E0,3.387815E0,8.628492E0
9.693017E0,3.500831E0,8.523957E0
9.697188E0,3.210800E0,8.554013E0
9.701358E0,3.082836E0,8.681421E0
9.705529E0,2.837917E0,8.151217E0
9.709700E0,2.733670E0,8.156229E0
9.713871E0,2.400472E0,8.118084E0
9.718042E0,2.040112E0,7.583168E0
9.722212E0,2.295461E0,7.003811E0
9.726383E0,2.206269E0,6.781414E0
9.730554E0,2.098881E0,6.760214E0
9.734725E0,2.259526E0,6.707944E0
9.738896E0,2.547176E0,7.424804E0
9.743067E0,2.708700E0,7.639073E0
9.747237E0,2.465710E0,7.824086E0
9.751408E0,2.962335E0,7.796856E0
9.755579E0,2.895468E0,8.220729E0
9.759750E0,3.411855E0,8.182200E0
9.763921E0,3.328901E0,8.350533E0
9.768092E0,3.229437E0,8.624044E0
9.772263E0,3.125922E0,8.468697E0
9.776433E0,3.079158E0,8.399030E0
9.780604E0,2.880263E0,8.433347E0
9.784775E0,2.844992E0,8.396741E0
9.788946E0,2.866770E0,7.980044E0
9.793117E0,2.839653E0,7.775869E0
9.797287E0,2.375485E0,7.460508E0
9.801458E0,2.585402E0,7.702386E0
9.805629E0,2.322443E0,7.608298E0
9.809800E0,2.403770E0,7.575551E0
9.813971E0,2.412736E0,7.692494E0
9.818142E0,2.240608E0,7.973159E0
9.822313E0,2.679679E0,7.920585E0
9.826483E0,2.807535E0,8.044684E0
9.830654E0,2.859193E0,8.032983E0
9.834825E0,3.043009E0,8.232973E0
9.838996E0,3.026155E0,8.505840E0
9.843167E0,2.712721E0,8.541193E0
9.847338E0,2.858547E0,8.782474E0
9.851508E0,2.667402E0,8.132493E0
9.855679E0,2.368760E0,8.653073E0
9.859850E0,2.197195E0,8.524466E0
9.864021E0,2.466614E0,7.876698E0
9.868192E0,2.415396E0,8.109913E0
9.872362E0,2.323376E0,7.889108E0
9.876533E0,2.296073E0,7.917194E0
9.880704E0,2.211358E0,7.670760E0
9.884875E0,2.256403E0,7.750846E0
9.889046E0,2.368793E0,7.712202E0
9.893217E0,2.396258E0,8.213302E0
9.897388E0,2.597198E0,8.072150E0
9.901558E0,2.444333E0,8.120456E0
9.905729E0,2.321019E0,8.492948E0
9.909900E0,2.401555E0,8.626566E0
9.914071E0,2.371302E0,8.736040E0
9.918242E0,2.439852E0,9.104040E0
9.922413E0,2.353438E0,8.839031E0
9.926583E0,2.491773E0,8.766950E0
9.930754E0,2.179334E0,8.419936E0
9.934925E0,2.143273E0,8.408150E0
9.939096E0,2.048418E0,8.480801E0
9.943267E0,1.918540E0,8.382022E0
9.947437E0,1.969103E0,8.371924E0
9.951608E0,1.873222E0,8.341314E0
9.955779E0,2.122041E0,8.417489E0
9.959950E0,2.134723E0,8.688407E0
9.964121E0,2.354036E0,8.600473E0
9.968292E0,2.432329E0,8.687336E0
9.972462E0,2.291944E0,8.726553E0
9.976633E0,2.670752E0,8.814215E0
9.980804E0,2.338809E0,8.906694E0
9.984975E0,2.436381E0,8.558547E0
9.989146E0,2.608302E0,8.908537E0
9.993317E0,2.592902E0,8.891474E0
9.997488E0,2.197985E0,8.766144E0
1.000166E1,2.149563E0,8.705731E0
1.000583E1,1.968747E0,8.577458E0
1.001000E1,2.078391E0,8.384500E0
1.001417E1,1.976254E0,8.325968E0
1.001834E1,2.183055E0,8.592496E0
1.002251E1,2.089539E0,8.417857E0
1.002668E1,2.417487E0,8.197731E0
1.003085E1,2.061986E0,8.521575E0
1.003502E1,2.282973E0,8.711079E0
1.003920E1,2.282120E0,8.284558E0
1.004337E1,2.194983E0,8.431584E0
1.004754E1,2.282843E0,8.455483E0
1.005171E1,2.196692E0,8.551143E0
1.005588E1,2.304502E0,8.745532E0
1.006005E1,2.305854E0,8.788726E0
1.006422E1,2.335908E0,8.700975E0
1.006839E1,2.419999E0,8.620974E0
1.007256E1,2.048585E0,8.539696E0
1.007673E1,2.132802E0,8.543694E0
1.008090E1,1.969650E0,8.453841E0
1.008508E1,2.075882E0,8.559201E0
1.008925E1,2.224576E0,8.357838E0
1.009342E1,2.111522E0,8.594340E0
1.009759E1,2.125771E0,8.547927E0
1.010176E1,2.097964E0,8.588547E0
1.010593E1,2.131063E0,8.748444E0
1.011010E1,2.266178E0,8.550876E0
1.011427E1,2.498581E0,8.521243E0
1.011844E1,2.214458E0,8.634048E0
1.012261E1,2.242831E0,8.624217E0
1.012678E1,2.277443E0,8.433688E0
1.013095E1,2.327447E0,8.571393E0
1.013513E1,2.122750E0,8.420661E0
1.013930E1,2.222566E0,8.522017E0
1.014347E1,2.100207E0,8.306681E0
1.014764E1,2.123065E0,8.509891E0
1.015181E1,2.009840E0,8.461064E0
1.015598E1,1.980895E0,8.564282E0
1.016015E1,2.317565E0,8.501823E0
1.016432E1,2.089211E0,8.455505E0
1.016849E1,2.183298E0,8.443572E0
1.017266E1,2.335820E0,8.336954E0
1.017683E1,2.075570E0,8.509378E0
1.018100E1,2.245581E0,8.488580E0
1.018517E1,2.293786E0,8.493283E0
1.018935E1,2.133933E0,8.624799E0
1.019352E1,2.321243E0,8.598024E0
1.019769E1,2.251538E0,8.549385E0
1.020186E1,2.385284E0,8.717834E0
1.020603E1,1.988327E0,8.517654E0
1.021020E1,2.408372E0,8.677410E0
1.021437E1,2.214958E0,8.728416E0
1.021854E1,2.113522E0,8.543864E0
1.022271E1,2.141667E0,8.300730E0
1.022688E1,2.118415E0,8.465348E0
1.023105E1,2.107427E0,8.462100E0
1.023522E1,2.006420E0,8.497361E0
1.023940E1,2.393006E0,8.611951E0
1.024357E1,2.451626E0,8.436186E0
1.024774E1,2.240657E0,8.464708E0
1.025191E1,2.352034E0,8.740266E0
1.025608E1,2.252337E0,8.378670E0
1.026025E1,2.155443E0,8.682419E0
1.026442E1,2.401651E0,8.564941E0
1.026859E1,2.462421E0,8.574610E0
1.027276E1,2.120211E0,8.799232E0
1.027693E1,2.042886E0,8.577909E0
1.028110E1,2.178880E0,8.326622E0
1.028528E1,2.123472E0,8.374351E0
1.028945E1,2.123132E0,8.185559E0
1.029362E1,2.143633E0,8.202564E0
1.029779E1,2.286358E0,8.317172E0
1.030196E1,2.172157E0,8.440957E0
1.030613E1,2.069054E0,7.838584E0
1.031030E1,2.164822E0,8.187273E0
1.031447E1,2.144163E0,8.193650E0
1.031864E1,2.284256E0,7.626339E0
1.032281E1,2.166521E0,8.322682E0
1.032698E1,2.174449E0,7.817577E0
1.033115E1,2.574374E0,8.184488E0
1.033533E1,2.323737E0,7.775136E0
1.033950E1,2.318789E0,7.919296E0
1.034367E1,2.227833E0,8.125652E0
1.034784E1,2.472996E0,7.947410E0
1.035201E1,2.350716E0,8.209696E0
1.035618E1,2.317450E0,8.351852E0
1.036035E1,2.249210E0,8.356038E0
1.036452E1,2.132287E0,8.022992E0
1.036869E1,2.360089E0,8.362522E0
1.037286E1,2.217836E0,8.461239E0
1.037703E1,2.326977E0,8.541238E0
1.038120E1,2.279022E0,8.502374E0
1.038537E1,2.193329E0,8.510238E0
1.038955E1,2.199240E0,8.315607E0
1.039372E1,2.121967E0,8.747076E0
1.039789E1,2.380500E0,8.538047E0
1.040206E1,2.145387E0,8.701000E0
1.040623E1,2.084152E0,8.664978E0
1.041040E1,2.141455E0,8.538237E0
1.041457E1,2.369702E0,8.252575E0
1.041874E1,2.245226E0,8.249418E0
1.042291E1,2.408417E0,8.072878E0
1.042708E1,2.013561E0,8.088652E0
1.043125E1,2.124920E0,7.822746E0
1.043542E1,2.243406E0,7.749758E0
1.043960E1,2.327927E0,7.724435E0
1.044377E1,2.227960E0,8.089749E0
1.044794E1,2.212444E0,7.845914E0
1.045211E1,2.306040E0,8.532845E0
1.045628E1,2.290327E0,7.989088E0
1.046045E1,2.417401E0,8.072325E0
1.046462E1,2.100570E0,7.827519E0
1.046879E1,2.310448E0,7.812914E0
1.047296E1,2.281762E0,8.059293E0
1.047713E1,2.280376E0,7.637847E0
1.048130E1,2.260322E0,8.010197E0
1.048548E1,2.181133E0,7.867405E0
1.048965E1,2.369274E0,7.688286E0
1.049382E1,2.314092E0,7.659754E0
1.049799E1,2.300598E0,7.771270E0
1.050216E1,2.275221E0,7.625801E0
1.050633E1,2.306661E0,8.034391E0
1.051050E1,2.274815E0,7.737297E0
1.051467E1,2.362138E0,7.682634E0
1.051884E1,2.333274E0,7.732889E0
1.052301E1,2.094554E0,7.964953E0
1.052718E1,2.112753E0,7.895551E0
1.053135E1,2.206134E0,8.055862E0
1.053552E1,2.093127E0,7.762849E0
1.053970E1,2.326222E0,7.812919E0
1.054387E1,2.106912E0,7.504402E0
1.054804E1,2.423998E0,7.721090E0
1.055221E1,2.470521E0,7.613891E0
1.055638E1,2.291291E0,7.508838E0
