,mass A,,
t,x,y,
0.000000E0,4.626506E1,1.957368E1
4.170833E-3,2.190946E1,1.537898E1
8.341667E-3,-1.466773E0,1.335094E1
1.251250E-2,-2.212069E1,1.053817E1
1.668333E-2,-3.873806E1,6.926544E0
2.085417E-2,-5.459399E1,3.500275E0
2.502500E-2,-6.971904E1,2.133852E-1
2.919583E-2,-8.325016E1,-3.450065E0
3.336667E-2,-9.517669E1,-7.501386E0
3.753750E-2,-1.046759E2,-1.087256E1
4.170833E-2,-1.126954E2,-1.407154E1
4.587917E-2,-1.191396E2,-1.691752E1
5.005000E-2,-1.235911E2,-1.959995E1
5.422083E-2,-1.266185E2,-2.142348E1
5.839167E-2,-1.279379E2,-2.363239E1
6.256250E-2,-1.269134E2,-2.547857E1
6.673333E-2,-1.244752E2,-2.627833E1
7.090417E-2,-1.203397E2,-2.725747E1
7.507500E-2,-1.145539E2,-2.710285E1
7.924583E-2,-1.074064E2,-2.728244E1
8.341667E-2,-9.816745E1,-2.659760E1
8.758750E-2,-8.673116E1,-2.514135E1
9.175833E-2,-7.372790E1,-2.309774E1
9.592917E-2,-6.005813E1,-2.128831E1
1.001000E-1,-4.397967E1,-1.783790E1
1.042708E-1,-2.591513E1,-1.264635E1
1.084417E-1,-6.508053E0,-5.731119E0
1.126125E-1,1.383717E1,1.899256E0
1.167833E-1,3.289365E1,1.003653E1
1.209542E-1,5.017870E1,1.743760E1
1.251250E-1,6.490327E1,2.438846E1
1.292958E-1,7.928109E1,3.072018E1
1.334667E-1,9.252973E1,3.803629E1
1.376375E-1,1.034520E2,4.356222E1
1.418083E-1,1.121075E2,4.728033E1
1.459792E-1,1.187173E2,5.176137E1
1.501500E-1,1.233458E2,5.518802E1
1.543208E-1,1.254379E2,5.820950E1
1.584917E-1,1.259554E2,5.991538E1
1.626625E-1,1.241974E2,6.170017E1
1.668333E-1,1.209673E2,6.304625E1
1.710042E-1,1.159977E2,6.253147E1
1.751750E-1,1.083076E2,6.214527E1
1.793458E-1,9.910220E1,6.041976E1
1.835167E-1,8.779518E1,5.725776E1
1.876875E-1,7.409311E1,5.410305E1
1.918583E-1,5.822402E1,4.872012E1
1.960292E-1,4.173556E1,4.247725E1
2.002000E-1,2.362011E1,3.515682E1
2.043708E-1,6.071972E0,2.520025E1
2.085417E-1,-9.192832E0,1.344384E1
2.127125E-1,-2.015674E1,2.710606E0
2.168833E-1,-3.002032E1,-6.622763E0
2.210542E-1,-3.890843E1,-1.475030E1
2.252250E-1,-4.712666E1,-2.288051E1
2.293958E-1,-5.353676E1,-3.015528E1
2.335667E-1,-5.900637E1,-3.692677E1
2.377375E-1,-6.256960E1,-4.279663E1
2.419083E-1,-6.492450E1,-4.729683E1
2.460792E-1,-6.571007E1,-5.075076E1
2.502500E-1,-6.471236E1,-5.293272E1
2.544208E-1,-6.227888E1,-5.459574E1
2.585917E-1,-5.874818E1,-5.469586E1
2.627625E-1,-5.370297E1,-5.329498E1
2.669333E-1,-4.708528E1,-5.084561E1
2.711042E-1,-3.954245E1,-4.690073E1
2.752750E-1,-3.051192E1,-4.161552E1
2.794458E-1,-2.118106E1,-3.492487E1
2.836167E-1,-1.014006E1,-2.692229E1
2.877875E-1,1.410387E0,-1.754508E1
2.919583E-1,1.229339E1,-5.784781E0
2.961292E-1,2.308796E1,7.385042E0
3.003000E-1,3.320914E1,2.122968E1
3.044708E-1,4.261821E1,3.351731E1
3.086417E-1,5.021919E1,4.410021E1
3.128125E-1,5.663120E1,5.373677E1
3.169833E-1,6.175966E1,6.104919E1
3.211542E-1,6.498028E1,6.691076E1
3.253250E-1,6.611432E1,7.213959E1
3.294958E-1,6.669187E1,7.574168E1
3.336667E-1,6.588342E1,7.727714E1
3.378375E-1,6.390164E1,7.769108E1
3.420083E-1,5.931566E1,7.735688E1
3.461792E-1,5.477896E1,7.424118E1
3.503500E-1,4.883169E1,6.958953E1
3.545208E-1,4.226600E1,6.297545E1
3.586917E-1,3.411533E1,5.366510E1
3.628625E-1,2.630421E1,4.262833E1
3.670333E-1,1.729352E1,2.872645E1
3.712042E-1,8.956565E0,1.442531E1
3.753750E-1,3.005229E0,4.162938E-1
3.795458E-1,-2.090577E0,-1.280462E1
3.837167E-1,-5.911247E0,-2.437178E1
3.878875E-1,-9.719848E0,-3.423625E1
3.920583E-1,-1.225673E1,-4.284437E1
3.962292E-1,-1.487892E1,-4.937768E1
4.004000E-1,-1.679693E1,-5.456283E1
4.045708E-1,-1.798988E1,-5.750932E1
4.087417E-1,-1.880992E1,-5.880907E1
4.129125E-1,-1.890714E1,-5.849298E1
4.170833E-1,-1.875678E1,-5.668420E1
4.212542E-1,-1.754666E1,-5.293346E1
4.254250E-1,-1.570411E1,-4.796481E1
4.295958E-1,-1.419481E1,-4.105103E1
4.337667E-1,-1.107409E1,-3.275551E1
4.379375E-1,-7.216950E0,-2.222675E1
4.421083E-1,-3.080899E0,-1.034300E1
4.462792E-1,2.756323E0,3.470515E0
4.504500E-1,9.778594E0,1.643939E1
4.546208E-1,1.761588E1,2.940341E1
4.587917E-1,2.301596E1,3.942909E1
4.629625E-1,2.862484E1,4.796958E1
4.671333E-1,3.334034E1,5.487286E1
4.713042E-1,3.718958E1,6.009155E1
4.754750E-1,4.059736E1,6.364319E1
4.796458E-1,4.218831E1,6.525176E1
4.838167E-1,4.333013E1,6.532600E1
4.879875E-1,4.401090E1,6.291324E1
4.921583E-1,4.290592E1,5.925425E1
4.963292E-1,4.108703E1,5.323913E1
5.005000E-1,3.799264E1,4.612711E1
5.046708E-1,3.377380E1,3.717273E1
5.088417E-1,2.941498E1,2.583189E1
5.130125E-1,2.293706E1,1.364463E1
5.171833E-1,1.554331E1,1.846726E0
5.213542E-1,7.456840E0,-7.720328E0
5.255250E-1,6.140483E-1,-1.505822E1
5.296958E-1,-5.977891E0,-2.076921E1
5.338667E-1,-1.110542E1,-2.504156E1
5.380375E-1,-1.614709E1,-2.805976E1
5.422083E-1,-2.010776E1,-2.986798E1
5.463792E-1,-2.329814E1,-2.991233E1
5.505500E-1,-2.480172E1,-2.858628E1
5.547208E-1,-2.550565E1,-2.587289E1
5.588917E-1,-2.490749E1,-2.181697E1
5.630625E-1,-2.285326E1,-1.647943E1
5.672333E-1,-1.917382E1,-1.048446E1
5.714042E-1,-1.419757E1,-3.402287E0
5.755750E-1,-7.316175E0,4.931433E0
5.797458E-1,5.269449E-1,1.348516E1
5.839167E-1,1.002629E1,2.053922E1
5.880875E-1,1.896417E1,2.551228E1
5.922583E-1,2.809058E1,2.970233E1
5.964292E-1,3.533115E1,3.256161E1
6.006000E-1,4.052393E1,3.417280E1
6.047708E-1,4.424139E1,3.501209E1
6.089417E-1,4.649093E1,3.479894E1
6.131125E-1,4.617012E1,3.400658E1
6.172833E-1,4.439381E1,3.232931E1
6.214542E-1,4.014551E1,3.020353E1
6.256250E-1,3.408506E1,2.745567E1
6.297958E-1,2.650136E1,2.437439E1
6.339667E-1,1.625210E1,2.086690E1
6.381375E-1,5.944213E0,1.574409E1
6.423083E-1,-3.527491E0,1.060543E1
6.464792E-1,-1.114931E1,5.353575E0
6.506500E-1,-1.646620E1,1.469077E0
6.548208E-1,-2.031235E1,-2.089728E0
6.589917E-1,-2.279270E1,-4.878611E0
6.631625E-1,-2.372895E1,-6.774623E0
6.673333E-1,-2.233571E1,-8.752979E0
6.715042E-1,-1.997826E1,-9.666450E0
6.756750E-1,-1.573969E1,-9.663328E0
6.798458E-1,-9.367768E0,-9.295665E0
6.840167E-1,-2.046789E0,-7.623578E0
6.881875E-1,6.007455E0,-4.733911E0
6.923583E-1,1.513918E1,-1.214628E-1
6.965292E-1,2.230287E1,5.608964E0
7.007000E-1,2.824181E1,1.126841E1
7.048708E-1,3.279666E1,1.563763E1
7.090417E-1,3.582455E1,1.914133E1
7.132125E-1,3.704361E1,2.141333E1
7.173833E-1,3.616713E1,2.226825E1
7.215542E-1,3.436423E1,2.204887E1
7.257250E-1,3.049891E1,2.073077E1
7.298958E-1,2.490923E1,1.810693E1
7.340667E-1,1.843089E1,1.440189E1
7.382375E-1,1.110830E1,9.304627E0
7.424083E-1,5.251924E0,4.125731E0
7.465792E-1,1.907215E0,-4.794899E-1
7.507500E-1,-6.018495E-1,-3.427301E0
7.549208E-1,-1.074404E0,-5.570953E0
7.590917E-1,-8.944961E-1,-6.241733E0
7.632625E-1,1.190134E-1,-6.082029E0
7.674333E-1,1.983928E0,-4.818953E0
7.716042E-1,5.297217E0,-1.846648E0
7.757750E-1,9.159377E0,2.148803E0
7.799458E-1,1.308116E1,7.540286E0
7.841167E-1,1.529606E1,1.216432E1
7.882875E-1,1.706385E1,1.480060E1
7.924583E-1,1.736220E1,1.574216E1
7.966292E-1,1.621431E1,1.532356E1
8.008000E-1,1.432654E1,1.355687E1
8.049708E-1,1.243095E1,1.062215E1
8.091417E-1,1.132930E1,7.309084E0
8.133125E-1,1.194491E1,4.699782E0
8.174833E-1,1.224822E1,3.898244E0
8.216542E-1,1.299849E1,4.459409E0
8.258250E-1,1.312720E1,7.104678E0
8.299958E-1,1.364369E1,1.063488E1
8.341667E-1,1.396044E1,1.256741E1
8.383375E-1,1.402415E1,1.361276E1
8.425083E-1,1.385271E1,1.263882E1
8.466792E-1,1.343762E1,1.061196E1
8.508500E-1,1.346615E1,7.864776E0
8.550208E-1,1.379428E1,5.206895E0
8.591917E-1,1.414547E1,4.665183E0
8.633625E-1,1.388610E1,5.273935E0
8.675333E-1,1.363899E1,7.586553E0
8.717042E-1,1.315131E1,1.029713E1
8.758750E-1,1.318682E1,1.208899E1
8.800458E-1,1.341871E1,1.241823E1
8.842167E-1,1.378842E1,1.060043E1
8.883875E-1,1.326848E1,8.321732E0
8.925583E-1,1.341357E1,6.442453E0
8.967292E-1,1.327996E1,5.700258E0
9.009000E-1,1.280576E1,6.176208E0
9.050708E-1,1.298892E1,8.349889E0
9.092417E-1,1.380988E1,1.026475E1
9.134125E-1,1.454551E1,1.159120E1
9.175833E-1,1.422155E1,1.130095E1
9.217542E-1,1.377627E1,9.493463E0
9.259250E-1,1.316417E1,7.457779E0
9.300958E-1,1.247710E1,6.685204E0
9.342667E-1,1.255097E1,6.837277E0
9.384375E-1,1.311972E1,7.840464E0
9.426083E-1,1.394010E1,9.434818E0
9.467792E-1,1.476867E1,1.054239E1
9.509500E-1,1.450270E1,1.076817E1
9.551208E-1,1.413575E1,8.973556E0
9.592917E-1,1.328876E1,7.500446E0
9.634625E-1,1.283529E1,6.271373E0
9.676333E-1,1.320894E1,6.578107E0
9.718042E-1,1.313822E1,8.287733E0
9.759750E-1,1.404721E1,9.725503E0
9.801458E-1,1.422401E1,1.054747E1
9.843167E-1,1.382515E1,1.007836E1
9.884875E-1,1.409302E1,8.586019E0
9.926583E-1,1.329904E1,7.367133E0
9.968292E-1,1.309971E1,7.106000E0
1.001000E0,1.346208E1,7.703013E0
1.005171E0,1.408325E1,8.829159E0
1.009342E0,1.416310E1,1.012247E1
1.013513E0,1.399385E1,1.024806E1
1.017683E0,1.335024E1,9.285134E0
1.021854E0,1.295475E1,8.132135E0
1.026025E0,1.307512E1,7.442790E0
1.030196E0,1.366413E1,8.041743E0
1.034367E0,1.330206E1,9.208316E0
1.038538E0,1.426845E1,9.959086E0
1.042708E0,1.431041E1,1.003233E1
1.046879E0,1.402625E1,8.852331E0
1.051050E0,1.392914E1,7.622569E0
1.055221E0,1.383795E1,7.370639E0
1.059392E0,1.350552E1,8.298309E0
1.063563E0,1.431740E1,9.016100E0
1.067733E0,1.440640E1,9.787704E0
1.071904E0,1.407390E1,9.123788E0
1.076075E0,1.374007E1,8.759815E0
1.080246E0,1.361172E1,7.895555E0
1.084417E0,1.302034E1,8.082805E0
1.088588E0,1.376728E1,8.402273E0
1.092758E0,1.411878E1,9.315417E0
1.096929E0,1.429002E1,9.554110E0
1.101100E0,1.418930E1,8.848821E0
1.105271E0,1.358538E1,8.476612E0
1.109442E0,1.342418E1,8.322742E0
1.113613E0,1.367373E1,8.699285E0
1.117783E0,1.350569E1,9.567816E0
1.121954E0,1.391239E1,9.450400E0
1.126125E0,1.338783E1,9.434385E0
1.130296E0,1.355250E1,8.705359E0
1.134467E0,1.344002E1,8.457497E0
1.138638E0,1.360820E1,8.669838E0
1.142808E0,1.311195E1,9.224876E0
1.146979E0,1.374742E1,9.711485E0
1.151150E0,1.307378E1,9.267836E0
1.155321E0,1.337060E1,8.724587E0
1.159492E0,1.333487E1,8.597184E0
1.163663E0,1.336413E1,8.964924E0
1.167833E0,1.350321E1,9.009618E0
1.172004E0,1.305997E1,9.216272E0
1.176175E0,1.342084E1,8.921192E0
1.180346E0,1.326680E1,8.547631E0
1.184517E0,1.316032E1,8.619567E0
1.188688E0,1.335609E1,8.810646E0
1.192858E0,1.314416E1,9.109572E0
1.197029E0,1.320296E1,9.209581E0
1.201200E0,1.358898E1,8.886385E0
1.205371E0,1.320220E1,8.576111E0
1.209542E0,1.333266E1,8.536870E0
1.213713E0,1.352945E1,8.710411E0
1.217883E0,1.341370E1,8.842351E0
1.222054E0,1.322765E1,8.706207E0
1.226225E0,1.329005E1,8.473786E0
1.230396E0,1.325718E1,8.600928E0
1.234567E0,1.332079E1,8.819473E0
1.238738E0,1.336832E1,8.619909E0
1.242908E0,1.318544E1,8.663027E0
1.247079E0,1.308227E1,8.568151E0
1.251250E0,1.308419E1,8.466199E0
1.255421E0,1.332132E1,8.553902E0
1.259592E0,1.320422E1,8.541007E0
1.263763E0,1.331903E1,8.698862E0
1.267933E0,1.323604E1,8.554332E0
1.272104E0,1.317002E1,8.393803E0
1.276275E0,1.323415E1,8.520082E0
1.280446E0,1.332051E1,8.454727E0
1.284617E0,1.327052E1,8.471693E0
1.288788E0,1.318969E1,8.450762E0
1.292958E0,1.304953E1,8.486044E0
1.297129E0,1.331850E1,8.578727E0
1.301300E0,1.343333E1,8.416030E0
1.305471E0,1.329103E1,8.543916E0
1.309642E0,1.309258E1,8.413818E0
1.313813E0,1.321998E1,8.526125E0
1.317983E0,1.328734E1,8.571801E0
1.322154E0,1.325702E1,8.594526E0
1.326325E0,1.342331E1,8.572427E0
1.330496E0,1.336418E1,8.630467E0
1.334667E0,1.330867E1,8.400504E0
1.338838E0,1.327335E1,8.448043E0
1.343008E0,1.324015E1,8.520435E0
1.347179E0,1.328905E1,8.516393E0
1.351350E0,1.326954E1,8.521973E0
1.355521E0,1.330771E1,8.444442E0
1.359692E0,1.310845E1,8.454724E0
1.363863E0,1.308274E1,8.529264E0
1.368033E0,1.310043E1,8.462550E0
1.372204E0,1.328254E1,8.517433E0
1.376375E0,1.301896E1,8.518274E0
1.380546E0,1.316105E1,8.524245E0
1.384717E0,1.322823E1,8.369747E0
1.388888E0,1.330146E1,8.591878E0
1.393058E0,1.338290E1,8.527370E0
1.397229E0,1.339564E1,8.510217E0
1.401400E0,1.322075E1,8.462999E0
1.405571E0,1.319286E1,8.526499E0
1.409742E0,1.341940E1,8.477395E0
1.413913E0,1.327814E1,8.540181E0
1.418083E0,1.321420E1,8.519025E0
1.422254E0,1.345257E1,8.480935E0
1.426425E0,1.294785E1,8.584365E0
1.430596E0,1.342012E1,8.395464E0
1.434767E0,1.326053E1,8.421435E0
1.438938E0,1.312512E1,8.632390E0
1.443108E0,1.316365E1,8.523861E0
1.447279E0,1.334523E1,8.557703E0
1.451450E0,1.333328E1,8.440826E0
1.455621E0,1.338583E1,8.418565E0
1.459792E0,1.320985E1,8.497813E0
1.463963E0,1.325623E1,8.476349E0
1.468133E0,1.326803E1,8.522757E0
1.472304E0,1.313669E1,8.476072E0
1.476475E0,1.295657E1,8.518812E0
1.480646E0,1.321820E1,8.485518E0
1.484817E0,1.319577E1,8.453011E0
1.488988E0,1.313475E1,8.483681E0
1.493158E0,1.325784E1,8.510173E0
1.497329E0,1.333699E1,8.575219E0
1.501500E0,1.321682E1,8.510513E0
1.505671E0,1.307805E1,8.632635E0
1.509842E0,1.321009E1,8.421128E0
1.514013E0,1.309056E1,8.519047E0
1.518183E0,1.314324E1,8.587668E0
1.522354E0,1.323392E1,8.532489E0
1.526525E0,1.340697E1,8.495711E0
1.530696E0,1.334481E1,8.486506E0
1.534867E0,1.337710E1,8.358940E0
1.539038E0,1.327453E1,8.636335E0
1.543208E0,1.327936E1,8.540371E0
1.547379E0,1.313340E1,8.454851E0
1.551550E0,1.330762E1,8.511069E0
1.555721E0,1.331799E1,8.592084E0
1.559892E0,1.322946E1,8.406196E0
1.564063E0,1.321660E1,8.483047E0
1.568233E0,1.319862E1,8.491842E0
1.572404E0,1.321091E1,8.492903E0
1.576575E0,1.323061E1,8.459411E0
1.580746E0,1.327881E1,8.456701E0
1.584917E0,1.313035E1,8.532895E0
1.589088E0,1.325652E1,8.560872E0
1.593258E0,1.340221E1,8.536570E0
1.597429E0,1.330298E1,8.487254E0
1.601600E0,1.314962E1,8.576899E0
1.605771E0,1.324364E1,8.445442E0
1.609942E0,1.320918E1,8.475581E0
1.614113E0,1.301867E1,8.474424E0
1.618283E0,1.331270E1,8.518143E0
1.622454E0,1.302219E1,8.555421E0
1.626625E0,1.306139E1,8.564771E0
1.630796E0,1.324378E1,8.493856E0
1.634967E0,1.341381E1,8.567498E0
1.639138E0,1.330353E1,8.487361E0
1.643308E0,1.327292E1,8.389052E0
1.647479E0,1.310043E1,8.377812E0
1.651650E0,1.316388E1,8.415543E0
1.655821E0,1.328136E1,8.540182E0
1.659992E0,1.322741E1,8.500647E0
1.664163E0,1.300408E1,8.625627E0
1.668333E0,1.307546E1,8.389938E0
1.672504E0,1.322167E1,8.563374E0
1.676675E0,1.319445E1,8.542993E0
1.680846E0,1.333148E1,8.578420E0
1.685017E0,1.323281E1,8.555473E0
1.689188E0,1.336678E1,8.526624E0
1.693358E0,1.328700E1,8.512562E0
1.697529E0,1.329725E1,8.553403E0
1.701700E0,1.334735E1,8.440074E0
1.705871E0,1.335119E1,8.438291E0
1.710042E0,1.319257E1,8.521498E0
1.714213E0,1.307192E1,8.371082E0
1.718383E0,1.325924E1,8.488199E0
1.722554E0,1.315609E1,8.391151E0
1.726725E0,1.316912E1,8.570680E0
1.730896E0,1.328635E1,8.443445E0
1.735067E0,1.325690E1,8.477908E0
1.739238E0,1.330825E1,8.525307E0
1.743408E0,1.337512E1,8.385149E0
1.747579E0,1.338357E1,8.471424E0
1.751750E0,1.342005E1,8.474125E0
1.755921E0,1.341046E1,8.395952E0
1.760092E0,1.344867E1,8.579592E0
1.764263E0,1.332637E1,8.435208E0
1.768433E0,1.343053E1,8.449562E0
1.772604E0,1.375776E1,8.583807E0
1.776775E0,1.344889E1,8.493100E0
1.780946E0,1.340580E1,8.546580E0
1.785117E0,1.355141E1,8.577075E0
1.789288E0,1.353222E1,8.479319E0
1.793458E0,1.326805E1,8.475071E0
1.797629E0,1.334065E1,8.486542E0
1.801800E0,1.336470E1,8.579839E0
1.805971E0,1.352269E1,8.498712E0
1.810142E0,1.343503E1,8.638484E0
1.814313E0,1.353878E1,8.625756E0
1.818483E0,1.362032E1,8.594060E0
1.822654E0,1.338090E1,8.470434E0
1.826825E0,1.339764E1,8.557576E0
1.830996E0,1.360749E1,8.729368E0
1.835167E0,1.355380E1,8.481505E0
1.839338E0,1.371632E1,8.567045E0
1.843508E0,1.330560E1,8.507943E0
1.847679E0,1.372538E1,8.431982E0
1.851850E0,1.387846E1,8.370367E0
1.856021E0,1.345580E1,8.531286E0
1.860192E0,1.347189E1,8.314213E0
1.864363E0,1.361681E1,8.464809E0
1.868533E0,1.382030E1,8.309938E0
1.872704E0,1.402008E1,8.378565E0
1.876875E0,1.407768E1,8.439931E0
1.881046E0,1.412849E1,8.384612E0
1.885217E0,1.435922E1,8.575051E0
1.889388E0,1.433517E1,8.533752E0
1.893558E0,1.462493E1,8.567473E0
1.897729E0,1.448250E1,8.561785E0
1.901900E0,1.444813E1,8.604892E0
1.906071E0,1.450903E1,8.656811E0
1.910242E0,1.454590E1,8.573185E0
1.914413E0,1.460155E1,8.600003E0
1.918583E0,1.470516E1,8.742148E0
1.922754E0,1.483692E1,8.332607E0
1.926925E0,1.497445E1,8.476382E0
1.931096E0,1.518086E1,8.457814E0
1.935267E0,1.527942E1,8.523768E0
1.939438E0,1.528564E1,8.560815E0
1.943608E0,1.528600E1,8.516925E0
1.947779E0,1.555457E1,8.599327E0
1.951950E0,1.538711E1,8.522807E0
1.956121E0,1.534268E1,8.647686E0
1.960292E0,1.567540E1,8.658109E0
1.964463E0,1.551014E1,8.504338E0
1.968633E0,1.580401E1,8.317298E0
1.972804E0,1.562102E1,8.672160E0
1.976975E0,1.582781E1,8.222922E0
1.981146E0,1.637571E1,8.554633E0
1.985317E0,1.614291E1,8.383453E0
1.989488E0,1.621924E1,8.432193E0
1.993658E0,1.632156E1,8.520455E0
1.997829E0,1.655859E1,8.601969E0
2.002000E0,1.643717E1,8.428869E0
2.006171E0,1.656284E1,8.631592E0
2.010342E0,1.677904E1,8.132731E0
2.014513E0,1.707357E1,8.201661E0
2.018683E0,1.709344E1,8.324827E0
2.022854E0,1.724708E1,8.423229E0
2.027025E0,1.739676E1,8.624217E0
2.031196E0,1.734942E1,8.469867E0
2.035367E0,1.758315E1,8.622429E0
2.039538E0,1.759276E1,8.830794E0
2.043708E0,1.755658E1,8.617416E0
2.047879E0,1.764871E1,8.826565E0
2.052050E0,1.774458E1,8.881610E0
2.056221E0,1.761986E1,8.769776E0
2.060392E0,1.783248E1,8.277331E0
2.064563E0,1.801543E1,8.317103E0
2.068733E0,1.839079E1,8.591049E0
2.072904E0,1.842495E1,8.545390E0
2.077075E0,1.850183E1,8.597822E0
2.081246E0,1.849102E1,8.584159E0
2.085417E0,1.865064E1,8.928410E0
2.089588E0,1.872509E1,8.716291E0
2.093758E0,1.868379E1,8.738169E0
2.097929E0,1.871964E1,8.773631E0
2.102100E0,1.878640E1,8.291456E0
2.106271E0,1.898683E1,8.297670E0
2.110442E0,1.916795E1,8.317040E0
2.114613E0,1.936336E1,8.313639E0
2.118783E0,2.024303E1,7.801796E0
2.122954E0,2.007845E1,7.707881E0
2.127125E0,2.030777E1,7.668191E0
2.131296E0,2.046376E1,7.798431E0
2.135467E0,2.059976E1,7.695190E0
2.139638E0,2.064588E1,7.585654E0
2.143808E0,2.053030E1,7.463040E0
2.147979E0,2.052433E1,7.358611E0
2.152150E0,2.089424E1,6.531260E0
2.156321E0,2.089341E1,6.230709E0
2.160492E0,2.119025E1,6.218128E0
2.164663E0,2.141434E1,5.846002E0
2.168833E0,2.155872E1,5.902824E0
2.173004E0,2.179641E1,5.448851E0
2.177175E0,2.240884E1,5.836302E0
2.181346E0,2.226599E1,6.105749E0
2.185517E0,2.255416E1,6.463620E0
2.189688E0,2.264326E1,6.753304E0
2.193858E0,2.310028E1,6.425679E0
2.198029E0,2.320236E1,6.317550E0
2.202200E0,2.336494E1,6.381372E0
2.206371E0,2.346616E1,6.470100E0
2.210542E0,2.364926E1,6.703999E0
2.214713E0,2.437692E1,5.993382E0
2.218883E0,2.447487E1,5.996146E0
2.223054E0,2.458832E1,6.034588E0
2.227225E0,2.453199E1,5.762022E0
2.231396E0,2.458380E1,5.620029E0
2.235567E0,2.468869E1,5.652687E0
2.239738E0,2.476459E1,5.680736E0
2.243908E0,2.505368E1,4.981608E0
2.248079E0,2.525384E1,4.940687E0
2.252250E0,2.523946E1,4.780452E0
2.256421E0,2.537755E1,4.884346E0
2.260592E0,2.558660E1,4.899935E0
2.264763E0,2.530542E1,4.454044E0
2.268933E0,2.539446E1,4.392421E0
2.273104E0,2.552826E1,4.862675E0
2.277275E0,2.556916E1,4.523677E0
2.281446E0,2.557159E1,4.634578E0
2.285617E0,2.548712E1,4.569839E0
2.289788E0,2.555982E1,4.362988E0
2.293958E0,2.548879E1,4.516841E0
2.298129E0,2.536530E1,4.323449E0
2.302300E0,2.556293E1,4.383912E0
2.306471E0,2.562435E1,4.456856E0
2.310642E0,2.550584E1,4.317727E0
2.314813E0,2.540773E1,4.259091E0
2.318983E0,2.544968E1,4.200722E0
2.323154E0,2.546244E1,4.337978E0
2.327325E0,2.541825E1,4.199051E0
2.331496E0,2.537645E1,4.473321E0
2.335667E0,2.535163E1,4.350424E0
2.339838E0,2.544129E1,4.270114E0
2.344008E0,2.540929E1,4.250394E0
2.348179E0,2.548309E1,4.139834E0
2.352350E0,2.556910E1,4.168791E0
2.356521E0,2.545498E1,4.276893E0
2.360692E0,2.545221E1,4.285943E0
2.364863E0,2.545170E1,4.214215E0
2.369033E0,2.536805E1,4.074017E0
2.373204E0,2.547501E1,3.845226E0
2.377375E0,2.542605E1,3.685241E0
2.381546E0,2.546988E1,3.255130E0
2.385717E0,2.535285E1,3.548425E0
2.389888E0,2.533460E1,3.104512E0
2.394058E0,2.539420E1,3.276666E0
2.398229E0,2.535721E1,3.388078E0
2.402400E0,2.533418E1,3.132234E0
2.406571E0,2.527389E1,3.437411E0
2.410742E0,2.527418E1,2.994344E0
2.414913E0,1.758419E1,-8.745858E0
2.419083E0,1.780402E1,-8.292378E0
2.423254E0,1.808177E1,-8.671035E0
2.427425E0,1.831577E1,-8.704028E0
2.431596E0,1.828752E1,-8.719881E0
2.435767E0,1.791732E1,-9.105019E0
2.439938E0,1.809153E1,-9.277464E0
2.444108E0,1.804490E1,-9.305577E0
2.448279E0,1.818159E1,-9.452058E0
2.452450E0,1.824299E1,-9.459253E0
2.456621E0,1.801375E1,-9.367166E0
2.460792E0,1.819888E1,-9.417337E0
2.464963E0,1.826439E1,-9.287338E0
2.469133E0,1.810679E1,-9.130644E0
2.473304E0,1.801892E1,-9.112831E0
2.477475E0,1.830130E1,-9.327520E0
2.481646E0,1.819330E1,-9.531626E0
2.485817E0,1.843069E1,-9.438208E0
2.489988E0,1.833371E1,-9.316766E0
2.494158E0,1.818009E1,-9.283731E0
2.498329E0,1.830119E1,-9.612806E0
2.502500E0,1.818899E1,-9.350703E0
2.506671E0,1.811684E1,-9.233044E0
2.510842E0,1.816353E1,-9.364756E0
2.515013E0,1.825841E1,-9.323994E0
2.519183E0,1.819276E1,-9.297492E0
2.523354E0,1.836236E1,-9.356846E0
2.527525E0,1.819083E1,-9.266552E0
2.531696E0,1.817662E1,-9.231263E0
2.535867E0,1.816913E1,-9.321904E0
2.540038E0,1.825217E1,-9.347444E0
2.544208E0,1.837922E1,-9.462911E0
2.548379E0,1.816155E1,-9.395984E0
2.552550E0,1.824179E1,-9.480897E0
