,mass A,,
t,x,y,
0.000000E0,1.975162E2,0.000000E0
4.170833E-3,1.812910E2,3.592287E0
8.341667E-3,1.622119E2,9.295950E0
1.251250E-2,1.419388E2,1.321929E1
1.668333E-2,1.187056E2,1.566445E1
2.085417E-2,9.385757E1,1.835204E1
2.502500E-2,6.405931E1,1.957368E1
2.919583E-2,3.429628E1,1.955722E1
3.336667E-2,3.268298E0,1.766494E1
3.753750E-2,-2.791010E1,1.381025E1
4.170833E-2,-6.032952E1,1.239215E1
4.587917E-2,-8.950602E1,-3.048490E0
5.005000E-2,-1.109711E2,-1.090747E1
5.422083E-2,-1.269235E2,-1.915424E1
5.839167E-2,-1.457354E2,-2.428705E1
6.256250E-2,-1.609170E2,-2.767146E1
6.673333E-2,-1.733961E2,-3.001223E1
7.090417E-2,-1.843349E2,-2.589623E1
7.507500E-2,-1.939931E2,-2.923849E1
7.924583E-2,-2.031237E2,-3.183014E1
8.341667E-2,-2.093715E2,-3.486064E1
8.758750E-2,-2.142451E2,-3.818497E1
9.175833E-2,-2.173442E2,-4.138484E1
9.592917E-2,-2.201253E2,-4.374578E1
1.001000E-1,-2.213677E2,-4.683114E1
1.042708E-1,-2.212060E2,-4.980687E1
1.084417E-1,-2.199050E2,-5.134710E1
1.126125E-1,-2.172549E2,-5.509890E1
1.167833E-1,-2.131871E2,-5.731202E1
1.209542E-1,-2.081477E2,-5.902394E1
1.251250E-1,-2.019948E2,-6.117807E1
1.292958E-1,-1.942476E2,-6.170199E1
1.334667E-1,-1.839138E2,-6.402595E1
1.376375E-1,-1.730620E2,-6.300876E1
1.418083E-1,-1.599676E2,-6.099418E1
1.459792E-1,-1.446327E2,-5.951251E1
1.501500E-1,-1.271298E2,-5.867863E1
1.543208E-1,-1.072997E2,-5.639854E1
1.584917E-1,-8.560657E1,-5.256411E1
1.626625E-1,-6.226639E1,-4.702046E1
1.668333E-1,-3.671198E1,-4.011119E1
1.710042E-1,-1.030936E1,-3.084566E1
1.751750E-1,1.692866E1,-1.859036E1
1.793458E-1,4.223380E1,-8.029092E0
1.835167E-1,6.720437E1,1.711713E0
1.876875E-1,9.034812E1,1.142453E1
1.918583E-1,1.138201E2,1.768299E1
1.960292E-1,1.333892E2,2.028288E1
2.002000E-1,1.492351E2,2.644269E1
2.043708E-1,1.630284E2,3.333725E1
2.085417E-1,1.740979E2,3.978224E1
2.127125E-1,1.844128E2,4.629541E1
2.168833E-1,1.911965E2,5.136003E1
2.210542E-1,1.967912E2,5.685031E1
2.252250E-1,2.015834E2,6.186244E1
2.293958E-1,2.048690E2,6.557794E1
2.335667E-1,2.071998E2,6.923749E1
2.377375E-1,2.076368E2,7.241891E1
2.419083E-1,2.067467E2,7.500410E1
2.460792E-1,2.047432E2,7.691479E1
2.502500E-1,2.012633E2,7.762410E1
2.544208E-1,1.960268E2,7.776923E1
2.585917E-1,1.899435E2,7.755683E1
2.627625E-1,1.820237E2,7.635875E1
2.669333E-1,1.718880E2,7.383016E1
2.711042E-1,1.609319E2,7.163793E1
2.752750E-1,1.480603E2,6.817784E1
2.794458E-1,1.328306E2,6.369746E1
2.836167E-1,1.153959E2,5.999088E1
2.877875E-1,9.594649E1,5.361797E1
2.919583E-1,6.888136E1,5.268397E1
2.961292E-1,4.596289E1,4.207321E1
3.003000E-1,2.127740E1,2.862195E1
3.044708E-1,-4.002376E0,1.465973E1
3.086417E-1,-2.304932E1,-1.000489E1
3.128125E-1,-5.129547E1,-2.434144E1
3.169833E-1,-7.278545E1,-4.335817E1
3.211542E-1,-9.070201E1,-6.033224E1
3.253250E-1,-1.047652E2,-7.598008E1
3.294958E-1,-1.180371E2,-8.888515E1
3.336667E-1,-1.295626E2,-9.856783E1
3.378375E-1,-1.392609E2,-1.072523E2
3.420083E-1,-1.458184E2,-1.146637E2
3.461792E-1,-1.524945E2,-1.211575E2
3.503500E-1,-1.569023E2,-1.266400E2
3.545208E-1,-1.603310E2,-1.312338E2
3.586917E-1,-1.618553E2,-1.350362E2
3.628625E-1,-1.629920E2,-1.380410E2
3.670333E-1,-1.628776E2,-1.404031E2
3.712042E-1,-1.618147E2,-1.419900E2
3.753750E-1,-1.594780E2,-1.425526E2
3.795458E-1,-1.565383E2,-1.423106E2
3.837167E-1,-1.527103E2,-1.412862E2
3.878875E-1,-1.476642E2,-1.395206E2
3.920583E-1,-1.416202E2,-1.363248E2
3.962292E-1,-1.345078E2,-1.326425E2
4.004000E-1,-1.255811E2,-1.274389E2
4.045708E-1,-1.153085E2,-1.205122E2
4.087417E-1,-1.042062E2,-1.119764E2
4.129125E-1,-9.016195E1,-1.023506E2
4.170833E-1,-7.980151E1,-8.540713E1
4.212542E-1,-5.454026E1,-7.378405E1
4.254250E-1,-4.186559E1,-4.348534E1
4.295958E-1,-2.043486E1,-2.547563E1
4.337667E-1,4.858150E-1,-7.625977E0
4.379375E-1,1.869448E1,1.102878E1
4.421083E-1,3.582083E1,2.835280E1
4.462792E-1,5.032163E1,4.371472E1
4.504500E-1,6.369409E1,5.777585E1
4.546208E-1,7.608832E1,6.903513E1
4.587917E-1,8.662998E1,7.913126E1
4.629625E-1,9.629426E1,8.956850E1
4.671333E-1,1.041278E2,9.745980E1
4.713042E-1,1.123247E2,1.030322E2
4.754750E-1,1.162586E2,1.108086E2
4.796458E-1,1.193279E2,1.156020E2
4.838167E-1,1.219913E2,1.195688E2
4.879875E-1,1.227283E2,1.223284E2
4.921583E-1,1.228146E2,1.243967E2
4.963292E-1,1.214100E2,1.257106E2
5.005000E-1,1.190959E2,1.248542E2
5.046708E-1,1.154793E2,1.228891E2
5.088417E-1,1.112740E2,1.197534E2
5.130125E-1,1.050356E2,1.148866E2
5.171833E-1,9.824635E1,1.086396E2
5.213542E-1,8.900778E1,1.012018E2
5.255250E-1,7.908997E1,9.328255E1
5.296958E-1,6.730871E1,8.380831E1
5.338667E-1,5.482828E1,7.214268E1
5.380375E-1,4.243172E1,5.768964E1
5.422083E-1,2.584760E1,4.220489E1
5.463792E-1,9.728636E0,2.430541E1
5.505500E-1,-7.550257E0,2.615778E0
5.547208E-1,-2.280726E1,-2.026009E1
5.588917E-1,-3.794205E1,-4.321709E1
5.630625E-1,-5.013132E1,-6.464049E1
5.672333E-1,-6.074096E1,-8.305684E1
5.714042E-1,-7.355286E1,-9.721394E1
5.755750E-1,-8.241554E1,-1.114723E2
5.797458E-1,-8.957892E1,-1.231090E2
5.839167E-1,-9.601842E1,-1.324514E2
5.880875E-1,-9.923109E1,-1.405720E2
5.922583E-1,-1.026783E2,-1.462506E2
5.964292E-1,-1.048483E2,-1.513463E2
6.006000E-1,-1.065811E2,-1.541955E2
6.047708E-1,-1.064521E2,-1.569616E2
6.089417E-1,-1.059811E2,-1.582922E2
6.131125E-1,-1.048188E2,-1.582550E2
6.172833E-1,-1.035342E2,-1.561129E2
6.214542E-1,-1.002265E2,-1.545527E2
6.256250E-1,-9.657577E1,-1.501096E2
6.297958E-1,-9.173592E1,-1.450547E2
6.339667E-1,-8.711505E1,-1.369142E2
6.381375E-1,-7.994540E1,-1.266967E2
6.423083E-1,-7.184502E1,-1.154660E2
6.464792E-1,-6.241451E1,-1.027669E2
6.506500E-1,-5.172715E1,-8.613388E1
6.548208E-1,-3.993405E1,-6.154755E1
6.589917E-1,-2.569478E1,-4.207185E1
6.631625E-1,-1.152343E1,-2.206843E1
6.673333E-1,1.131269E0,-2.318725E-2
6.715042E-1,1.233935E1,2.037747E1
6.756750E-1,2.095735E1,3.902189E1
6.798458E-1,2.870905E1,5.503450E1
6.840167E-1,3.608673E1,6.900847E1
6.881875E-1,4.234528E1,8.209657E1
6.923583E-1,4.831697E1,9.336055E1
6.965292E-1,5.287755E1,1.008222E2
7.007000E-1,5.691673E1,1.081448E2
7.048708E-1,5.989403E1,1.137557E2
7.090417E-1,6.180137E1,1.191558E2
7.132125E-1,6.308140E1,1.220408E2
7.173833E-1,6.305694E1,1.236707E2
7.215542E-1,6.258375E1,1.233674E2
7.257250E-1,6.108090E1,1.219054E2
7.298958E-1,5.839315E1,1.190511E2
7.340667E-1,5.560675E1,1.133766E2
7.382375E-1,5.114936E1,1.073352E2
7.424083E-1,4.640441E1,9.981692E1
7.465792E-1,4.081545E1,8.848705E1
7.507500E-1,3.428607E1,7.788224E1
7.549208E-1,2.609513E1,6.631449E1
7.590917E-1,1.791281E1,5.019040E1
7.632625E-1,8.272209E0,3.227835E1
7.674333E-1,-1.519244E0,1.216664E1
7.716042E-1,-1.313188E1,-1.055956E1
7.757750E-1,-2.457773E1,-3.293338E1
7.799458E-1,-3.481270E1,-5.619142E1
7.841167E-1,-4.232962E1,-7.662339E1
7.882875E-1,-5.165102E1,-9.300541E1
7.924583E-1,-5.876675E1,-1.064419E2
7.966292E-1,-6.339865E1,-1.184436E2
8.008000E-1,-6.719534E1,-1.282683E2
8.049708E-1,-7.030235E1,-1.355122E2
8.091417E-1,-7.300816E1,-1.408034E2
8.133125E-1,-7.378085E1,-1.450254E2
8.174833E-1,-7.531729E1,-1.477583E2
8.216542E-1,-7.512452E1,-1.494516E2
8.258250E-1,-7.411060E1,-1.492703E2
8.299958E-1,-7.284710E1,-1.480848E2
8.341667E-1,-7.104985E1,-1.452903E2
8.383375E-1,-6.864380E1,-1.410283E2
8.425083E-1,-6.515366E1,-1.353145E2
8.466792E-1,-6.193630E1,-1.276320E2
8.508500E-1,-5.772452E1,-1.177350E2
8.550208E-1,-5.256987E1,-1.034255E2
8.591917E-1,-4.586957E1,-8.910979E1
8.633625E-1,-3.888451E1,-6.966410E1
8.675333E-1,-3.019684E1,-4.984752E1
8.717042E-1,-2.051332E1,-2.761719E1
8.758750E-1,-1.077001E1,-5.389734E0
8.800458E-1,-2.789215E0,1.621767E1
8.842167E-1,3.606267E0,3.681208E1
8.883875E-1,9.811865E0,5.442271E1
8.925583E-1,1.474515E1,6.939172E1
8.967292E-1,1.996418E1,8.162515E1
9.009000E-1,2.494983E1,9.146200E1
9.050708E-1,3.026537E1,9.979410E1
9.092417E-1,3.292906E1,1.076671E2
9.134125E-1,3.529763E1,1.135712E2
9.175833E-1,3.718284E1,1.176262E2
9.217542E-1,3.867508E1,1.194768E2
9.259250E-1,3.934775E1,1.210478E2
9.300958E-1,3.905866E1,1.203331E2
9.342667E-1,3.863716E1,1.172967E2
9.384375E-1,3.712626E1,1.132465E2
9.426083E-1,3.508233E1,1.065505E2
9.467792E-1,3.285855E1,9.840452E1
9.509500E-1,2.914214E1,8.950464E1
9.551208E-1,2.468049E1,7.711881E1
9.592917E-1,1.885206E1,6.624274E1
9.634625E-1,1.325362E1,5.169767E1
9.676333E-1,6.216492E0,3.437620E1
9.718042E-1,-8.422754E-1,1.561764E1
9.759750E-1,-9.812203E0,-6.511869E0
9.801458E-1,-1.971306E1,-2.934539E1
9.843167E-1,-2.681201E1,-5.328222E1
9.884875E-1,-3.410773E1,-7.335971E1
9.926583E-1,-4.153804E1,-9.015096E1
9.968292E-1,-4.728471E1,-1.045908E2
1.001000E0,-5.205107E1,-1.163456E2
1.005171E0,-5.496299E1,-1.257539E2
1.009342E0,-5.757844E1,-1.325522E2
1.013513E0,-5.915070E1,-1.381486E2
1.017683E0,-5.999300E1,-1.421376E2
1.021854E0,-6.061308E1,-1.441800E2
1.026025E0,-6.085265E1,-1.452017E2
1.030196E0,-6.043538E1,-1.446920E2
1.034367E0,-5.919326E1,-1.426379E2
1.038537E0,-5.682738E1,-1.390659E2
1.042708E0,-5.509486E1,-1.338266E2
1.046879E0,-5.182182E1,-1.265486E2
1.051050E0,-4.799289E1,-1.181878E2
1.055221E0,-4.502486E1,-1.046406E2
1.059392E0,-3.973526E1,-8.997146E1
1.063562E0,-3.376622E1,-7.461841E1
1.067733E0,-2.762879E1,-5.423968E1
1.071904E0,-2.049647E1,-3.108166E1
1.076075E0,-1.277580E1,-9.881653E0
1.080246E0,-5.668633E0,1.173849E1
1.084417E0,-4.991639E-1,3.157486E1
1.088588E0,3.959319E0,4.857460E1
1.092758E0,8.273232E0,6.419257E1
1.096929E0,1.220229E1,7.681049E1
1.101100E0,1.630037E1,8.694713E1
1.105271E0,2.025932E1,9.383341E1
1.109442E0,2.211576E1,1.023161E2
1.113612E0,2.379442E1,1.071657E2
1.117783E0,2.513904E1,1.116212E2
1.121954E0,2.595078E1,1.137055E2
1.126125E0,2.593838E1,1.144546E2
1.130296E0,2.614149E1,1.128996E2
1.134467E0,2.489079E1,1.092962E2
1.138637E0,2.316139E1,1.051906E2
1.142808E0,2.194708E1,9.792007E1
1.146979E0,1.901311E1,8.923938E1
1.151150E0,1.611457E1,7.869151E1
1.155321E0,1.320952E1,6.667265E1
1.159492E0,9.226329E0,5.099370E1
1.163662E0,3.160035E0,3.554582E1
1.167833E0,-2.851915E0,1.743189E1
1.172004E0,-8.629816E0,-4.092217E0
1.176175E0,-1.593001E1,-2.579349E1
1.180346E0,-2.271530E1,-4.667772E1
1.184517E0,-2.892970E1,-6.756981E1
1.188687E0,-3.370675E1,-8.434312E1
1.192858E0,-3.769404E1,-1.000948E2
1.197029E0,-4.178458E1,-1.117064E2
1.201200E0,-4.384253E1,-1.211104E2
1.205371E0,-4.575383E1,-1.285521E2
1.209542E0,-4.646695E1,-1.339725E2
1.213713E0,-4.781241E1,-1.376674E2
1.217883E0,-4.793201E1,-1.396241E2
1.222054E0,-4.719087E1,-1.401247E2
1.226225E0,-4.645057E1,-1.390185E2
1.230396E0,-4.561817E1,-1.364386E2
1.234567E0,-4.372423E1,-1.322784E2
1.238738E0,-4.169438E1,-1.262621E2
1.242908E0,-3.985422E1,-1.176257E2
1.247079E0,-3.679246E1,-1.066335E2
1.251250E0,-3.417530E1,-9.371913E1
1.255421E0,-2.986851E1,-7.819256E1
1.259592E0,-2.391159E1,-6.127422E1
1.263763E0,-2.090953E1,-3.793078E1
1.267933E0,-1.498585E1,-1.693413E1
1.272104E0,-9.011902E0,3.875747E0
1.276275E0,-4.558307E0,2.393533E1
1.280446E0,-4.316096E-1,4.022276E1
1.284617E0,3.266887E0,5.570843E1
1.288787E0,6.933650E0,6.826525E1
1.292958E0,1.086901E1,7.721620E1
1.297129E0,1.301627E1,8.735833E1
1.301300E0,1.507525E1,9.462221E1
1.305471E0,1.640884E1,9.990093E1
1.309642E0,1.709760E1,1.033186E2
1.313813E0,1.737385E1,1.058711E2
1.317983E0,1.703100E1,1.060952E2
1.322154E0,1.684523E1,1.041786E2
1.326325E0,1.681814E1,9.950143E1
1.330496E0,1.504492E1,9.520724E1
1.334667E0,1.434041E1,8.706622E1
1.338838E0,1.136736E1,7.892920E1
1.343008E0,9.235047E0,6.767591E1
1.347179E0,6.102926E0,5.382037E1
1.351350E0,2.289951E0,3.870872E1
1.355521E0,-2.928075E0,2.241133E1
1.359692E0,-7.549231E0,3.805951E0
1.363862E0,-1.390149E1,-1.788977E1
1.368033E0,-1.864581E1,-3.917587E1
1.372204E0,-2.386904E1,-5.841933E1
1.376375E0,-2.800381E1,-7.659554E1
1.380546E0,-3.309550E1,-8.988665E1
1.384717E0,-3.546913E1,-1.031322E2
1.388888E0,-3.727518E1,-1.136289E2
1.393058E0,-3.860116E1,-1.212394E2
1.397229E0,-3.944791E1,-1.263436E2
1.401400E0,-4.014947E1,-1.306663E2
1.405571E0,-4.024599E1,-1.326432E2
1.409742E0,-4.011108E1,-1.327979E2
1.413912E0,-3.897720E1,-1.314268E2
1.418083E0,-3.783586E1,-1.283712E2
1.422254E0,-3.671488E1,-1.236047E2
1.426425E0,-3.443648E1,-1.174417E2
1.430596E0,-3.255032E1,-1.083386E2
1.434767E0,-3.019849E1,-9.664987E1
1.438937E0,-2.780136E1,-8.223376E1
1.443108E0,-2.252305E1,-6.699799E1
1.447279E0,-2.101436E1,-4.664431E1
1.451450E0,-1.696233E1,-2.606428E1
1.455621E0,-1.252715E1,-5.038014E0
1.459792E0,-8.093203E0,1.386069E1
1.463963E0,-4.758187E0,3.219900E1
1.468133E0,-9.938843E-1,4.682360E1
1.472304E0,1.806541E0,5.919748E1
1.476475E0,5.061558E0,7.044430E1
1.480646E0,7.818359E0,7.823980E1
1.484817E0,1.003880E1,8.567588E1
1.488987E0,1.120261E1,9.168011E1
1.493158E0,1.194446E1,9.535886E1
1.497329E0,1.242944E1,9.794716E1
1.501500E0,1.201795E1,9.817193E1
1.505671E0,1.241938E1,9.596766E1
1.509842E0,1.204528E1,9.163905E1
1.514012E0,1.075874E1,8.618946E1
1.518183E0,8.947323E0,7.921527E1
1.522354E0,6.891040E0,7.015367E1
1.526525E0,5.372741E0,5.893021E1
1.530696E0,1.817056E0,4.616487E1
1.534867E0,-1.101512E0,3.130291E1
1.539037E0,-5.301382E0,1.436472E1
1.543208E0,-8.931188E0,-6.402434E0
1.547379E0,-1.410253E1,-2.661748E1
1.551550E0,-1.859410E1,-4.530166E1
1.555721E0,-2.186058E1,-6.410418E1
1.559892E0,-2.689777E1,-7.943250E1
1.564062E0,-2.983350E1,-9.216588E1
1.568233E0,-3.279213E1,-1.025074E2
1.572404E0,-3.321357E1,-1.116354E2
1.576575E0,-3.415340E1,-1.175796E2
1.580746E0,-3.632939E1,-1.207367E2
1.584917E0,-3.552475E1,-1.231111E2
1.589087E0,-3.602222E1,-1.236237E2
1.593258E0,-3.508136E1,-1.224231E2
1.597429E0,-3.442067E1,-1.199046E2
1.601600E0,-3.212841E1,-1.156124E2
1.605771E0,-2.984115E1,-1.091395E2
1.609942E0,-2.894934E1,-9.960819E1
1.614113E0,-2.584266E1,-8.913824E1
1.618283E0,-2.362870E1,-7.510212E1
1.622454E0,-2.082180E1,-5.943819E1
1.626625E0,-1.915263E1,-3.985519E1
1.630796E0,-1.524709E1,-2.062875E1
1.634967E0,-1.086581E1,-4.010774E-3
1.639138E0,-7.733817E0,1.861189E1
1.643308E0,-4.653927E0,3.530251E1
1.647479E0,-1.894287E0,4.936767E1
1.651650E0,1.004286E0,6.053468E1
1.655821E0,4.134472E0,7.056972E1
1.659992E0,8.035421E0,7.564738E1
1.664163E0,9.125873E0,8.272012E1
1.668333E0,1.029347E1,8.706801E1
1.672504E0,9.928445E0,9.025710E1
1.676675E0,9.971947E0,9.118639E1
1.680846E0,1.015911E1,9.043381E1
1.685017E0,1.027975E1,8.687370E1
1.689188E0,8.966384E0,8.220318E1
1.693358E0,8.015389E0,7.533545E1
1.697529E0,6.386371E0,6.696239E1
1.701700E0,4.028925E0,5.662537E1
1.705871E0,2.009417E0,4.360807E1
1.710042E0,-7.622557E-1,2.896812E1
1.714213E0,-3.617534E0,1.251481E1
1.718383E0,-8.232765E0,-6.701404E0
1.722554E0,-1.351888E1,-2.511225E1
1.726725E0,-1.852740E1,-4.420991E1
1.730896E0,-2.192326E1,-6.160149E1
1.735067E0,-2.575140E1,-7.539308E1
1.739237E0,-2.783618E1,-8.837368E1
1.743408E0,-3.103418E1,-9.749453E1
1.747579E0,-3.410519E1,-1.038793E2
1.751750E0,-3.420041E1,-1.096683E2
1.755921E0,-3.468402E1,-1.123459E2
1.760092E0,-3.492084E1,-1.143882E2
1.764263E0,-3.447217E1,-1.141373E2
1.768433E0,-3.425095E1,-1.127123E2
1.772604E0,-3.298082E1,-1.087823E2
1.776775E0,-3.069672E1,-1.040402E2
1.780946E0,-2.882523E1,-9.698937E1
1.785117E0,-2.698534E1,-8.666162E1
1.789288E0,-2.465358E1,-7.443876E1
1.793458E0,-2.115090E1,-6.057872E1
1.797629E0,-1.968215E1,-4.222348E1
1.801800E0,-1.673644E1,-2.316866E1
1.805971E0,-1.266277E1,-3.988960E0
1.810142E0,-9.014955E0,1.433206E1
1.814312E0,-4.981947E0,3.001443E1
1.818483E0,-1.718913E0,4.387217E1
1.822654E0,1.120918E0,5.566263E1
1.826825E0,4.050651E0,6.460925E1
1.830996E0,6.133858E0,7.234062E1
1.835167E0,8.086299E0,7.748797E1
1.839338E0,9.124301E0,8.142755E1
1.843508E0,1.009575E1,8.285973E1
1.847679E0,1.033934E1,8.392916E1
1.851850E0,9.920307E0,8.223150E1
1.856021E0,1.004333E1,7.871808E1
1.860192E0,7.902800E0,7.422355E1
1.864362E0,7.015641E0,6.661489E1
1.868533E0,4.236511E0,5.863551E1
1.872704E0,1.888769E0,4.728097E1
1.876875E0,-8.925731E-1,3.467517E1
1.881046E0,-5.168088E0,2.020642E1
1.885217E0,-8.972407E0,3.296689E0
1.889387E0,-1.311710E1,-1.591434E1
1.893558E0,-1.677105E1,-3.352464E1
1.897729E0,-1.900401E1,-5.165752E1
1.901900E0,-2.166145E1,-6.703206E1
1.906071E0,-2.454314E1,-7.918046E1
1.910242E0,-2.660950E1,-9.000153E1
1.914413E0,-2.899056E1,-9.744649E1
1.918583E0,-2.989021E1,-1.032447E2
1.922754E0,-3.120956E1,-1.066058E2
1.926925E0,-3.125942E1,-1.085986E2
1.931096E0,-3.123917E1,-1.087427E2
1.935267E0,-3.067505E1,-1.062785E2
1.939437E0,-2.887138E1,-1.041441E2
1.943608E0,-2.798954E1,-9.851059E1
1.947779E0,-2.696165E1,-9.078197E1
1.951950E0,-2.455717E1,-8.096991E1
1.956121E0,-2.269846E1,-6.831394E1
1.960292E0,-2.080286E1,-5.338461E1
1.964463E0,-1.877286E1,-3.641594E1
1.968633E0,-1.576463E1,-1.828567E1
1.972804E0,-1.188625E1,-8.813867E-2
1.976975E0,-8.568054E0,1.732161E1
1.981146E0,-4.909389E0,3.239573E1
1.985317E0,-1.809971E0,4.469408E1
1.989487E0,1.010043E0,5.451254E1
1.993658E0,3.328850E0,6.375998E1
1.997829E0,4.851135E0,7.010380E1
2.002000E0,7.308712E0,7.394156E1
2.006171E0,8.030683E0,7.647712E1
2.010342E0,8.759766E0,7.730904E1
2.014512E0,8.369478E0,7.781164E1
2.018683E0,8.219706E0,7.464365E1
2.022854E0,7.020736E0,7.037153E1
2.027025E0,6.147151E0,6.376173E1
2.031196E0,4.256022E0,5.593689E1
2.035367E0,1.976432E0,4.558271E1
2.039538E0,-1.001851E0,3.353299E1
2.043708E0,-4.255532E0,1.920893E1
2.047879E0,-6.490508E0,2.046530E0
2.052050E0,-1.119790E1,-1.581188E1
2.056221E0,-1.554217E1,-3.310957E1
2.060392E0,-1.885308E1,-4.845444E1
2.064563E0,-2.181950E1,-6.329586E1
2.068733E0,-2.522791E1,-7.486531E1
2.072904E0,-2.667817E1,-8.498030E1
2.077075E0,-2.812733E1,-9.267991E1
2.081246E0,-2.953086E1,-9.693811E1
2.085417E0,-3.102241E1,-9.954672E1
2.089587E0,-3.085905E1,-1.010495E2
2.093758E0,-3.069569E1,-1.010465E2
2.097929E0,-2.991482E1,-9.922223E1
2.102100E0,-2.892257E1,-9.550242E1
2.106271E0,-2.773635E1,-8.944267E1
2.110442E0,-2.581434E1,-8.144990E1
2.114613E0,-2.364629E1,-7.119918E1
2.118783E0,-2.028694E1,-5.949419E1
2.122954E0,-1.762273E1,-4.507288E1
2.127125E0,-1.423008E1,-2.872978E1
2.131296E0,-1.151439E1,-9.078596E0
2.135467E0,-4.079256E0,3.188653E0
2.139637E0,4.457720E-1,1.800531E1
2.143808E0,3.462093E0,3.096783E1
2.147979E0,6.150060E0,4.156639E1
2.152150E0,8.459823E0,5.101907E1
2.156321E0,9.967115E0,5.718063E1
2.160492E0,1.125959E1,6.257864E1
2.164662E0,1.198231E1,6.637073E1
2.168833E0,1.215699E1,6.762831E1
2.173004E0,1.238037E1,6.704613E1
2.177175E0,1.126423E1,6.470685E1
2.181346E0,9.771214E0,6.036659E1
2.185517E0,8.072669E0,5.470134E1
2.189687E0,5.808489E0,4.621047E1
2.193858E0,3.141961E0,3.655127E1
2.198029E0,3.290109E-1,2.502066E1
2.202200E0,-3.528208E0,1.102269E1
2.206371E0,-8.072978E0,-5.534014E0
2.210542E0,-1.156954E1,-2.294753E1
2.214713E0,-1.500920E1,-3.888201E1
2.218883E0,-1.697824E1,-5.466228E1
2.223054E0,-1.958687E1,-6.526036E1
2.227225E0,-2.145203E1,-7.710515E1
2.231396E0,-2.410752E1,-8.436498E1
2.235567E0,-2.596329E1,-9.033074E1
2.239738E0,-2.795874E1,-9.350098E1
2.243908E0,-2.891693E1,-9.537491E1
2.248079E0,-2.916504E1,-9.547543E1
2.252250E0,-2.873022E1,-9.348433E1
2.256421E0,-2.783313E1,-9.026248E1
2.260592E0,-2.690821E1,-8.466677E1
2.264762E0,-2.393427E1,-7.754603E1
2.268933E0,-2.196309E1,-6.779168E1
2.273104E0,-1.890996E1,-5.627506E1
2.277275E0,-1.544739E1,-4.317074E1
2.281446E0,-1.376292E1,-2.630748E1
2.285617E0,-1.018573E1,-9.722531E0
2.289788E0,-5.906284E0,5.638073E0
2.293958E0,-3.110826E0,1.933166E1
2.298129E0,-9.884330E-2,3.123058E1
2.302300E0,2.093351E0,4.137765E1
2.306471E0,3.859815E0,4.936326E1
2.310642E0,4.743711E0,5.610688E1
2.314812E0,6.085495E0,6.053250E1
2.318983E0,6.933816E0,6.249305E1
2.323154E0,6.868658E0,6.325985E1
2.327325E0,7.024880E0,6.152014E1
2.331496E0,6.334900E0,5.884650E1
2.335667E0,4.967911E0,5.350686E1
2.339838E0,4.062570E0,4.604995E1
2.344008E0,1.246510E0,3.880393E1
2.348179E0,-6.695277E-1,2.801815E1
2.352350E0,-2.806859E0,1.379320E1
2.356521E0,-6.666832E0,-4.761492E-1
2.360692E0,-9.645996E0,-1.637871E1
2.364863E0,-1.308556E1,-3.368045E1
2.369033E0,-1.605591E1,-4.755534E1
2.373204E0,-1.840968E1,-6.065441E1
2.377375E0,-2.027811E1,-7.052688E1
2.381546E0,-2.268076E1,-7.802155E1
2.385717E0,-2.672202E1,-8.268742E1
2.389887E0,-2.803752E1,-8.685547E1
2.394058E0,-2.867612E1,-8.830861E1
2.398229E0,-2.888761E1,-8.841543E1
2.402400E0,-2.811550E1,-8.735513E1
2.406571E0,-2.687731E1,-8.398490E1
2.410742E0,-2.495479E1,-7.842052E1
2.414912E0,-2.288354E1,-7.086522E1
2.419083E0,-1.969983E1,-6.107767E1
2.423254E0,-1.682707E1,-5.009746E1
2.427425E0,-1.351275E1,-3.624262E1
2.431596E0,-1.010539E1,-2.246524E1
2.435767E0,-5.906495E0,-7.145983E0
2.439938E0,-2.851829E0,7.735613E0
2.444108E0,-7.098216E-1,2.146869E1
2.448279E0,1.725497E0,3.143737E1
2.452450E0,3.145432E0,4.061954E1
2.456621E0,4.140674E0,4.764478E1
2.460792E0,5.116408E0,5.233241E1
2.464962E0,6.271396E0,5.506358E1
2.469133E0,6.667971E0,5.528779E1
2.473304E0,6.372224E0,5.578461E1
2.477475E0,5.968907E0,5.262084E1
2.481646E0,3.967249E0,5.019116E1
2.485817E0,3.994427E0,4.228091E1
2.489988E0,1.257501E0,3.580618E1
2.494158E0,-1.055447E0,2.517559E1
2.498329E0,-2.717261E0,1.266696E1
2.502500E0,-5.854927E0,-1.408126E0
2.506671E0,-8.729308E0,-1.713250E1
2.510842E0,-1.225771E1,-3.291107E1
2.515012E0,-1.569210E1,-4.554951E1
2.519183E0,-1.811733E1,-5.809318E1
2.523354E0,-2.049916E1,-6.739536E1
2.527525E0,-2.270159E1,-7.457829E1
2.531696E0,-2.505389E1,-7.966838E1
2.535867E0,-2.591215E1,-8.326314E1
2.540037E0,-2.655593E1,-8.411650E1
2.544208E0,-2.661149E1,-8.436902E1
2.548379E0,-2.593159E1,-8.212075E1
2.552550E0,-2.465746E1,-7.825134E1
2.556721E0,-2.269256E1,-7.236246E1
2.560892E0,-2.068484E1,-6.442060E1
2.565062E0,-1.817531E1,-5.435433E1
2.569233E0,-1.566594E1,-4.111792E1
2.573404E0,-1.201622E1,-2.827879E1
2.577575E0,-7.802558E0,-1.316470E1
2.581746E0,-4.007729E0,7.987373E-1
2.585917E0,-8.779965E-1,1.349958E1
2.590088E0,1.350419E0,2.498543E1
2.594258E0,3.010488E0,3.422150E1
2.598429E0,4.253116E0,4.241553E1
2.602600E0,5.633465E0,4.610290E1
2.606771E0,6.202663E0,5.045486E1
2.610942E0,6.106533E0,5.223913E1
2.615113E0,6.080500E0,5.159921E1
2.619283E0,5.202271E0,4.970168E1
2.623454E0,4.163416E0,4.569441E1
2.627625E0,2.623366E0,3.914344E1
2.631796E0,7.492603E-1,3.132784E1
2.635967E0,-1.513431E0,2.202310E1
2.640137E0,-4.169950E0,9.496408E0
2.644308E0,-6.791598E0,-4.065160E0
2.648479E0,-1.001896E1,-1.965852E1
2.652650E0,-1.260968E1,-3.237101E1
2.656821E0,-1.405908E1,-4.620185E1
2.660992E0,-1.608314E1,-5.731573E1
2.665163E0,-1.782307E1,-6.548365E1
2.669333E0,-1.971464E1,-7.161387E1
2.673504E0,-2.166474E1,-7.473486E1
2.677675E0,-2.242544E1,-7.873157E1
2.681846E0,-2.376904E1,-7.814755E1
2.686017E0,-2.228035E1,-7.803564E1
2.690187E0,-2.167261E1,-7.413250E1
2.694358E0,-2.030909E1,-7.018504E1
2.698529E0,-1.860403E1,-6.248907E1
2.702700E0,-1.639954E1,-5.429757E1
2.706871E0,-1.358478E1,-4.295571E1
2.711042E0,-1.276916E1,-2.724842E1
2.715213E0,-9.173413E0,-1.475112E1
2.719383E0,-6.562734E0,-3.907002E-2
2.723554E0,-4.776707E0,1.184304E1
2.727725E0,-2.876509E0,2.255511E1
2.731896E0,-1.497467E0,3.189423E1
2.736067E0,-1.157469E0,3.909545E1
2.740238E0,4.529554E-1,4.400093E1
2.744408E0,2.708446E-1,4.769728E1
2.748579E0,3.314478E-1,4.980000E1
2.752750E0,1.131150E0,4.780020E1
2.756921E0,1.034581E0,4.548134E1
2.761092E0,1.647994E-1,4.140527E1
2.765262E0,-2.756635E-1,3.419350E1
2.769433E0,-8.178666E-1,2.603090E1
2.773604E0,-2.431499E0,1.515626E1
2.777775E0,-4.127054E0,3.353395E0
2.781946E0,-7.263089E0,-1.065381E1
2.786117E0,-1.033701E1,-2.460073E1
2.790287E0,-1.387739E1,-3.667889E1
2.794458E0,-1.648142E1,-4.699541E1
2.798629E0,-1.805322E1,-5.807156E1
2.802800E0,-2.004272E1,-6.536996E1
2.806971E0,-2.182198E1,-6.780340E1
2.811142E0,-2.193286E1,-7.065282E1
2.815313E0,-2.221006E1,-7.221056E1
2.819483E0,-2.148181E1,-7.137115E1
2.823654E0,-2.087982E1,-6.923775E1
2.827825E0,-1.950024E1,-6.516805E1
2.831996E0,-1.896680E1,-5.788871E1
2.836167E0,-1.685319E1,-4.958543E1
2.840337E0,-1.458851E1,-3.914470E1
2.844508E0,-1.189898E1,-2.749791E1
2.848679E0,-9.056884E0,-1.355548E1
2.852850E0,-4.505137E0,-1.268441E0
2.857021E0,-1.883650E0,1.047298E1
2.861192E0,4.344010E-1,2.087686E1
2.865363E0,2.241017E0,2.901245E1
2.869533E0,3.283253E0,3.583851E1
2.873704E0,3.880844E0,3.954172E1
2.877875E0,3.959530E0,4.238557E1
2.882046E0,4.265316E0,4.299917E1
2.886217E0,3.342716E0,4.177399E1
2.890387E0,2.199880E0,3.872888E1
2.894558E0,-1.378328E-1,3.418805E1
2.898729E0,-1.840694E0,2.757480E1
2.902900E0,-4.117620E0,1.816827E1
2.907071E0,-6.764932E0,7.643170E0
2.911242E0,-9.073274E0,-5.735167E0
2.915412E0,-1.140394E1,-1.981346E1
2.919583E0,-1.187398E1,-3.414114E1
2.923754E0,-1.397954E1,-4.444190E1
2.927925E0,-1.509760E1,-5.368802E1
2.932096E0,-1.705653E1,-5.964553E1
2.936267E0,-1.896505E1,-6.378366E1
2.940437E0,-1.994290E1,-6.657743E1
2.944608E0,-2.103546E1,-6.760044E1
2.948779E0,-2.078799E1,-6.627053E1
2.952950E0,-2.092373E1,-6.368332E1
2.957121E0,-1.962228E1,-5.911823E1
2.961292E0,-1.819488E1,-5.350565E1
2.965463E0,-1.595496E1,-4.463278E1
2.969633E0,-1.305986E1,-3.530753E1
2.973804E0,-1.085040E1,-2.239164E1
2.977975E0,-8.789045E0,-8.535211E0
2.982146E0,-6.801267E0,3.551297E0
2.986317E0,-5.039586E0,1.414646E1
2.990487E0,-3.793542E0,2.357629E1
2.994658E0,-2.094614E0,2.933234E1
2.998829E0,-1.851657E0,3.566008E1
3.003000E0,-1.843503E0,3.962052E1
3.007171E0,-8.761726E-1,3.965856E1
3.011342E0,-8.051548E-1,3.881068E1
3.015512E0,-7.362231E-1,3.596427E1
3.019683E0,-2.207169E0,3.125387E1
3.023854E0,-2.798734E0,2.490283E1
3.028025E0,-3.975618E0,1.653776E1
3.032196E0,-5.988911E0,6.365531E0
3.036367E0,-7.928530E0,-5.766447E0
3.040538E0,-1.002253E1,-1.932935E1
3.044708E0,-1.206640E1,-3.231058E1
3.048879E0,-1.508776E1,-4.145146E1
3.053050E0,-1.703378E1,-4.959453E1
3.057221E0,-1.891885E1,-5.569644E1
3.061392E0,-1.984895E1,-5.986159E1
3.065562E0,-2.028597E1,-6.226155E1
3.069733E0,-2.014886E1,-6.309023E1
3.073904E0,-1.989288E1,-6.230617E1
3.078075E0,-1.922659E1,-5.911238E1
3.082246E0,-1.873066E1,-5.339142E1
3.086417E0,-1.656680E1,-4.714069E1
3.090588E0,-1.511083E1,-3.888065E1
3.094758E0,-1.188808E1,-2.894972E1
3.098929E0,-9.275243E0,-1.651956E1
3.103100E0,-6.510492E0,-3.953885E0
3.107271E0,-4.631749E0,6.906952E0
3.111442E0,-3.137156E0,1.627400E1
3.115613E0,-1.747161E0,2.386686E1
3.119783E0,-6.791619E-1,2.906972E1
3.123954E0,-1.091314E0,3.315811E1
3.128125E0,-8.789098E-1,3.558259E1
3.132296E0,-1.283932E0,3.510220E1
3.136467E0,-1.791426E0,3.361338E1
3.140637E0,-2.964845E0,2.943343E1
3.144808E0,-3.964525E0,2.342246E1
3.148979E0,-5.751853E0,1.552304E1
3.153150E0,-6.954816E0,5.445768E0
3.157321E0,-8.937107E0,-7.128265E0
3.161492E0,-1.119494E1,-1.984814E1
3.165662E0,-1.305855E1,-3.151193E1
3.169833E0,-1.491175E1,-4.048473E1
3.174004E0,-1.673428E1,-4.758646E1
3.178175E0,-1.844753E1,-5.294079E1
3.182346E0,-1.994770E1,-5.746313E1
3.186517E0,-2.053966E1,-5.897362E1
3.190688E0,-2.069785E1,-5.903864E1
3.194858E0,-2.057116E1,-5.744935E1
3.199029E0,-1.995198E1,-5.376980E1
3.203200E0,-1.878759E1,-4.841114E1
3.207371E0,-1.686429E1,-4.125464E1
3.211542E0,-1.489240E1,-3.239550E1
3.215712E0,-1.301698E1,-2.080015E1
3.219883E0,-1.074997E1,-8.521357E0
3.224054E0,-8.769051E0,3.418405E0
3.228225E0,-6.762156E0,1.267885E1
3.232396E0,-4.976106E0,1.964558E1
3.236567E0,-3.823585E0,2.574540E1
3.240738E0,-4.028139E0,3.012826E1
3.244908E0,-3.768766E0,3.278257E1
3.249079E0,-4.033963E0,3.250064E1
3.253250E0,-4.365354E0,3.009565E1
3.257421E0,-4.651397E0,2.687799E1
3.261592E0,-5.883066E0,2.055939E1
3.265763E0,-7.092223E0,1.259964E1
3.269933E0,-8.689418E0,2.843907E0
3.274104E0,-1.068932E1,-8.000023E0
3.278275E0,-1.262479E1,-2.029250E1
3.282446E0,-1.483986E1,-3.065913E1
3.286617E0,-1.583725E1,-3.995769E1
3.290787E0,-1.761066E1,-4.600575E1
3.294958E0,-1.917452E1,-5.156406E1
3.299129E0,-2.061838E1,-5.415630E1
3.303300E0,-2.115533E1,-5.582191E1
3.307471E0,-2.113762E1,-5.524110E1
3.311642E0,-2.102191E1,-5.286225E1
3.315812E0,-1.997040E1,-4.880066E1
3.319983E0,-1.810191E1,-4.335957E1
3.324154E0,-1.596135E1,-3.539870E1
3.328325E0,-1.389664E1,-2.562036E1
3.332496E0,-1.184217E1,-1.455433E1
3.336667E0,-9.765913E0,-3.457717E0
3.340838E0,-7.967517E0,6.782907E0
3.345008E0,-6.766357E0,1.495381E1
3.349179E0,-5.777935E0,2.073638E1
3.353350E0,-4.938780E0,2.461502E1
3.357521E0,-4.696028E0,2.689582E1
3.361692E0,-5.077303E0,2.708800E1
3.365862E0,-6.024519E0,2.613740E1
3.370033E0,-6.627384E0,2.289267E1
3.374204E0,-7.934538E0,1.731708E1
3.378375E0,-8.044696E0,8.575319E0
3.382546E0,-9.186783E0,-7.579035E-1
3.386717E0,-1.099616E1,-1.157502E1
3.390888E0,-1.294398E1,-2.319552E1
3.395058E0,-1.494105E1,-3.217310E1
3.399229E0,-1.712706E1,-3.966682E1
3.403400E0,-1.897545E1,-4.575985E1
3.407571E0,-2.010560E1,-4.951020E1
3.411742E0,-2.080179E1,-5.122152E1
3.415913E0,-2.161974E1,-5.147389E1
3.420083E0,-2.124081E1,-5.085628E1
3.424254E0,-2.057238E1,-4.728617E1
3.428425E0,-1.909305E1,-4.331463E1
3.432596E0,-1.719985E1,-3.759270E1
3.436767E0,-1.496102E1,-2.915419E1
3.440937E0,-1.282327E1,-1.907159E1
3.445108E0,-1.076671E1,-8.101178E0
3.449279E0,-8.837816E0,1.004578E0
3.453450E0,-7.845302E0,9.610192E0
3.457621E0,-6.851069E0,1.576372E1
3.461792E0,-6.169730E0,1.960032E1
3.465963E0,-6.234310E0,2.218269E1
3.470133E0,-5.861297E0,2.289453E1
3.474304E0,-6.698117E0,2.161278E1
3.478475E0,-7.953025E0,1.820540E1
3.482646E0,-9.023068E0,1.323717E1
3.486817E0,-1.000694E1,5.546628E0
3.490988E0,-1.170391E1,-3.310253E0
3.495158E0,-1.287179E1,-1.526571E1
3.499329E0,-1.505640E1,-2.489994E1
3.503500E0,-1.707414E1,-3.291259E1
3.507671E0,-1.882265E1,-3.947360E1
3.511842E0,-2.019867E1,-4.477769E1
3.516013E0,-2.120694E1,-4.770840E1
3.520183E0,-2.191833E1,-4.858742E1
3.524354E0,-2.193056E1,-4.815457E1
3.528525E0,-2.171521E1,-4.536318E1
3.532696E0,-2.019323E1,-4.278182E1
3.536867E0,-1.802507E1,-3.832271E1
3.541037E0,-1.672819E1,-3.012688E1
3.545208E0,-1.467547E1,-2.101911E1
3.549379E0,-1.300774E1,-1.060566E1
3.553550E0,-1.105220E1,-1.626831E0
3.557721E0,-8.869388E0,4.961801E0
3.561892E0,-8.783950E0,1.249123E1
3.566063E0,-8.095437E0,1.570341E1
3.570233E0,-7.848240E0,1.856010E1
3.574404E0,-8.630036E0,1.965036E1
3.578575E0,-8.667615E0,1.778421E1
3.582746E0,-9.977656E0,1.420387E1
3.586917E0,-1.072061E1,8.847756E0
3.591087E0,-1.293396E1,2.398796E0
3.595258E0,-1.390358E1,-7.417307E0
3.599429E0,-1.490552E1,-1.939145E1
3.603600E0,-1.690686E1,-2.751430E1
3.607771E0,-1.789085E1,-3.609826E1
3.611942E0,-2.008813E1,-4.135016E1
3.616113E0,-2.132325E1,-4.488788E1
3.620283E0,-2.193908E1,-4.710399E1
3.624454E0,-2.191328E1,-4.798273E1
3.628625E0,-2.209979E1,-4.645543E1
3.632796E0,-2.125986E1,-4.379755E1
3.636967E0,-1.998092E1,-3.873394E1
3.641138E0,-1.782638E1,-3.229897E1
3.645308E0,-1.607432E1,-2.447273E1
3.649479E0,-1.403297E1,-1.471337E1
3.653650E0,-1.183860E1,-6.098103E0
3.657821E0,-1.114539E1,1.086309E0
3.661992E0,-9.838869E0,6.698788E0
3.666162E0,-1.020563E1,1.121380E1
3.670333E0,-1.003131E1,1.343572E1
3.674504E0,-1.028273E1,1.329190E1
3.678675E0,-1.063874E1,1.176118E1
3.682846E0,-1.109965E1,7.748857E0
3.687017E0,-1.229579E1,1.275638E0
3.691187E0,-1.402475E1,-4.825183E0
3.695358E0,-1.491408E1,-1.551968E1
3.699529E0,-1.695409E1,-2.339001E1
3.703700E0,-1.879705E1,-3.029002E1
3.707871E0,-2.290000E1,-3.245152E1
3.712042E0,-2.205014E1,-4.054765E1
3.716213E0,-2.603354E1,-3.881640E1
3.720383E0,-2.586195E1,-4.037582E1
3.724554E0,-2.566533E1,-3.992653E1
3.728725E0,-2.499470E1,-3.833741E1
3.732896E0,-2.391265E1,-3.442699E1
3.737067E0,-2.277435E1,-2.724105E1
3.741237E0,-2.086655E1,-2.128986E1
3.745408E0,-1.905649E1,-1.250140E1
3.749579E0,-1.780672E1,-3.465551E0
3.753750E0,-1.481697E1,7.559287E-1
3.757921E0,-1.391222E1,5.557171E0
3.762092E0,-1.297299E1,7.714286E0
3.766263E0,-1.388085E1,1.056413E1
3.770433E0,-1.381547E1,9.993031E0
3.774604E0,-1.400037E1,6.822686E0
3.778775E0,-1.466697E1,3.012409E0
3.782946E0,-1.684779E1,-2.020807E0
3.787117E0,-1.903071E1,-8.450850E0
3.791287E0,-2.021279E1,-1.787358E1
3.795458E0,-2.218492E1,-2.484053E1
3.799629E0,-2.383118E1,-3.052864E1
3.803800E0,-2.399153E1,-3.745072E1
3.807971E0,-2.676204E1,-3.735381E1
3.812142E0,-2.598397E1,-4.123501E1
3.816312E0,-2.695079E1,-3.929131E1
3.820483E0,-2.693122E1,-3.666118E1
3.824654E0,-2.504921E1,-3.454157E1
3.828825E0,-2.288639E1,-3.010534E1
3.832996E0,-2.191127E1,-2.247808E1
3.837167E0,-1.981450E1,-1.498687E1
3.841338E0,-1.814153E1,-7.731612E0
3.845508E0,-1.704454E1,-5.126411E-1
3.849679E0,-1.711972E1,4.315981E0
3.853850E0,-1.704738E1,7.468811E0
3.858021E0,-1.717412E1,8.145385E0
3.862192E0,-1.793074E1,8.652177E0
3.866363E0,-1.791888E1,4.761918E0
3.870533E0,-1.903773E1,3.627121E-1
3.874704E0,-2.008613E1,-6.486146E0
3.878875E0,-2.116404E1,-1.478410E1
3.883046E0,-2.210671E1,-2.267855E1
3.887217E0,-2.294753E1,-2.917961E1
3.891388E0,-2.420483E1,-3.385705E1
3.895558E0,-2.494466E1,-3.723311E1
3.899729E0,-2.605810E1,-3.850467E1
3.903900E0,-2.619630E1,-3.852565E1
3.908071E0,-2.610003E1,-3.667207E1
3.912242E0,-2.501691E1,-3.322613E1
3.916412E0,-2.400332E1,-2.785202E1
3.920583E0,-2.218474E1,-2.168612E1
3.924754E0,-2.010982E1,-1.437478E1
3.928925E0,-1.889626E1,-7.328672E0
3.933096E0,-1.781363E1,-2.117555E0
3.937267E0,-1.695507E1,8.645099E-1
3.941438E0,-1.704801E1,2.587996E0
3.945608E0,-1.788688E1,3.534887E0
3.949779E0,-1.809406E1,1.400123E0
3.953950E0,-1.823615E1,-2.826367E0
3.958121E0,-1.967241E1,-6.049795E0
3.962292E0,-2.090812E1,-1.335795E1
3.966463E0,-2.211804E1,-2.086646E1
3.970633E0,-2.305480E1,-2.678927E1
3.974804E0,-2.370202E1,-3.119826E1
3.978975E0,-2.475618E1,-3.435692E1
3.983146E0,-2.582574E1,-3.523832E1
3.987317E0,-2.568245E1,-3.516244E1
3.991488E0,-2.481672E1,-3.413541E1
3.995658E0,-2.394726E1,-3.042086E1
3.999829E0,-2.283268E1,-2.532755E1
4.004000E0,-2.183108E1,-1.837077E1
4.008171E0,-2.089809E1,-1.066408E1
4.012342E0,-1.895966E1,-6.376530E0
4.016513E0,-1.874349E1,-1.194531E0
4.020683E0,-1.788959E1,-1.867273E-1
4.024854E0,-1.810888E1,4.596276E-1
4.029025E0,-1.781118E1,-1.015453E0
4.033196E0,-1.882373E1,-3.272694E0
4.037367E0,-1.979512E1,-7.394697E0
4.041537E0,-2.099655E1,-1.354076E1
4.045708E0,-2.171882E1,-2.021340E1
4.049879E0,-2.298342E1,-2.577979E1
4.054050E0,-2.385957E1,-2.938234E1
4.058221E0,-2.516315E1,-3.186029E1
4.062392E0,-2.495170E1,-3.340460E1
4.066562E0,-2.577563E1,-3.142339E1
4.070733E0,-2.571994E1,-2.808709E1
4.074904E0,-2.389216E1,-2.636417E1
4.079075E0,-2.187324E1,-2.208999E1
4.083246E0,-2.084659E1,-1.524554E1
4.087417E0,-1.967285E1,-9.133587E0
4.091588E0,-1.795161E1,-6.267526E0
4.095758E0,-1.803872E1,-3.549780E0
4.099929E0,-1.813209E1,-2.660353E0
4.104100E0,-1.808883E1,-3.476832E0
4.108271E0,-1.892148E1,-5.430122E0
4.112442E0,-1.969548E1,-9.063532E0
4.116613E0,-2.102812E1,-1.459706E1
4.120783E0,-2.182164E1,-2.021445E1
4.124954E0,-2.264505E1,-2.496429E1
4.129125E0,-2.293535E1,-2.938075E1
4.133296E0,-2.416545E1,-3.083383E1
4.137467E0,-2.478436E1,-3.031357E1
4.141637E0,-2.404875E1,-3.046450E1
4.145808E0,-2.412675E1,-2.686628E1
4.149979E0,-2.297356E1,-2.285637E1
4.154150E0,-2.192210E1,-1.672411E1
4.158321E0,-2.073876E1,-1.040040E1
4.162492E0,-1.915454E1,-7.748148E0
4.166663E0,-1.878385E1,-4.244366E0
4.170833E0,-1.883718E1,-3.344393E0
4.175004E0,-1.908411E1,-4.752258E0
4.179175E0,-1.968900E1,-6.077416E0
4.183346E0,-2.053045E1,-9.991629E0
4.187517E0,-2.106314E1,-1.629403E1
4.191687E0,-2.163521E1,-2.106915E1
4.195858E0,-2.282692E1,-2.442906E1
4.200029E0,-2.273181E1,-2.808301E1
4.204200E0,-2.385579E1,-2.849835E1
4.208371E0,-2.399138E1,-2.844902E1
4.212542E0,-2.371380E1,-2.606836E1
4.216712E0,-2.184961E1,-2.418776E1
4.220883E0,-2.260859E1,-1.597432E1
4.225054E0,-1.994246E1,-1.343955E1
4.229225E0,-1.886171E1,-9.450019E0
4.233396E0,-1.805916E1,-7.561613E0
4.237567E0,-1.806799E1,-6.453470E0
4.241738E0,-1.861519E1,-6.974111E0
4.245908E0,-2.001752E1,-9.633258E0
4.250079E0,-2.102180E1,-1.358441E1
4.254250E0,-2.066144E1,-1.908218E1
4.258421E0,-2.105881E1,-2.351361E1
4.262592E0,-2.195714E1,-2.552927E1
4.266762E0,-2.194288E1,-2.739201E1
4.270933E0,-2.283369E1,-2.648974E1
4.275104E0,-2.297592E1,-2.540189E1
4.279275E0,-2.283482E1,-2.226494E1
4.283446E0,-2.277907E1,-1.638839E1
4.287617E0,-2.079702E1,-1.254373E1
4.291788E0,-1.894461E1,-9.615124E0
4.295958E0,-1.698492E1,-9.183762E0
4.300129E0,-1.724938E1,-8.768578E0
4.304300E0,-1.902794E1,-8.638585E0
4.308471E0,-2.081751E1,-1.038669E1
4.312642E0,-2.186505E1,-1.540851E1
4.316813E0,-2.274244E1,-1.934065E1
4.320983E0,-2.172288E1,-2.401748E1
4.325154E0,-2.205393E1,-2.561354E1
4.329325E0,-2.194755E1,-2.550507E1
4.333496E0,-2.176097E1,-2.416696E1
4.337667E0,-2.163785E1,-2.106334E1
4.341837E0,-2.190912E1,-1.659836E1
4.346008E0,-2.076188E1,-1.242652E1
4.350179E0,-1.914149E1,-1.071242E1
4.354350E0,-1.899728E1,-8.524948E0
4.358521E0,-1.910710E1,-8.663710E0
4.362692E0,-1.892097E1,-1.132305E1
4.366862E0,-1.976540E1,-1.499361E1
4.371033E0,-2.081091E1,-1.913952E1
4.375204E0,-2.202413E1,-2.162392E1
4.379375E0,-2.224905E1,-2.390065E1
4.383546E0,-2.216991E1,-2.474902E1
4.387717E0,-2.173951E1,-2.403446E1
4.391888E0,-2.217538E1,-2.179617E1
4.396058E0,-2.186378E1,-1.751193E1
4.400229E0,-2.076782E1,-1.335564E1
4.404400E0,-1.910651E1,-1.159566E1
4.408571E0,-1.892813E1,-9.543153E0
4.412742E0,-1.909747E1,-9.717091E0
4.416913E0,-1.964685E1,-1.111377E1
4.421083E0,-2.090270E1,-1.457566E1
4.425254E0,-2.088143E1,-1.913093E1
4.429425E0,-2.101488E1,-2.232243E1
4.433596E0,-2.086056E1,-2.407447E1
4.437767E0,-2.112193E1,-2.454050E1
4.441937E0,-2.094961E1,-2.318560E1
4.446108E0,-2.107070E1,-2.052389E1
4.450279E0,-2.078203E1,-1.640406E1
4.454450E0,-2.018486E1,-1.287297E1
4.458621E0,-1.785984E1,-1.213445E1
4.462792E0,-1.832980E1,-1.187192E1
4.466962E0,-1.892655E1,-1.241601E1
4.471133E0,-1.987544E1,-1.514114E1
4.475304E0,-2.125134E1,-1.878081E1
4.479475E0,-2.122268E1,-2.164321E1
4.483646E0,-2.169203E1,-2.218698E1
4.487817E0,-2.167582E1,-2.210819E1
4.491988E0,-2.099785E1,-2.228678E1
4.496158E0,-2.085266E1,-1.922222E1
4.500329E0,-2.060199E1,-1.503370E1
4.504500E0,-1.986521E1,-1.240775E1
4.508671E0,-1.874795E1,-1.199046E1
4.512842E0,-1.885744E1,-1.215557E1
4.517012E0,-2.011326E1,-1.383953E1
4.521183E0,-2.078948E1,-1.623288E1
4.525354E0,-2.116665E1,-1.988392E1
4.529525E0,-2.199190E1,-2.061671E1
4.533696E0,-2.176841E1,-2.125606E1
4.537867E0,-2.218320E1,-2.087952E1
4.542038E0,-2.110175E1,-1.941574E1
4.546208E0,-2.061645E1,-1.597900E1
4.550379E0,-1.983240E1,-1.334943E1
4.554550E0,-1.914976E1,-1.251576E1
4.558721E0,-1.913671E1,-1.274479E1
4.562892E0,-1.990695E1,-1.419960E1
4.567062E0,-2.108598E1,-1.676298E1
4.571233E0,-2.176646E1,-1.830397E1
4.575404E0,-2.177598E1,-2.019032E1
4.579575E0,-2.180777E1,-2.035543E1
4.583746E0,-2.169725E1,-1.916811E1
4.587917E0,-2.073598E1,-1.801689E1
4.592087E0,-2.018363E1,-1.554725E1
4.596258E0,-2.003464E1,-1.272450E1
4.600429E0,-1.967463E1,-1.215469E1
4.604600E0,-1.996028E1,-1.335035E1
4.608771E0,-2.086234E1,-1.525997E1
4.612942E0,-2.179834E1,-1.746451E1
4.617113E0,-2.170672E1,-1.919105E1
4.621283E0,-2.199598E1,-1.957546E1
4.625454E0,-2.087191E1,-2.021718E1
4.629625E0,-2.118012E1,-1.771384E1
4.633796E0,-2.003815E1,-1.542276E1
4.637967E0,-1.966814E1,-1.305301E1
4.642137E0,-1.956219E1,-1.293799E1
4.646308E0,-2.011655E1,-1.452002E1
4.650479E0,-2.091385E1,-1.634106E1
4.654650E0,-2.201197E1,-1.787759E1
4.658821E0,-2.192134E1,-1.857003E1
4.662992E0,-2.084863E1,-2.012104E1
4.667163E0,-2.114039E1,-1.862870E1
4.671333E0,-1.996073E1,-1.720068E1
4.675504E0,-1.983862E1,-1.429284E1
4.679675E0,-1.975542E1,-1.307730E1
4.683846E0,-2.092937E1,-1.257600E1
4.688017E0,-2.090773E1,-1.522972E1
4.692188E0,-2.077689E1,-1.812322E1
4.696358E0,-2.092029E1,-1.932138E1
4.700529E0,-2.173926E1,-1.817069E1
4.704700E0,-2.101276E1,-1.836708E1
4.708871E0,-2.114875E1,-1.586684E1
4.713042E0,-2.011921E1,-1.452362E1
4.717212E0,-1.966546E1,-1.409398E1
4.721383E0,-1.995177E1,-1.522703E1
4.725554E0,-2.090748E1,-1.637689E1
4.729725E0,-2.094308E1,-1.833916E1
4.733896E0,-2.071466E1,-1.913116E1
4.738067E0,-2.186995E1,-1.754032E1
4.742237E0,-2.079865E1,-1.717940E1
4.746408E0,-2.098829E1,-1.458260E1
4.750579E0,-2.080983E1,-1.323396E1
4.754750E0,-1.984664E1,-1.511430E1
4.758921E0,-1.986254E1,-1.709646E1
4.763092E0,-2.117260E1,-1.788489E1
4.767263E0,-2.094144E1,-1.841795E1
4.771433E0,-2.089244E1,-1.828154E1
4.775604E0,-2.063973E1,-1.699021E1
4.779775E0,-2.106273E1,-1.485638E1
4.783946E0,-2.089377E1,-1.349417E1
4.788117E0,-2.077925E1,-1.434477E1
4.792288E0,-2.081113E1,-1.606540E1
4.796458E0,-2.117994E1,-1.773004E1
4.800629E0,-2.083779E1,-1.810901E1
4.804800E0,-2.098736E1,-1.749050E1
4.808971E0,-2.073047E1,-1.614087E1
4.813142E0,-2.080506E1,-1.433231E1
4.817312E0,-2.075447E1,-1.434849E1
4.821483E0,-2.087541E1,-1.532821E1
4.825654E0,-2.123304E1,-1.692150E1
4.829825E0,-2.111694E1,-1.764339E1
4.833996E0,-2.097425E1,-1.736635E1
4.838167E0,-2.079161E1,-1.620506E1
4.842337E0,-2.065327E1,-1.497129E1
4.846508E0,-2.085309E1,-1.436950E1
4.850679E0,-2.096801E1,-1.553452E1
4.854850E0,-2.115354E1,-1.676567E1
4.859021E0,-2.081286E1,-1.715948E1
4.863192E0,-2.078720E1,-1.712806E1
4.867363E0,-2.071221E1,-1.606218E1
4.871533E0,-1.993486E1,-1.621097E1
4.875704E0,-1.996673E1,-1.630437E1
4.879875E0,-2.058511E1,-1.598212E1
4.884046E0,-2.068805E1,-1.694681E1
4.888217E0,-2.064776E1,-1.704137E1
4.892387E0,-2.100789E1,-1.659047E1
4.896558E0,-2.092872E1,-1.548079E1
4.900729E0,-1.989552E1,-1.615694E1
4.904900E0,-2.082764E1,-1.540483E1
4.909071E0,-2.117315E1,-1.592392E1
4.913242E0,-2.087019E1,-1.634716E1
4.917413E0,-2.078461E1,-1.620030E1
4.921583E0,-2.096541E1,-1.565668E1
4.925754E0,-2.075916E1,-1.517044E1
4.929925E0,-2.070324E1,-1.520942E1
4.934096E0,-2.114543E1,-1.585857E1
4.938267E0,-2.076386E1,-1.609341E1
4.942437E0,-2.073213E1,-1.604875E1
4.946608E0,-2.096657E1,-1.562968E1
4.950779E0,-2.077595E1,-1.526442E1
4.954950E0,-2.082937E1,-1.533721E1
4.959121E0,-2.119593E1,-1.589403E1
4.963292E0,-2.079586E1,-1.616464E1
4.967462E0,-2.115162E1,-1.576338E1
4.971633E0,-2.095176E1,-1.553673E1
4.975804E0,-2.083585E1,-1.531202E1
4.979975E0,-2.109570E1,-1.573801E1
4.984146E0,-2.107451E1,-1.571602E1
4.988317E0,-2.121317E1,-1.591417E1
4.992488E0,-2.069830E1,-1.595527E1
4.996658E0,-2.104652E1,-1.558657E1
5.000829E0,-2.100454E1,-1.549920E1
5.005000E0,-2.125727E1,-1.581635E1
5.009171E0,-2.125100E1,-1.575825E1
5.013342E0,-2.116441E1,-1.574546E1
5.017512E0,-2.108151E1,-1.559566E1
5.021683E0,-2.105434E1,-1.551190E1
5.025854E0,-2.107643E1,-1.556306E1
5.030025E0,-2.115317E1,-1.576490E1
5.034196E0,-2.121057E1,-1.582598E1
5.038367E0,-2.110003E1,-1.563368E1
5.042538E0,-2.107539E1,-1.551398E1
5.046708E0,-2.108959E1,-1.554528E1
5.050879E0,-2.109580E1,-1.563205E1
5.055050E0,-2.107093E1,-1.558315E1
5.059221E0,-2.102534E1,-1.573223E1
5.063392E0,-2.109007E1,-1.549359E1
5.067563E0,-2.113747E1,-1.576372E1
5.071733E0,-2.099817E1,-1.561405E1
5.075904E0,-2.102176E1,-1.559985E1
5.080075E0,-2.119390E1,-1.585253E1
5.084246E0,-2.106766E1,-1.554294E1
5.088417E0,-2.106996E1,-1.565279E1
5.092587E0,-2.185852E1,-1.451570E1
5.096758E0,-2.186511E1,-1.465022E1
5.100929E0,-2.182471E1,-1.461197E1
5.105100E0,-2.174992E1,-1.430208E1
5.109271E0,-2.172312E1,-1.421640E1
5.113442E0,-2.182734E1,-1.439351E1
5.117612E0,-2.183860E1,-1.440737E1
5.121783E0,-2.192259E1,-1.449578E1
5.125954E0,-2.083943E1,-1.614892E1
5.130125E0,-2.085127E1,-1.610410E1
5.134296E0,-2.079946E1,-1.614772E1
5.138467E0,-2.081569E1,-1.611127E1
5.142638E0,-2.189477E1,-1.450247E1
5.146808E0,-2.072666E1,-1.602366E1
5.150979E0,-2.069341E1,-1.605290E1
5.155150E0,-2.084283E1,-1.620538E1
5.159321E0,-2.075726E1,-1.610803E1
5.163492E0,-2.090288E1,-1.617414E1
5.167663E0,-2.095233E1,-1.628837E1
5.171833E0,-2.090519E1,-1.625729E1
5.176004E0,-2.092653E1,-1.631883E1
5.180175E0,-2.098403E1,-1.639170E1
5.184346E0,-2.095950E1,-1.634083E1
5.188517E0,-2.111875E1,-1.640349E1
5.192687E0,-2.109292E1,-1.660028E1
5.196858E0,-2.084715E1,-1.619381E1
5.201029E0,-2.100590E1,-1.644543E1
5.205200E0,-2.111503E1,-1.642830E1
5.209371E0,-2.110505E1,-1.645156E1
5.213542E0,-2.091949E1,-1.629046E1
5.217712E0,-2.165683E1,-1.507915E1
5.221883E0,-2.079770E1,-1.611508E1
5.226054E0,-2.092412E1,-1.627448E1
5.230225E0,-2.088029E1,-1.604349E1
5.234396E0,-2.087463E1,-1.618295E1
5.238567E0,-2.193951E1,-1.475218E1
5.242738E0,-2.204386E1,-1.485837E1
5.246908E0,-2.127145E1,-1.588644E1
5.251079E0,-2.123089E1,-1.586172E1
5.255250E0,-2.125608E1,-1.575568E1
5.259421E0,-2.107033E1,-1.559229E1
5.263592E0,-2.121609E1,-1.566287E1
5.267762E0,-2.130514E1,-1.591361E1
5.271933E0,-2.130838E1,-1.583017E1
5.276104E0,-2.127385E1,-1.574718E1
5.280275E0,-2.123059E1,-1.568397E1
5.284446E0,-2.125695E1,-1.573064E1
5.288617E0,-2.124510E1,-1.573334E1
5.292788E0,-2.131307E1,-1.581706E1
5.296958E0,-2.108920E1,-1.555465E1
5.301129E0,-2.124890E1,-1.563052E1
5.305300E0,-2.182171E1,-1.432275E1
5.309471E0,-2.209782E1,-1.466337E1
5.313642E0,-2.200340E1,-1.455478E1
5.317812E0,-2.212052E1,-1.492071E1
5.321983E0,-2.209779E1,-1.477407E1
5.326154E0,-2.208688E1,-1.462912E1
5.330325E0,-2.207729E1,-1.479790E1
5.334496E0,-2.206210E1,-1.459976E1
5.338667E0,-2.207924E1,-1.473451E1
5.342837E0,-2.221390E1,-1.478404E1
5.347008E0,-2.085280E1,-1.609562E1
5.351179E0,-2.160267E1,-1.498170E1
5.355350E0,-2.169158E1,-1.508063E1
5.359521E0,-2.178749E1,-1.536386E1
5.363692E0,-2.104533E1,-1.630587E1
5.367863E0,-2.166246E1,-1.511198E1
5.372033E0,-2.156767E1,-1.498863E1
5.376204E0,-2.171835E1,-1.521449E1
5.380375E0,-2.164448E1,-1.507739E1
5.384546E0,-2.174886E1,-1.514455E1
5.388717E0,-2.174299E1,-1.527580E1
5.392887E0,-2.172854E1,-1.512728E1
5.397058E0,-2.178688E1,-1.525992E1
5.401229E0,-2.173063E1,-1.527244E1
5.405400E0,-2.189300E1,-1.533896E1
5.409571E0,-2.195841E1,-1.535875E1
5.413742E0,-2.207771E1,-1.567044E1
5.417913E0,-2.207379E1,-1.558735E1
5.422083E0,-2.227590E1,-1.584380E1
5.426254E0,-2.226910E1,-1.586062E1
5.430425E0,-2.189029E1,-1.609285E1
5.434596E0,-2.190751E1,-1.625754E1
5.438767E0,-2.193959E1,-1.630349E1
5.442938E0,-2.193024E1,-1.635527E1
5.447108E0,-2.194936E1,-1.636822E1
5.451279E0,-2.176639E1,-1.610345E1
5.455450E0,-2.290465E1,-1.440971E1
5.459621E0,-2.172489E1,-1.609324E1
5.463792E0,-2.182729E1,-1.626413E1
5.467962E0,-2.298976E1,-1.477808E1
5.472133E0,-2.274093E1,-1.446143E1
