,mass A,,
t,x,y,
0.000000E0,1.921779E2,-1.957368E1
4.170833E-3,1.778064E2,-1.541959E1
8.341667E-3,1.573907E2,-8.172111E0
1.251250E-2,1.298981E2,-8.897127E0
1.668333E-2,1.136358E2,4.339953E0
2.085417E-2,8.305941E1,8.968610E0
2.502500E-2,5.402057E1,1.266335E1
2.919583E-2,-1.770537E0,9.532422E0
3.336667E-2,-3.605710E1,8.676480E0
3.753750E-2,-7.101753E1,-1.008009E0
4.170833E-2,-9.736894E1,-7.661992E0
4.587917E-2,-1.217644E2,-1.005324E1
5.005000E-2,-1.293516E2,-4.409697E0
5.422083E-2,-1.490106E2,-5.394802E0
5.839167E-2,-1.658525E2,-6.103201E0
6.256250E-2,-1.796033E2,-2.814160E0
6.673333E-2,-1.921795E2,-4.265433E0
7.090417E-2,-2.024695E2,-4.871521E0
7.507500E-2,-2.115664E2,-6.662328E0
7.924583E-2,-2.187020E2,-8.935869E0
8.341667E-2,-2.239935E2,-9.356924E0
8.758750E-2,-2.283627E2,-1.053364E1
9.175833E-2,-2.315110E2,-1.156940E1
9.592917E-2,-2.334121E2,-1.219866E1
1.001000E-1,-2.340142E2,-1.562530E1
1.042708E-1,-2.338757E2,-1.619636E1
1.084417E-1,-2.323545E2,-1.838486E1
1.126125E-1,-2.300665E2,-1.932003E1
1.167833E-1,-2.259189E2,-2.340998E1
1.209542E-1,-2.207934E2,-2.599683E1
1.251250E-1,-2.149397E2,-2.840850E1
1.292958E-1,-2.067694E2,-3.068200E1
1.334667E-1,-1.970791E2,-3.307148E1
1.376375E-1,-1.855869E2,-3.504820E1
1.418083E-1,-1.712892E2,-3.613902E1
1.459792E-1,-1.566800E2,-3.698719E1
1.501500E-1,-1.389414E2,-3.953265E1
1.543208E-1,-1.185587E2,-4.039922E1
1.584917E-1,-9.539067E1,-3.878005E1
1.626625E-1,-7.002942E1,-3.750119E1
1.668333E-1,-4.268015E1,-2.733766E1
1.710042E-1,-1.295868E1,-2.272956E1
1.751750E-1,1.841848E1,-1.744470E1
1.793458E-1,4.774923E1,-1.136366E1
1.835167E-1,7.445318E1,-4.851813E0
1.876875E-1,9.918403E1,-6.429470E-1
1.918583E-1,1.249117E2,2.636641E0
1.960292E-1,1.464305E2,5.036849E-1
2.002000E-1,1.657497E2,5.334936E0
2.043708E-1,1.761560E2,8.119770E0
2.085417E-1,1.847959E2,1.234113E1
2.127125E-1,1.952831E2,1.651857E1
2.168833E-1,2.075529E2,2.079163E1
2.210542E-1,2.154097E2,2.495079E1
2.252250E-1,2.214414E2,2.886411E1
2.293958E-1,2.267911E2,3.252066E1
2.335667E-1,2.301527E2,3.531703E1
2.377375E-1,2.319509E2,3.803643E1
2.419083E-1,2.323373E2,4.035505E1
2.460792E-1,2.316325E2,4.237565E1
2.502500E-1,2.293414E2,4.366554E1
2.544208E-1,2.248241E2,4.500740E1
2.585917E-1,2.195429E2,4.535632E1
2.627625E-1,2.127479E2,4.551738E1
2.669333E-1,2.043378E2,4.496759E1
2.711042E-1,1.936907E2,4.379505E1
2.752750E-1,1.809363E2,4.231548E1
2.794458E-1,1.668722E2,4.002171E1
2.836167E-1,1.513656E2,3.682334E1
2.877875E-1,1.322928E2,3.317416E1
2.919583E-1,1.144177E2,2.913749E1
2.961292E-1,9.045567E1,2.330761E1
3.003000E-1,6.560357E1,1.642648E1
3.044708E-1,3.867469E1,8.252045E0
3.086417E-1,1.080202E1,-9.954880E-1
3.128125E-1,-1.674492E1,-1.203359E1
3.169833E-1,-5.000953E1,-2.594032E1
3.211542E-1,-7.255917E1,-3.690692E1
3.253250E-1,-9.140670E1,-4.666810E1
3.294958E-1,-1.011414E2,-5.190652E1
3.336667E-1,-1.157871E2,-5.912965E1
3.378375E-1,-1.288705E2,-6.532327E1
3.420083E-1,-1.418231E2,-7.208595E1
3.461792E-1,-1.520964E2,-7.886846E1
3.503500E-1,-1.603505E2,-8.366461E1
3.545208E-1,-1.664295E2,-8.775172E1
3.586917E-1,-1.713702E2,-9.230624E1
3.628625E-1,-1.749832E2,-9.610205E1
3.670333E-1,-1.771676E2,-9.937522E1
3.712042E-1,-1.780037E2,-1.017589E2
3.753750E-1,-1.775717E2,-1.039950E2
3.795458E-1,-1.762334E2,-1.060473E2
3.837167E-1,-1.738226E2,-1.061091E2
3.878875E-1,-1.699488E2,-1.076420E2
3.920583E-1,-1.652696E2,-1.074599E2
3.962292E-1,-1.584363E2,-1.053585E2
4.004000E-1,-1.502901E2,-1.044459E2
4.045708E-1,-1.408968E2,-1.020912E2
4.087417E-1,-1.293268E2,-9.844734E1
4.129125E-1,-1.172000E2,-9.452724E1
4.170833E-1,-1.023932E2,-8.950887E1
4.212542E-1,-8.611229E1,-8.280894E1
4.254250E-1,-6.815436E1,-7.441064E1
4.295958E-1,-4.833470E1,-6.441961E1
4.337667E-1,-2.750203E1,-4.679129E1
4.379375E-1,-5.860413E0,-2.773174E1
4.421083E-1,1.602412E1,-1.123914E1
4.462792E-1,3.600157E1,5.266905E0
4.504500E-1,5.400290E1,2.112033E1
4.546208E-1,7.085276E1,3.498478E1
4.587917E-1,8.592287E1,4.899713E1
4.629625E-1,1.010529E2,5.859948E1
4.671333E-1,1.135718E2,6.899961E1
4.713042E-1,1.246042E2,7.942536E1
4.754750E-1,1.338274E2,8.753263E1
4.796458E-1,1.405994E2,9.356489E1
4.838167E-1,1.467676E2,1.015407E2
4.879875E-1,1.508120E2,1.053375E2
4.921583E-1,1.536497E2,1.095912E2
4.963292E-1,1.548261E2,1.112177E2
5.005000E-1,1.548338E2,1.132090E2
5.046708E-1,1.530983E2,1.129536E2
5.088417E-1,1.500594E2,1.122493E2
5.130125E-1,1.459559E2,1.110334E2
5.171833E-1,1.406080E2,1.092830E2
5.213542E-1,1.337870E2,1.051735E2
5.255250E-1,1.256511E2,1.025167E2
5.296958E-1,1.158091E2,9.591667E1
5.338667E-1,1.036734E2,8.791618E1
5.380375E-1,8.970301E1,7.915222E1
5.422083E-1,7.504291E1,6.671687E1
5.463792E-1,5.736327E1,5.289917E1
5.505500E-1,3.863339E1,3.678651E1
5.547208E-1,1.953746E1,1.917753E1
5.588917E-1,1.345733E0,-5.495681E-2
5.630625E-1,-1.630430E1,-1.938935E1
5.672333E-1,-3.084428E1,-3.860492E1
5.714042E-1,-4.334153E1,-5.632821E1
5.755750E-1,-5.602189E1,-7.222823E1
5.797458E-1,-6.623941E1,-8.290485E1
5.839167E-1,-7.487669E1,-9.253328E1
5.880875E-1,-8.311262E1,-1.031226E2
5.922583E-1,-8.942146E1,-1.118463E2
5.964292E-1,-9.502407E1,-1.187176E2
6.006000E-1,-9.949267E1,-1.245340E2
6.047708E-1,-1.033416E2,-1.289421E2
6.089417E-1,-1.055913E2,-1.321311E2
6.131125E-1,-1.074759E2,-1.343701E2
6.172833E-1,-1.083937E2,-1.338127E2
6.214542E-1,-1.078840E2,-1.336601E2
6.256250E-1,-1.070142E2,-1.318408E2
6.297958E-1,-1.047131E2,-1.290599E2
6.339667E-1,-1.019590E2,-1.252746E2
6.381375E-1,-9.798611E1,-1.196608E2
6.423083E-1,-9.261226E1,-1.128926E2
6.464792E-1,-8.632235E1,-1.046620E2
6.506500E-1,-7.896061E1,-9.556962E1
6.548208E-1,-7.018562E1,-8.422550E1
6.589917E-1,-6.053681E1,-7.151867E1
6.631625E-1,-5.102885E1,-5.401011E1
6.673333E-1,-3.814028E1,-3.814517E1
6.715042E-1,-2.348951E1,-2.032529E1
6.756750E-1,-6.654778E0,-1.601869E0
6.798458E-1,1.282393E1,1.601286E1
6.840167E-1,3.170840E1,3.089911E1
6.881875E-1,4.957645E1,4.492380E1
6.923583E-1,6.572512E1,5.686134E1
6.965292E-1,8.008478E1,6.637061E1
7.007000E-1,9.211146E1,7.411813E1
7.048708E-1,1.031399E2,8.283289E1
7.090417E-1,1.119714E2,9.002406E1
7.132125E-1,1.187868E2,9.425217E1
7.173833E-1,1.246888E2,9.857810E1
7.215542E-1,1.289803E2,1.011106E2
7.257250E-1,1.326311E2,1.039915E2
7.298958E-1,1.345640E2,1.044329E2
7.340667E-1,1.349931E2,1.022980E2
7.382375E-1,1.345162E2,1.011099E2
7.424083E-1,1.326662E2,9.798138E1
7.465792E-1,1.289390E2,9.191097E1
7.507500E-1,1.246972E2,8.783227E1
7.549208E-1,1.169839E2,7.688007E1
7.590917E-1,1.087883E2,6.932664E1
7.632625E-1,9.788400E1,5.881846E1
7.674333E-1,8.563938E1,4.920223E1
7.716042E-1,7.101022E1,3.754484E1
7.757750E-1,5.467906E1,2.596160E1
7.799458E-1,3.653384E1,1.300087E1
7.841167E-1,1.572167E1,-1.644391E0
7.882875E-1,-3.610354E0,-1.527669E1
7.924583E-1,-2.320692E1,-3.047410E1
7.966292E-1,-3.998832E1,-4.292711E1
8.008000E-1,-5.511536E1,-5.557745E1
8.049708E-1,-6.857900E1,-6.452317E1
8.091417E-1,-7.998154E1,-7.193722E1
8.133125E-1,-9.021289E1,-7.839927E1
8.174833E-1,-9.908000E1,-8.389350E1
8.216542E-1,-1.063179E2,-8.878840E1
8.258250E-1,-1.120060E2,-9.364878E1
8.299958E-1,-1.162905E2,-9.720686E1
8.341667E-1,-1.188401E2,-9.957193E1
8.383375E-1,-1.202761E2,-1.006424E2
8.425083E-1,-1.201051E2,-1.010721E2
8.466792E-1,-1.187720E2,-1.012934E2
8.508500E-1,-1.162869E2,-9.973662E1
8.550208E-1,-1.121572E2,-9.736283E1
8.591917E-1,-1.063852E2,-9.326698E1
8.633625E-1,-1.000229E2,-8.951954E1
8.675333E-1,-9.120667E1,-8.365779E1
8.717042E-1,-8.210777E1,-7.801621E1
8.758750E-1,-7.137195E1,-7.041218E1
8.800458E-1,-5.854636E1,-6.160716E1
8.842167E-1,-4.568823E1,-4.694877E1
8.883875E-1,-2.853349E1,-3.495717E1
8.925583E-1,-1.126930E1,-2.038090E1
8.967292E-1,5.743233E0,-3.277026E0
9.009000E-1,2.444618E1,1.265588E1
9.050708E-1,4.028008E1,2.705084E1
9.092417E-1,5.458904E1,3.921384E1
9.134125E-1,6.877943E1,4.928185E1
9.175833E-1,8.097890E1,5.879666E1
9.217542E-1,9.132689E1,6.547455E1
9.259250E-1,1.015184E2,7.310223E1
9.300958E-1,1.088169E2,7.833228E1
9.342667E-1,1.139241E2,8.112708E1
9.384375E-1,1.179562E2,8.327149E1
9.426083E-1,1.209008E2,8.373829E1
9.467792E-1,1.216820E2,8.493801E1
9.509500E-1,1.216269E2,8.410422E1
9.551208E-1,1.194491E2,8.313247E1
9.592917E-1,1.155953E2,8.047494E1
9.634625E-1,1.106975E2,7.692803E1
9.676333E-1,1.033975E2,7.105996E1
9.718042E-1,9.474872E1,6.482575E1
9.759750E-1,8.371879E1,5.615168E1
9.801458E-1,7.197571E1,4.709215E1
9.843167E-1,5.799830E1,3.681255E1
9.884875E-1,4.202500E1,2.408584E1
9.926583E-1,2.509430E1,1.122515E1
9.968292E-1,6.788789E0,-4.053086E0
1.001000E0,-1.050833E1,-1.794848E1
1.005171E0,-2.540589E1,-3.228688E1
1.009342E0,-3.915801E1,-4.426490E1
1.013513E0,-5.158450E1,-5.466564E1
1.017683E0,-6.148109E1,-6.364799E1
1.021854E0,-7.029778E1,-7.216289E1
1.026025E0,-7.754947E1,-7.903493E1
1.030196E0,-8.384537E1,-8.696616E1
1.034367E0,-8.850904E1,-9.089492E1
1.038538E0,-9.179863E1,-9.414749E1
1.042708E0,-9.410574E1,-9.713364E1
1.046879E0,-9.486970E1,-1.005820E2
1.051050E0,-9.450459E1,-1.002625E2
1.055221E0,-9.269910E1,-9.980578E1
1.059392E0,-9.001254E1,-9.826667E1
1.063563E0,-8.603956E1,-9.554252E1
1.067733E0,-8.025844E1,-9.090812E1
1.071904E0,-7.386999E1,-8.657579E1
1.076075E0,-6.626896E1,-7.942458E1
1.080246E0,-5.738198E1,-7.247715E1
1.084417E0,-4.696728E1,-6.305073E1
1.088588E0,-3.600745E1,-4.781332E1
1.092758E0,-2.345615E1,-3.434216E1
1.096929E0,-8.844543E0,-1.873218E1
1.101100E0,5.806593E0,-1.911736E0
1.105271E0,1.963398E1,1.631179E1
1.109442E0,3.196533E1,3.141973E1
1.113613E0,4.336672E1,4.416483E1
1.117783E0,5.366888E1,5.624958E1
1.121954E0,6.414448E1,6.699183E1
1.126125E0,7.284973E1,7.519101E1
1.130296E0,8.022795E1,8.171648E1
1.134467E0,8.647979E1,8.670039E1
1.138638E0,9.160480E1,9.016674E1
1.142808E0,9.481748E1,9.133234E1
1.146979E0,9.720027E1,9.106681E1
1.151150E0,9.800300E1,8.941599E1
1.155321E0,9.746507E1,8.629536E1
1.159492E0,9.555968E1,8.207966E1
1.163663E0,9.191306E1,7.642915E1
1.167833E0,8.668288E1,6.959219E1
1.172004E0,7.957500E1,6.079533E1
1.176175E0,7.069347E1,5.171917E1
1.180346E0,6.011187E1,4.037470E1
1.184517E0,4.863512E1,2.832234E1
1.188688E0,3.548815E1,1.400147E1
1.192858E0,1.971024E1,3.573665E-1
1.197029E0,4.158025E0,-1.505436E1
1.201200E0,-1.143676E1,-2.738453E1
1.205371E0,-2.520752E1,-3.911151E1
1.209542E0,-3.657073E1,-5.014657E1
1.213713E0,-4.737366E1,-5.789237E1
1.217883E0,-5.652701E1,-6.488348E1
1.222054E0,-6.441633E1,-7.077013E1
1.226225E0,-7.089875E1,-7.525628E1
1.230396E0,-7.609573E1,-7.961252E1
1.234567E0,-7.993937E1,-8.250770E1
1.238738E0,-8.241512E1,-8.499329E1
1.242908E0,-8.324329E1,-8.601498E1
1.247079E0,-8.251809E1,-8.632758E1
1.251250E0,-8.037950E1,-8.477631E1
1.255421E0,-7.653473E1,-8.319989E1
1.259592E0,-7.141986E1,-7.999977E1
1.263763E0,-6.490215E1,-7.571826E1
1.267933E0,-5.643928E1,-7.098622E1
1.272104E0,-4.743711E1,-6.653518E1
1.276275E0,-3.711777E1,-6.025330E1
1.280446E0,-2.428698E1,-5.164479E1
1.284617E0,-1.197921E1,-3.645009E1
1.288788E0,2.340724E0,-2.394754E1
1.292958E0,1.793171E1,-8.792438E0
1.297129E0,3.038308E1,5.934348E0
1.301300E0,4.097074E1,1.988613E1
1.305471E0,4.992557E1,3.188776E1
1.309642E0,5.959471E1,4.290668E1
1.313813E0,6.531742E1,5.005147E1
1.317983E0,7.446583E1,5.918702E1
1.322154E0,7.950789E1,6.383166E1
1.326325E0,8.345246E1,6.846386E1
1.330496E0,8.545156E1,7.120570E1
1.334667E0,8.604988E1,7.225743E1
1.338838E0,8.466891E1,7.295507E1
1.343008E0,8.200697E1,7.213462E1
1.347179E0,7.789091E1,7.002790E1
1.351350E0,7.188651E1,6.705527E1
1.355521E0,6.400835E1,6.249887E1
1.359692E0,5.469830E1,5.558347E1
1.363863E0,4.378451E1,4.671588E1
1.368033E0,3.275951E1,3.668363E1
1.372204E0,2.121690E1,2.408916E1
1.376375E0,8.588720E0,1.023887E1
1.380546E0,-2.181074E0,-5.752769E0
1.384717E0,-1.075506E1,-2.100960E1
1.388888E0,-1.841369E1,-3.579859E1
1.393058E0,-2.316029E1,-4.959643E1
1.397229E0,-2.746126E1,-6.146305E1
1.401400E0,-3.137602E1,-7.139713E1
1.405571E0,-3.505034E1,-8.022413E1
1.409742E0,-3.727499E1,-8.655674E1
1.413913E0,-3.786335E1,-9.236258E1
1.418083E0,-3.846774E1,-9.580048E1
1.422254E0,-3.831612E1,-9.739167E1
1.426425E0,-3.748442E1,-9.713530E1
1.430596E0,-3.568408E1,-9.507619E1
1.434767E0,-3.347580E1,-9.179029E1
1.438938E0,-3.087050E1,-8.622622E1
1.443108E0,-2.732634E1,-7.991793E1
1.447279E0,-2.323835E1,-7.173525E1
1.451450E0,-1.910679E1,-6.270665E1
1.455621E0,-1.491320E1,-5.173844E1
1.459792E0,-1.111497E1,-3.836721E1
1.463963E0,-2.626163E0,-2.235667E1
1.468133E0,1.353761E0,-3.850427E0
1.472304E0,8.471815E0,1.282318E1
1.476475E0,1.294718E1,2.626436E1
1.480646E0,1.950983E1,4.039586E1
1.484817E0,2.369915E1,5.174850E1
1.488988E0,2.770387E1,6.225218E1
1.493158E0,3.030220E1,6.995926E1
1.497329E0,3.231328E1,7.538511E1
1.501500E0,3.359463E1,7.883990E1
1.505671E0,3.457384E1,8.066589E1
1.509842E0,3.396427E1,8.070065E1
1.514013E0,3.311627E1,7.874222E1
1.518183E0,3.112850E1,7.495920E1
1.522354E0,2.772106E1,6.733685E1
1.526525E0,2.493583E1,5.941909E1
1.530696E0,2.067866E1,4.928546E1
1.534867E0,1.538428E1,3.711190E1
1.539038E0,9.019546E0,2.153984E1
1.543208E0,2.270218E0,5.336135E0
1.547379E0,-2.351777E0,-1.172991E1
1.551550E0,-6.164283E0,-2.857035E1
1.555721E0,-9.357545E0,-4.144297E1
1.559892E0,-1.186070E1,-5.428685E1
1.564063E0,-1.389339E1,-6.413043E1
1.568233E0,-1.681821E1,-7.151893E1
1.572404E0,-1.898525E1,-7.777248E1
1.576575E0,-2.151841E1,-8.257478E1
1.580746E0,-2.333937E1,-8.587203E1
1.584917E0,-2.482283E1,-8.733969E1
1.589088E0,-2.552898E1,-8.676765E1
1.593258E0,-2.517339E1,-8.482478E1
1.597429E0,-2.460910E1,-8.082454E1
1.601600E0,-2.350687E1,-7.523124E1
1.605771E0,-2.123499E1,-6.814319E1
1.609942E0,-1.926149E1,-5.982208E1
1.614113E0,-1.604831E1,-4.974977E1
1.618283E0,-1.203883E1,-3.831245E1
1.622454E0,-7.125317E0,-2.451609E1
1.626625E0,-9.607740E-1,-1.030870E1
1.630796E0,7.700140E0,4.339194E0
1.634967E0,1.560233E1,1.741108E1
1.639138E0,2.247667E1,2.835885E1
1.643308E0,2.828637E1,3.679562E1
1.647479E0,3.287444E1,4.603748E1
1.651650E0,3.695676E1,5.200268E1
1.655821E0,3.867237E1,5.603868E1
1.659992E0,4.089734E1,5.813378E1
1.664163E0,4.151516E1,5.950554E1
1.668333E0,4.126468E1,5.826767E1
1.672504E0,4.000406E1,5.499131E1
1.676675E0,3.842579E1,5.084610E1
1.680846E0,3.452561E1,4.413467E1
1.685017E0,3.120228E1,3.613878E1
1.689188E0,2.594126E1,2.499147E1
1.693358E0,1.960168E1,1.209950E1
1.697529E0,1.292351E1,-1.624697E0
1.701700E0,5.487801E0,-1.548085E1
1.705871E0,-3.972365E0,-2.851698E1
1.710042E0,-9.209592E0,-3.789274E1
1.714213E0,-1.421493E1,-4.614643E1
1.718383E0,-1.906707E1,-5.360308E1
1.722554E0,-2.265380E1,-6.017271E1
1.726725E0,-2.686083E1,-6.709071E1
1.730896E0,-2.857220E1,-6.991671E1
1.735067E0,-2.904153E1,-7.214788E1
1.739238E0,-2.819514E1,-7.275843E1
1.743408E0,-2.631951E1,-7.202341E1
1.747579E0,-2.330590E1,-6.961942E1
1.751750E0,-1.928034E1,-6.571717E1
1.755921E0,-1.484424E1,-5.984285E1
1.760092E0,-9.315649E0,-5.230742E1
1.764263E0,-4.507484E0,-4.353617E1
1.768433E0,2.150815E0,-3.199911E1
1.772604E0,7.682445E0,-1.844012E1
1.776775E0,1.102501E1,-3.307169E0
1.780946E0,1.287225E1,8.741208E0
1.785117E0,1.327784E1,1.926860E1
1.789288E0,1.392502E1,2.888025E1
1.793458E0,1.444974E1,3.545047E1
1.797629E0,1.493477E1,3.953606E1
1.801800E0,1.468195E1,4.150889E1
1.805971E0,1.475180E1,4.266419E1
1.810142E0,1.462461E1,4.297997E1
1.814313E0,1.444782E1,4.117882E1
1.818483E0,1.316700E1,3.533214E1
1.822654E0,1.230023E1,2.896685E1
1.826825E0,1.032404E1,2.068577E1
1.830996E0,7.619906E0,1.052156E1
1.835167E0,4.323570E0,-9.984710E-1
1.839338E0,1.799444E-1,-1.376640E1
1.843508E0,-4.571416E0,-2.510420E1
1.847679E0,-8.014877E0,-3.389011E1
1.851850E0,-1.054119E1,-4.082956E1
1.856021E0,-1.197925E1,-4.742868E1
1.860192E0,-1.401816E1,-5.239898E1
1.864363E0,-1.418399E1,-5.590420E1
1.868533E0,-1.299625E1,-5.732585E1
1.872704E0,-1.108642E1,-5.658899E1
1.876875E0,-9.137208E0,-5.436356E1
1.881046E0,-5.967912E0,-4.995567E1
1.885217E0,-3.041207E0,-4.442322E1
1.889388E0,4.264413E-1,-3.650107E1
1.893558E0,2.930404E0,-2.736003E1
1.897729E0,5.620204E0,-1.478828E1
1.901900E0,5.287600E0,-2.483736E0
1.906071E0,4.210431E0,7.079649E0
1.910242E0,3.286968E0,1.460910E1
1.914413E0,2.513613E0,1.949738E1
1.918583E0,2.301904E0,2.141313E1
1.922754E0,2.523617E0,2.327600E1
1.926925E0,2.957737E0,2.345338E1
1.931096E0,3.999401E0,2.149860E1
1.935267E0,5.274658E0,1.812938E1
1.939438E0,6.481326E0,1.204985E1
1.943608E0,7.001053E0,4.750365E0
1.947779E0,7.155988E0,-4.590215E0
1.951950E0,5.007089E0,-1.356452E1
1.956121E0,2.201063E0,-2.188111E1
1.960292E0,-5.622854E-1,-2.845342E1
1.964463E0,-2.399419E0,-3.366241E1
1.968633E0,-3.761283E0,-3.663136E1
1.972804E0,-4.451950E0,-3.722917E1
1.976975E0,-3.934108E0,-3.663781E1
1.981146E0,-2.816371E0,-3.405857E1
1.985317E0,-1.267951E0,-2.988287E1
1.989488E0,1.081491E0,-2.250028E1
1.993658E0,4.117323E0,-1.450234E1
1.997829E0,6.371983E0,-5.648147E0
2.002000E0,7.012833E0,2.370772E0
2.006171E0,7.118180E0,9.241139E0
2.010342E0,6.754095E0,1.406782E1
2.014513E0,6.151489E0,1.667913E1
2.018683E0,5.199017E0,1.821831E1
2.022854E0,4.587505E0,1.736214E1
2.027025E0,3.976010E0,1.448122E1
2.031196E0,2.936376E0,1.010677E1
2.035367E0,2.609670E0,2.752367E0
2.039538E0,2.195865E0,-5.058165E0
2.043708E0,1.824462E0,-1.388703E1
2.047879E0,1.043119E0,-2.308170E1
2.052050E0,-1.893685E-2,-2.895306E1
2.056221E0,-2.850400E-1,-3.317155E1
2.060392E0,-8.892863E-1,-3.519889E1
2.064563E0,7.903055E-2,-3.651166E1
2.068733E0,2.165618E-1,-3.543886E1
2.072904E0,6.998429E-1,-3.322137E1
2.077075E0,1.033042E0,-2.836688E1
2.081246E0,1.692853E0,-2.223374E1
2.085417E0,1.354255E0,-1.389878E1
2.089588E0,1.104351E0,-5.030207E0
2.093758E0,1.232309E0,3.162735E0
2.097929E0,1.761326E0,9.196497E0
2.102100E0,2.382632E0,1.349560E1
2.106271E0,3.172002E0,1.551287E1
2.110442E0,3.965289E0,1.545688E1
2.114613E0,4.368824E0,1.436245E1
2.118783E0,4.911052E0,1.042658E1
2.122954E0,4.305610E0,5.140979E0
2.127125E0,3.853494E0,-1.751786E0
2.131296E0,2.006273E0,-9.647854E0
2.135467E0,-3.105530E-1,-1.767164E1
2.139638E0,-2.842018E0,-2.413310E1
2.143808E0,-3.968604E0,-2.905532E1
2.147979E0,-4.447936E0,-3.226237E1
2.152150E0,-4.749940E0,-3.288218E1
2.156321E0,-4.074460E0,-3.207704E1
2.160492E0,-2.191896E0,-2.957348E1
2.164663E0,1.763383E-1,-2.487314E1
2.168833E0,2.434778E0,-1.984935E1
2.173004E0,4.164559E0,-1.189943E1
2.177175E0,4.614117E0,-3.899845E0
2.181346E0,3.757564E0,3.353109E0
2.185517E0,2.377755E0,8.487570E0
2.189688E0,1.841266E0,1.116159E1
2.193858E0,8.858164E-1,1.240240E1
2.198029E0,5.519661E-2,1.215823E1
2.202200E0,5.035334E-1,9.259426E0
2.206371E0,1.143845E0,4.573967E0
2.210542E0,1.393245E0,-1.624150E0
2.214713E0,1.719148E0,-9.841343E0
2.218883E0,1.099271E0,-1.668097E1
2.223054E0,-5.151486E-1,-2.322223E1
2.227225E0,-1.078508E0,-2.762956E1
2.231396E0,-2.117628E0,-3.018315E1
2.235567E0,-2.891619E0,-3.087904E1
2.239738E0,-2.283465E0,-2.980832E1
2.243908E0,-1.951751E0,-2.723821E1
2.248079E0,-7.999573E-1,-2.296176E1
2.252250E0,4.919988E-1,-1.623693E1
2.256421E0,1.038678E0,-8.921186E0
2.260592E0,1.152723E0,-1.721948E0
2.264763E0,9.100637E-1,3.828447E0
2.268933E0,1.311607E0,7.532824E0
2.273104E0,1.418072E0,9.151837E0
2.277275E0,2.009491E0,9.490505E0
2.281446E0,2.270249E0,7.579339E0
2.285617E0,2.083428E0,4.199343E0
2.289788E0,1.893446E0,-1.051544E0
2.293958E0,1.038939E0,-7.542084E0
2.298129E0,-3.613569E-1,-1.507893E1
2.302300E0,-2.150966E0,-2.104900E1
2.306471E0,-3.669111E0,-2.473930E1
2.310642E0,-3.578365E0,-2.798313E1
2.314813E0,-2.954425E0,-2.851927E1
2.318983E0,-2.234321E0,-2.769990E1
2.323154E0,-8.025962E-1,-2.452668E1
2.327325E0,7.343541E-1,-2.056383E1
2.331496E0,1.740198E0,-1.453786E1
2.335667E0,2.001874E0,-7.475221E0
2.339838E0,1.202803E0,-7.801261E-1
2.344008E0,1.215484E0,3.513777E0
2.348179E0,9.268120E-1,6.311940E0
2.352350E0,3.505476E-1,7.321047E0
2.356521E0,1.625555E-1,6.089978E0
2.360692E0,5.902479E-1,2.618867E0
2.364863E0,1.267911E0,-1.560157E0
2.369033E0,1.203740E0,-7.777771E0
2.373204E0,2.924658E-1,-1.390032E1
2.377375E0,-1.103311E0,-1.964199E1
2.381546E0,-2.083874E0,-2.366400E1
2.385717E0,-3.373756E0,-2.594700E1
2.389888E0,-3.922554E0,-2.596597E1
2.394058E0,-3.288226E0,-2.499909E1
2.398229E0,-2.290097E0,-2.210389E1
2.402400E0,-6.379150E-1,-1.746373E1
2.406571E0,5.674685E-1,-1.206112E1
2.410742E0,1.033287E0,-5.124114E0
2.414913E0,1.147512E0,3.576913E-1
2.419083E0,7.152832E-1,3.861544E0
2.423254E0,2.370143E-1,6.048115E0
2.427425E0,1.052905E0,5.584715E0
2.431596E0,9.736880E-1,3.195564E0
2.435767E0,1.089261E0,-5.858834E-1
2.439938E0,8.149440E-1,-6.731025E0
2.444108E0,2.801101E-1,-1.256943E1
2.448279E0,-1.195484E0,-1.795964E1
2.452450E0,-2.125018E0,-2.173582E1
2.456621E0,-2.653430E0,-2.377786E1
2.460792E0,-2.872036E0,-2.399664E1
2.464963E0,-2.189061E0,-2.292368E1
2.469133E0,-1.063816E0,-1.980881E1
2.473304E0,1.692334E-1,-1.562385E1
2.477475E0,4.941040E-1,-1.031516E1
2.481646E0,5.764026E-1,-4.190845E0
2.485817E0,8.630637E-1,1.916796E-1
2.489988E0,7.327326E-1,3.113388E0
2.494158E0,5.164024E-1,3.789079E0
2.498329E0,1.128135E0,3.139896E0
2.502500E0,8.842711E-1,2.018911E-1
2.506671E0,7.592079E-1,-4.230549E0
2.510842E0,1.946243E-1,-1.010876E1
2.515013E0,-1.100238E0,-1.495259E1
2.519183E0,-2.301545E0,-1.917413E1
2.523354E0,-2.880269E0,-2.094275E1
2.527525E0,-2.976808E0,-2.168666E1
2.531696E0,-2.060003E0,-2.086036E1
2.535867E0,-1.431438E0,-1.815632E1
2.540038E0,1.239509E-1,-1.378708E1
2.544208E0,6.142273E-1,-8.914526E0
2.548379E0,1.001400E0,-3.471604E0
2.552550E0,6.843000E-1,3.951981E-1
2.556721E0,2.971387E-1,3.021414E0
2.560892E0,9.126662E-1,2.399965E0
2.565063E0,8.102969E-1,1.033207E0
2.569233E0,8.639436E-1,-2.341972E0
2.573404E0,7.420543E-1,-7.341161E0
2.577575E0,-1.245229E-1,-1.228039E1
2.581746E0,-1.118161E0,-1.620596E1
2.585917E0,-2.041097E0,-1.889462E1
2.590088E0,-2.438919E0,-2.031018E1
2.594258E0,-1.912632E0,-1.970897E1
2.598429E0,-1.096549E0,-1.765908E1
2.602600E0,-1.347080E-1,-1.394894E1
2.606771E0,9.750076E-1,-9.416742E0
2.610942E0,1.003937E0,-4.186551E0
2.615113E0,1.306802E0,-5.028713E-1
2.619283E0,1.008450E0,1.412362E0
2.623454E0,1.016763E0,1.499439E0
2.627625E0,1.088017E0,-4.991320E-1
2.631796E0,7.417476E-1,-3.846648E0
2.635967E0,7.025843E-1,-8.744168E0
2.640138E0,2.807760E-1,-1.365632E1
2.644308E0,-9.225904E-1,-1.709295E1
2.648479E0,-1.283382E0,-1.883204E1
2.652650E0,-1.707753E0,-1.892409E1
2.656821E0,-1.421041E0,-1.790860E1
2.660992E0,-7.629810E-1,-1.465121E1
2.665163E0,-6.413112E-2,-1.108512E1
2.669333E0,4.246165E-1,-6.396650E0
2.673504E0,9.940553E-1,-2.181083E0
2.677675E0,1.342490E0,3.252688E-1
2.681846E0,9.819241E-1,6.344681E-1
2.686017E0,1.067276E0,-5.746709E-1
2.690188E0,4.638852E-1,-3.950358E0
2.694358E0,8.637678E-2,-7.927987E0
2.698529E0,-1.710424E-1,-1.267769E1
2.702700E0,-8.955362E-1,-1.610550E1
2.706871E0,-1.107846E0,-1.761306E1
2.711042E0,-1.132974E0,-1.780874E1
2.715213E0,-1.094102E0,-1.684825E1
2.719383E0,-1.068632E0,-1.330490E1
2.723554E0,-4.161165E-2,-9.533765E0
2.727725E0,1.396717E0,-5.571398E0
2.731896E0,1.425251E0,-2.292497E0
2.736067E0,2.195135E0,-4.302456E-1
2.740238E0,1.802030E0,-8.874971E-1
2.744408E0,1.127879E0,-2.904219E0
2.748579E0,6.697844E-1,-6.660571E0
2.752750E0,6.033573E-2,-1.075915E1
2.756921E0,-2.071415E-1,-1.413672E1
2.761092E0,-5.273812E-1,-1.633638E1
2.765263E0,-2.685393E-1,-1.683236E1
2.769433E0,-6.619064E-1,-1.594782E1
2.773604E0,-6.723683E-1,-1.348970E1
2.777775E0,-1.197251E-1,-1.007683E1
2.781946E0,5.016933E-1,-5.927492E0
2.786117E0,1.846381E0,-3.057127E0
2.790288E0,2.330841E0,-1.710529E0
2.794458E0,1.707016E0,-1.971732E0
2.798629E0,1.332756E0,-3.681552E0
2.802800E0,-1.141535E-1,-7.004399E0
2.806971E0,-7.101086E-1,-1.077854E1
2.811142E0,-6.669800E-1,-1.375038E1
2.815313E0,-4.972127E-1,-1.593942E1
2.819483E0,-5.040477E-1,-1.606158E1
2.823654E0,-2.293476E-1,-1.458301E1
2.827825E0,-1.710195E-1,-1.122379E1
2.831996E0,7.316616E-2,-7.137490E0
2.836167E0,1.149584E0,-3.993072E0
2.840338E0,1.902841E0,-2.422810E0
2.844508E0,1.676922E0,-2.567809E0
2.848679E0,1.351335E0,-3.685654E0
2.852850E0,5.526533E-1,-6.906437E0
2.857021E0,-2.482447E-1,-1.070021E1
2.861192E0,-2.699159E-1,-1.351147E1
2.865363E0,-2.111312E-1,-1.461049E1
2.869533E0,-1.691750E-1,-1.488296E1
2.873704E0,4.544841E-2,-1.360124E1
2.877875E0,2.959153E-1,-1.064457E1
2.882046E0,8.028369E-1,-7.630098E0
2.886217E0,1.937151E0,-4.442136E0
2.890388E0,9.705705E-1,-2.907616E0
2.894558E0,1.571601E0,-4.039449E0
2.898729E0,8.456543E-1,-5.798180E0
2.902900E0,1.620054E-1,-8.968046E0
2.907071E0,7.435977E-2,-1.188576E1
2.911242E0,-8.599176E-2,-1.386770E1
2.915413E0,-3.460865E-1,-1.437131E1
2.919583E0,-2.098460E-1,-1.324296E1
2.923754E0,-2.189123E-1,-1.098350E1
2.927925E0,1.595696E-1,-8.054162E0
2.932096E0,9.337278E-1,-5.075328E0
2.936267E0,1.496960E0,-3.960638E0
2.940438E0,1.590288E0,-4.068780E0
2.944608E0,1.016292E0,-5.692221E0
2.948779E0,9.292638E-2,-8.705355E0
2.952950E0,1.447780E-1,-1.143478E1
2.957121E0,-2.087001E-1,-1.310040E1
2.961292E0,-2.700046E-1,-1.318087E1
2.965463E0,-2.977369E-1,-1.202582E1
2.969633E0,2.841822E-1,-9.454021E0
2.973804E0,4.392067E-1,-6.999485E0
2.977975E0,1.338630E0,-4.587911E0
2.982146E0,1.894327E0,-4.503988E0
2.986317E0,9.870212E-1,-5.270565E0
2.990488E0,4.187561E-1,-7.717135E0
2.994658E0,-8.213514E-2,-1.034591E1
2.998829E0,-4.950763E-2,-1.226122E1
3.003000E0,-4.666760E-2,-1.293623E1
3.007171E0,3.073543E-2,-1.191378E1
3.011342E0,6.163132E-2,-9.986703E0
3.015513E0,1.791137E-1,-6.792835E0
3.019683E0,7.361131E-1,-5.323540E0
3.023854E0,1.285644E0,-4.670209E0
3.028025E0,7.496218E-1,-5.872142E0
3.032196E0,1.395395E-2,-7.824378E0
3.036367E0,-7.887127E-2,-1.054316E1
3.040538E0,5.093139E-2,-1.187768E1
3.044708E0,-3.031900E-1,-1.223854E1
3.048879E0,1.303257E-1,-1.070109E1
3.053050E0,3.332372E-1,-8.456488E0
3.057221E0,8.539443E-1,-6.594989E0
3.061392E0,1.250211E0,-5.152495E0
3.065563E0,1.050696E0,-5.659864E0
3.069733E0,2.890927E-1,-7.566497E0
3.073904E0,-2.689798E-1,-9.646303E0
3.078075E0,-2.016098E-1,-1.114226E1
3.082246E0,-2.401489E-2,-1.180584E1
3.086417E0,-7.646174E-2,-1.069608E1
3.090588E0,6.844032E-2,-8.730318E0
3.094758E0,7.131259E-1,-7.012029E0
3.098929E0,7.697139E-1,-6.029028E0
3.103100E0,1.025519E0,-6.482733E0
3.107271E0,-3.912628E-2,-8.216998E0
3.111442E0,-1.822046E-1,-1.012866E1
3.115613E0,-1.950184E-1,-1.102729E1
3.119783E0,1.896976E-2,-1.080633E1
3.123954E0,8.486998E-2,-9.652322E0
3.128125E0,1.686708E-1,-7.846770E0
3.132296E0,2.496354E-1,-5.984178E0
3.136467E0,3.421844E-1,-5.913708E0
3.140638E0,-2.522271E-1,-7.314076E0
3.144808E0,-2.874714E-1,-9.119744E0
3.148979E0,-3.057383E-1,-1.018399E1
3.153150E0,-5.008426E-1,-1.037981E1
3.157321E0,7.127331E-2,-9.582393E0
3.161492E0,-8.711784E-2,-7.883204E0
3.165663E0,9.119500E-1,-6.534545E0
3.169833E0,7.750292E-1,-6.802705E0
3.174004E0,1.813282E-1,-7.658266E0
3.178175E0,-2.633726E-1,-9.283420E0
3.182346E0,-2.169022E-2,-9.960991E0
3.186517E0,-1.151733E-1,-9.775234E0
3.190688E0,-3.057448E-1,-9.181782E0
3.194858E0,2.736874E-1,-7.757972E0
3.199029E0,3.921246E-1,-6.625933E0
3.203200E0,2.386288E-1,-7.482005E0
3.207371E0,1.624044E-1,-8.541547E0
3.211542E0,6.617084E-2,-9.703878E0
3.215713E0,-5.644025E-1,-9.982882E0
3.219883E0,3.249778E-1,-9.431655E0
3.224054E0,-2.761004E-2,-8.157777E0
3.228225E0,-2.919754E-3,-7.114340E0
3.232396E0,2.038538E-2,-7.106429E0
3.236567E0,-5.014546E-1,-8.089382E0
3.240738E0,-1.638113E-1,-9.096775E0
3.244908E0,-3.170079E-1,-9.098772E0
3.249079E0,-5.868467E-2,-8.650259E0
3.253250E0,8.397863E-2,-7.644299E0
3.257421E0,1.999162E-2,-7.054541E0
3.261592E0,1.403838E-1,-7.622597E0
3.265763E0,1.367895E-1,-8.537110E0
3.269933E0,-5.133830E-1,-9.325217E0
3.274104E0,-2.837220E-1,-9.057135E0
3.278275E0,-2.601236E-1,-8.310375E0
3.282446E0,2.438630E-1,-7.430073E0
3.286617E0,-2.659831E-1,-7.380651E0
3.290788E0,-2.754680E-1,-8.083701E0
3.294958E0,-4.446161E-2,-8.678123E0
3.299129E0,-2.254418E-2,-8.708949E0
3.303300E0,3.327152E-1,-8.448784E0
3.307471E0,2.452007E-1,-7.757012E0
3.311642E0,1.195790E-1,-7.647121E0
3.315813E0,-1.456684E-1,-8.241081E0
3.319983E0,1.678287E-1,-8.476563E0
3.324154E0,-1.891669E-1,-8.843041E0
3.328325E0,1.980414E-1,-8.498030E0
3.332496E0,2.133697E-2,-7.951613E0
3.336667E0,9.262755E-2,-7.934009E0
3.340838E0,-1.326677E-1,-8.275531E0
3.345008E0,3.040037E-1,-8.426561E0
3.349179E0,-7.703552E-2,-8.775309E0
3.353350E0,1.937430E-1,-8.439382E0
3.357521E0,-2.699053E-2,-8.152820E0
3.361692E0,-2.195103E-1,-8.178825E0
3.365863E0,-2.857049E-1,-8.367146E0
3.370033E0,4.993502E-2,-8.507611E0
3.374204E0,1.110105E-1,-8.438424E0
3.378375E0,-1.536885E-1,-8.092960E0
3.382546E0,-1.438127E-1,-7.998885E0
3.386717E0,-1.642804E-1,-8.061301E0
3.390888E0,-2.273389E-1,-8.274672E0
3.395058E0,-4.581258E-1,-8.303796E0
3.399229E0,-1.619244E-1,-7.918101E0
3.403400E0,3.006488E-3,-8.020060E0
3.407571E0,-6.712753E-2,-8.030671E0
3.411742E0,-1.080021E-2,-8.045992E0
3.415913E0,3.538057E-2,-8.223853E0
3.420083E0,1.526563E-1,-7.746549E0
3.424254E0,-2.245090E-2,-7.735461E0
3.428425E0,-1.801248E-1,-7.999622E0
3.432596E0,-2.777290E-1,-7.963140E0
3.436767E0,-2.670031E-1,-8.091729E0
3.440938E0,-3.910528E-2,-8.053611E0
3.445108E0,1.094800E-1,-7.913000E0
3.449279E0,1.231829E-1,-7.700235E0
3.453450E0,-2.115536E-1,-8.170505E0
3.457621E0,-2.139857E-1,-7.997919E0
3.461792E0,-1.219963E-1,-7.918446E0
3.465963E0,-2.675766E-1,-7.980955E0
3.470133E0,2.225970E-1,-7.745852E0
3.474304E0,-1.958906E-1,-8.101634E0
3.478475E0,5.332798E-2,-7.846027E0
3.482646E0,-1.534951E-1,-8.029553E0
3.486817E0,7.901509E-2,-7.775148E0
3.490988E0,-1.398987E-1,-7.901826E0
3.495158E0,1.326073E-1,-7.793860E0
3.499329E0,-1.315933E-1,-7.866360E0
3.503500E0,-9.611661E-2,-7.672095E0
3.507671E0,-1.850603E-1,-7.805765E0
3.511842E0,1.487699E-2,-7.927105E0
3.516013E0,3.829599E-2,-7.976642E0
3.520183E0,-1.046608E-1,-8.020428E0
3.524354E0,2.994065E-3,-7.756791E0
3.528525E0,-3.823033E-2,-7.981779E0
3.532696E0,2.521154E-1,-7.585647E0
3.536867E0,-7.067657E-2,-7.970915E0
3.541038E0,-1.092627E-1,-7.716281E0
3.545208E0,-1.393442E-1,-7.841794E0
3.549379E0,-3.217790E-2,-7.701873E0
3.553550E0,-5.121207E-2,-7.681665E0
3.557721E0,-2.370580E-1,-7.903814E0
3.561892E0,-2.580869E-2,-7.758832E0
3.566063E0,-1.545587E-1,-7.968432E0
3.570233E0,-9.069987E-2,-7.944622E0
3.574404E0,-1.102727E-1,-8.065952E0
3.578575E0,1.098165E-1,-7.938340E0
3.582746E0,1.470888E-2,-8.002304E0
3.586917E0,1.851806E-1,-7.814019E0
3.591088E0,-2.316720E-1,-7.832282E0
3.595258E0,8.186284E-2,-7.894205E0
3.599429E0,2.209890E-2,-7.699551E0
3.603600E0,-2.862881E-1,-8.219279E0
3.607771E0,-3.061524E-2,-7.784684E0
3.611942E0,4.979319E-2,-7.780042E0
3.616113E0,-1.176303E-1,-7.841670E0
3.620283E0,-4.567135E-2,-7.831363E0
3.624454E0,-7.214651E-2,-7.848791E0
3.628625E0,-1.865445E-1,-7.866635E0
3.632796E0,-1.060489E-1,-7.773792E0
3.636967E0,1.044269E-1,-7.908253E0
3.641138E0,7.642535E-2,-7.799155E0
3.645308E0,2.291091E-2,-7.845433E0
3.649479E0,-9.243553E-2,-7.952354E0
3.653650E0,9.613901E-2,-7.907283E0
3.657821E0,-2.130228E-1,-7.974081E0
3.661992E0,4.709051E-2,-7.832523E0
3.666163E0,-1.157516E-1,-8.001137E0
3.670333E0,1.334134E-1,-7.799068E0
3.674504E0,-3.137535E-3,-7.859814E0
3.678675E0,1.133038E-2,-7.834414E0
3.682846E0,-1.548483E-1,-7.900898E0
3.687017E0,1.051485E-1,-7.889294E0
3.691188E0,-1.671548E-1,-7.875273E0
3.695358E0,-1.030503E-2,-7.943942E0
3.699529E0,-1.256353E-1,-7.711335E0
3.703700E0,-4.213943E-2,-7.766306E0
3.707871E0,1.902822E-2,-7.835591E0
3.712042E0,-1.833124E-3,-7.868256E0
3.716213E0,-1.202470E-1,-7.882722E0
3.720383E0,-2.802483E-1,-8.049027E0
3.724554E0,8.318884E-2,-7.749172E0
3.728725E0,-1.029330E-1,-7.864505E0
3.732896E0,1.756903E-1,-7.829763E0
3.737067E0,-2.072729E-1,-8.046307E0
3.741238E0,-1.360234E-1,-8.040921E0
3.745408E0,-2.301555E-1,-8.036092E0
3.749579E0,6.831864E-2,-7.780206E0
3.753750E0,-8.812120E-2,-7.837403E0
3.757921E0,6.711640E-2,-7.813732E0
3.762092E0,8.508994E-3,-7.819298E0
3.766263E0,2.329124E-1,-7.746580E0
3.770433E0,-5.646650E-2,-7.989363E0
3.774604E0,4.439011E-2,-7.841067E0
3.778775E0,-5.062069E-2,-8.006196E0
3.782946E0,-1.854335E-1,-7.934677E0
3.787117E0,-1.348331E-1,-7.904964E0
3.791288E0,-1.125471E-1,-7.975699E0
3.795458E0,-3.282533E-3,-7.972977E0
3.799629E0,-1.220352E-1,-7.879216E0
3.803800E0,-4.058057E-3,-7.842707E0
3.807971E0,-1.459352E-1,-7.927237E0
3.812142E0,1.000999E-1,-7.838145E0
3.816313E0,-1.249828E-1,-7.910460E0
3.820483E0,-8.687804E-2,-7.990571E0
3.824654E0,-3.885622E-2,-7.955279E0
3.828825E0,8.161964E-2,-7.928278E0
3.832996E0,-4.410348E-2,-8.082644E0
3.837167E0,7.597517E-2,-7.782287E0
3.841338E0,-4.233206E-2,-7.803272E0
3.845508E0,-5.651690E-2,-7.946269E0
3.849679E0,-2.365185E-1,-7.750294E0
3.853850E0,-1.752022E-2,-7.745984E0
3.858021E0,-2.774403E-1,-7.880296E0
3.862192E0,-1.615337E-1,-8.059076E0
3.866363E0,-4.984042E-2,-7.787326E0
3.870533E0,-1.164944E-1,-7.585196E0
3.874704E0,-2.511135E-1,-7.872654E0
3.878875E0,-1.244358E-2,-7.880864E0
3.883046E0,-1.055050E-1,-7.822916E0
3.887217E0,-1.364558E-2,-7.782542E0
3.891388E0,-3.188766E-1,-8.059932E0
3.895558E0,-1.997185E-1,-7.898107E0
3.899729E0,-3.746173E-2,-7.919534E0
3.903900E0,8.766679E-2,-7.894121E0
3.908071E0,4.242142E-2,-7.818150E0
3.912242E0,-2.832076E-1,-8.006820E0
3.916413E0,2.634239E-2,-7.816772E0
3.920583E0,-2.963907E-1,-7.965394E0
3.924754E0,-4.735345E-2,-8.007045E0
3.928925E0,-7.250236E-2,-8.010598E0
3.933096E0,-4.008975E-2,-8.033247E0
3.937267E0,-8.093891E-2,-7.938935E0
3.941438E0,-1.621921E-1,-7.871768E0
3.945608E0,-7.901249E-2,-7.815198E0
3.949779E0,1.692203E-1,-7.882771E0
3.953950E0,5.951673E-2,-7.918672E0
3.958121E0,-1.905874E-2,-7.870003E0
3.962292E0,-4.508207E-2,-7.978876E0
3.966463E0,7.776163E-2,-7.703266E0
3.970633E0,1.759308E-1,-7.799363E0
3.974804E0,-1.397203E-2,-7.926454E0
3.978975E0,4.844144E-2,-7.996961E0
3.983146E0,-1.974766E-1,-8.015656E0
3.987317E0,-1.073396E-1,-7.949600E0
3.991488E0,-1.308378E-1,-7.914763E0
3.995658E0,-1.109553E-1,-7.993074E0
3.999829E0,-8.044403E-2,-7.958621E0
4.004000E0,-1.728699E-1,-7.931864E0
4.008171E0,-4.503387E-2,-7.884863E0
4.012342E0,-2.062354E-1,-7.836928E0
4.016513E0,-9.008032E-2,-7.990577E0
4.020683E0,-1.101741E-1,-7.858996E0
4.024854E0,-1.591633E-1,-7.932136E0
4.029025E0,-4.942319E-2,-7.877700E0
4.033196E0,-1.166159E-1,-7.961608E0
4.037367E0,8.271565E-2,-7.725966E0
4.041538E0,-1.584897E-1,-7.770968E0
4.045708E0,-2.013871E-2,-7.836611E0
4.049879E0,-1.290992E-1,-7.903248E0
4.054050E0,-2.013185E-1,-7.745836E0
4.058221E0,-3.634055E-1,-7.982961E0
4.062392E0,-4.381996E-1,-7.921259E0
4.066563E0,-3.115680E-1,-7.957870E0
4.070733E0,-3.290487E-1,-7.935062E0
4.074904E0,-2.526629E-1,-7.746149E0
4.079075E0,-3.283034E-1,-8.083054E0
4.083246E0,-1.984075E-1,-8.045386E0
4.087417E0,-1.217254E-1,-8.016080E0
4.091588E0,-2.143621E-1,-7.916014E0
4.095758E0,-1.211303E-1,-7.864001E0
4.099929E0,-2.841531E-1,-8.157126E0
4.104100E0,-1.015804E-1,-7.966729E0
4.108271E0,-9.910994E-2,-7.919844E0
4.112442E0,-3.844121E-1,-8.070019E0
4.116613E0,-4.253287E-1,-8.018658E0
4.120783E0,-2.033938E-1,-7.917064E0
4.124954E0,-4.950666E-1,-7.973733E0
4.129125E0,-2.548298E-1,-7.994455E0
4.133296E0,-2.913440E-1,-7.950598E0
4.137467E0,-4.373405E-1,-8.018597E0
4.141638E0,-3.691300E-1,-8.027130E0
4.145808E0,-2.109867E-1,-7.864335E0
4.149979E0,-4.766232E-1,-8.071380E0
4.154150E0,-5.645507E-1,-8.036332E0
4.158321E0,-2.399616E-1,-8.051975E0
4.162492E0,-2.893861E-1,-8.131484E0
4.166663E0,-3.614164E-1,-8.055411E0
4.170833E0,-5.461676E-1,-7.898652E0
4.175004E0,-7.079593E-1,-7.833562E0
4.179175E0,-7.943403E-1,-7.782631E0
4.183346E0,-7.276573E-1,-7.915957E0
4.187517E0,-7.701068E-1,-7.816840E0
4.191688E0,-9.595032E-1,-7.848608E0
4.195858E0,-1.224584E0,-8.158351E0
4.200029E0,-1.029366E0,-7.868283E0
4.204200E0,-1.266106E0,-8.057625E0
4.208371E0,-1.143164E0,-8.119339E0
4.212542E0,-1.168496E0,-8.120252E0
4.216713E0,-1.008089E0,-7.874958E0
4.220883E0,-1.093824E0,-7.973481E0
4.225054E0,-1.323315E0,-7.985187E0
4.229225E0,-1.609572E0,-7.875974E0
4.233396E0,-1.589603E0,-8.133111E0
4.237567E0,-1.528379E0,-8.176208E0
4.241738E0,-1.461841E0,-8.331946E0
4.245908E0,-1.383834E0,-8.291539E0
4.250079E0,-1.537241E0,-8.299449E0
4.254250E0,-1.612116E0,-7.787057E0
4.258421E0,-1.649554E0,-7.670502E0
4.262592E0,-1.905270E0,-7.984473E0
4.266763E0,-1.954651E0,-8.027131E0
4.270933E0,-2.090012E0,-7.878556E0
4.275104E0,-2.102645E0,-7.911992E0
4.279275E0,-2.239989E0,-8.168068E0
4.283446E0,-2.458925E0,-8.271085E0
4.287617E0,-2.239075E0,-8.184482E0
4.291788E0,-2.194410E0,-8.069558E0
4.295958E0,-2.305173E0,-8.245839E0
4.300129E0,-2.340239E0,-8.259099E0
4.304300E0,-2.267714E0,-8.150374E0
4.308471E0,-2.411516E0,-8.139458E0
4.312642E0,-2.599260E0,-8.384766E0
4.316813E0,-2.216311E0,-8.274072E0
4.320983E0,-1.742332E0,-8.406022E0
4.325154E0,-1.849101E0,-8.753700E0
4.329325E0,-1.991736E0,-8.616481E0
4.333496E0,-2.298475E0,-8.997379E0
4.337667E0,-2.153339E0,-8.882532E0
4.341838E0,-2.260403E0,-9.040353E0
4.346008E0,-2.278750E0,-8.898161E0
4.350179E0,-2.539726E0,-9.330708E0
4.354350E0,-2.335031E0,-9.019006E0
4.358521E0,-2.594918E0,-9.384593E0
4.362692E0,-2.453814E0,-9.350792E0
4.366863E0,-2.499733E0,-9.255572E0
4.371033E0,-1.949774E0,-9.478459E0
4.375204E0,-2.468913E0,-9.335273E0
4.379375E0,-2.608104E0,-8.781693E0
4.383546E0,-2.753867E0,-8.818891E0
4.387717E0,-3.082649E0,-9.128270E0
4.391888E0,-3.091433E0,-9.034498E0
4.396058E0,-3.036986E0,-8.959784E0
4.400229E0,-3.198406E0,-9.134304E0
4.404400E0,-3.352381E0,-9.240473E0
4.408571E0,-2.797807E0,-9.449796E0
4.412742E0,-2.865425E0,-9.444609E0
4.416913E0,-2.965010E0,-9.543810E0
4.421083E0,-3.294386E0,-9.896202E0
4.425254E0,-3.299376E0,-1.003107E1
4.429425E0,-3.234988E0,-1.001121E1
4.433596E0,-3.202946E0,-1.006135E1
4.437767E0,-3.417714E0,-1.024907E1
4.441938E0,-3.476738E0,-1.024800E1
4.446108E0,-3.461586E0,-1.007996E1
4.450279E0,-3.528477E0,-1.017488E1
4.454450E0,-3.538427E0,-1.030527E1
4.458621E0,-3.708916E0,-9.677169E0
4.462792E0,-3.792705E0,-9.709316E0
4.466963E0,-4.146888E0,-9.982552E0
4.471133E0,-4.049812E0,-9.995312E0
4.475304E0,-4.326230E0,-1.013605E1
4.479475E0,-4.377265E0,-1.023919E1
4.483646E0,-4.275553E0,-1.017652E1
4.487817E0,-4.234575E0,-1.008739E1
4.491988E0,-4.411134E0,-1.032134E1
4.496158E0,-4.324182E0,-1.014838E1
4.500329E0,-4.485009E0,-1.034520E1
4.504500E0,-4.570265E0,-1.035274E1
4.508671E0,-4.451208E0,-1.017628E1
4.512842E0,-4.681286E0,-9.662507E0
4.517013E0,-4.815552E0,-9.807648E0
4.521183E0,-5.185603E0,-1.004640E1
4.525354E0,-5.104572E0,-9.966904E0
4.529525E0,-5.074634E0,-9.958990E0
4.533696E0,-5.062426E0,-9.988744E0
4.537867E0,-5.153646E0,-1.000541E1
4.542038E0,-5.295603E0,-1.013448E1
4.546208E0,-5.456978E0,-1.027641E1
4.550379E0,-5.402288E0,-1.020366E1
4.554550E0,-5.438845E0,-1.031007E1
4.558721E0,-5.466274E0,-1.026439E1
4.562892E0,-5.467424E0,-1.027581E1
4.567063E0,-5.727075E0,-9.747087E0
4.571233E0,-5.974000E0,-9.879477E0
4.575404E0,-6.059192E0,-1.007358E1
4.579575E0,-5.978278E0,-9.906135E0
4.583746E0,-6.343153E0,-1.025318E1
4.587917E0,-6.286846E0,-1.023822E1
4.592088E0,-6.336824E0,-1.019492E1
4.596258E0,-6.346561E0,-1.030408E1
4.600429E0,-6.130774E0,-1.015873E1
4.604600E0,-6.235861E0,-1.016158E1
4.608771E0,-6.341431E0,-1.022034E1
4.612942E0,-6.408155E0,-1.029451E1
4.617113E0,-6.084357E0,-1.001552E1
4.621283E0,-6.036911E0,-9.838425E0
4.625454E0,-6.250337E0,-1.003508E1
4.629625E0,-6.215573E0,-9.993099E0
4.633796E0,-6.222987E0,-9.973972E0
4.637967E0,-6.156891E0,-9.902565E0
4.642138E0,-6.116237E0,-9.724306E0
4.646308E0,-6.067032E0,-9.631608E0
4.650479E0,-6.129340E0,-9.807076E0
4.654650E0,-6.053200E0,-9.702465E0
4.658821E0,-6.180811E0,-9.917734E0
4.662992E0,-6.753153E0,-9.734571E0
4.667163E0,-6.930232E0,-9.780918E0
4.671333E0,-7.241248E0,-1.004581E1
4.675504E0,-7.456439E0,-1.026011E1
4.679675E0,-7.351720E0,-1.016923E1
4.683846E0,-7.717369E0,-9.625102E0
4.688017E0,-8.241623E0,-1.012501E1
4.692188E0,-7.793589E0,-1.055428E1
4.696358E0,-7.911954E0,-1.073570E1
4.700529E0,-8.102767E0,-1.081606E1
4.704700E0,-8.208286E0,-1.096312E1
4.708871E0,-8.298396E0,-1.100768E1
4.713042E0,-8.432099E0,-1.115168E1
4.717213E0,-9.493383E0,-1.037294E1
4.721383E0,-8.524506E0,-1.117297E1
4.725554E0,-8.756820E0,-1.060589E1
4.729725E0,-8.664563E0,-1.055884E1
4.733896E0,-9.069348E0,-1.089146E1
4.738067E0,-9.224144E0,-1.107091E1
4.742238E0,-9.341841E0,-1.111066E1
4.746408E0,-9.347636E0,-1.119062E1
4.750579E0,-9.325016E0,-1.112008E1
4.754750E0,-9.533001E0,-1.131772E1
4.758921E0,-9.640533E0,-1.054936E1
4.763092E0,-1.006966E1,-1.096921E1
4.767263E0,-1.023839E1,-1.105985E1
4.771433E0,-1.041555E1,-1.120080E1
4.775604E0,-1.042543E1,-1.119526E1
4.779775E0,-1.052611E1,-1.120441E1
4.783946E0,-1.038374E1,-1.119044E1
4.788117E0,-1.079128E1,-1.068936E1
4.792288E0,-1.100136E1,-1.066679E1
4.796458E0,-1.108679E1,-1.094210E1
4.800629E0,-1.141176E1,-1.125083E1
4.804800E0,-1.086224E1,-1.152511E1
4.808971E0,-1.184858E1,-1.072826E1
4.813142E0,-1.218793E1,-1.108761E1
4.817313E0,-1.245472E1,-1.127379E1
4.821483E0,-1.196027E1,-1.160863E1
4.825654E0,-1.220089E1,-1.186090E1
4.829825E0,-1.314837E1,-1.113169E1
4.833996E0,-1.334142E1,-1.133448E1
4.838167E0,-1.283192E1,-1.169501E1
4.842338E0,-1.330689E1,-1.214357E1
4.846508E0,-1.295786E1,-1.255025E1
4.850679E0,-1.324287E1,-1.316517E1
4.854850E0,-1.327407E1,-1.389368E1
4.859021E0,-1.405420E1,-1.287618E1
4.863192E0,-1.404697E1,-1.284920E1
4.867363E0,-1.399614E1,-1.248762E1
4.871533E0,-1.378996E1,-1.250917E1
4.875704E0,-1.434764E1,-1.226045E1
4.879875E0,-1.429453E1,-1.208550E1
4.884046E0,-1.435989E1,-1.216640E1
4.888217E0,-1.429354E1,-1.209743E1
4.892388E0,-1.428979E1,-1.210745E1
4.896558E0,-1.390014E1,-1.253830E1
4.900729E0,-1.387062E1,-1.257244E1
4.904900E0,-1.403504E1,-1.274801E1
4.909071E0,-1.438781E1,-1.319899E1
4.913242E0,-1.432048E1,-1.317677E1
4.917413E0,-1.435315E1,-1.322224E1
4.921583E0,-1.292076E1,-1.468895E1
4.925754E0,-1.539323E1,-1.232270E1
4.929925E0,-1.421608E1,-1.391989E1
4.934096E0,-1.510532E1,-1.294024E1
4.938267E0,-1.527295E1,-1.320034E1
4.942438E0,-1.539689E1,-1.329845E1
4.946608E0,-1.408947E1,-1.477640E1
4.950779E0,-1.274947E1,-1.647700E1
4.954950E0,-1.412616E1,-1.580935E1
4.959121E0,-1.407694E1,-1.688752E1
4.963292E0,-1.729088E1,-1.422919E1
4.967463E0,-1.301268E1,-1.967556E1
4.971633E0,-1.384710E1,-1.955146E1
