,mass A,,
t,x,y,
0.000000E0,3.950324E2,-5.872104E1
4.170833E-3,3.950034E2,-5.906628E1
8.341667E-3,3.952105E2,-5.857772E1
1.251250E-2,3.951428E2,-5.906492E1
1.668333E-2,3.949879E2,-5.874152E1
2.085417E-2,3.953205E2,-5.878145E1
2.502500E-2,3.953133E2,-5.931874E1
2.919583E-2,3.951575E2,-5.885456E1
3.336667E-2,3.954784E2,-5.912894E1
3.753750E-2,3.955706E2,-5.847871E1
4.170833E-2,3.960593E2,-5.823796E1
4.587917E-2,3.961657E2,-5.855560E1
5.005000E-2,3.962386E2,-5.775386E1
5.422083E-2,3.962508E2,-5.714277E1
5.839167E-2,3.966169E2,-5.646678E1
6.256250E-2,3.968681E2,-5.697949E1
6.673333E-2,3.970972E2,-5.653275E1
7.090417E-2,3.970506E2,-5.654321E1
7.507500E-2,3.973355E2,-5.633618E1
7.924583E-2,3.976117E2,-5.581983E1
8.341667E-2,3.979526E2,-5.490381E1
8.758750E-2,3.982840E2,-5.499231E1
9.175833E-2,3.984370E2,-5.499753E1
9.592917E-2,3.989111E2,-5.456585E1
1.001000E-1,3.987669E2,-5.449167E1
1.042708E-1,3.992034E2,-5.475412E1
1.084417E-1,3.991448E2,-5.502956E1
1.126125E-1,3.991036E2,-5.474376E1
1.167833E-1,3.991969E2,-5.514556E1
1.209542E-1,3.991829E2,-5.457764E1
1.251250E-1,3.992115E2,-5.447300E1
1.292958E-1,3.993244E2,-5.449127E1
1.334667E-1,3.989854E2,-5.456994E1
1.376375E-1,3.992096E2,-5.447917E1
1.418083E-1,3.986986E2,-5.448173E1
1.459792E-1,3.990352E2,-5.478873E1
1.501500E-1,3.987697E2,-5.413847E1
1.543208E-1,3.989046E2,-5.407355E1
1.584917E-1,3.991274E2,-5.360401E1
1.626625E-1,3.988816E2,-5.337633E1
1.668333E-1,3.987750E2,-5.333791E1
1.710042E-1,3.989152E2,-5.351012E1
1.751750E-1,3.987358E2,-5.284987E1
1.793458E-1,3.989772E2,-5.257246E1
1.835167E-1,3.988677E2,-5.255713E1
1.876875E-1,3.987574E2,-5.231893E1
1.918583E-1,3.987471E2,-5.222287E1
1.960292E-1,3.989968E2,-5.226736E1
2.002000E-1,3.990353E2,-5.170938E1
2.043708E-1,3.991232E2,-5.169686E1
2.085417E-1,3.988868E2,-5.130672E1
2.127125E-1,3.989326E2,-5.123897E1
2.168833E-1,3.990671E2,-5.147129E1
2.210542E-1,3.988325E2,-5.151509E1
2.252250E-1,3.988629E2,-5.127564E1
2.293958E-1,3.988675E2,-5.161912E1
2.335667E-1,3.987572E2,-5.143555E1
2.377375E-1,3.988394E2,-5.128726E1
2.419083E-1,3.987491E2,-5.206423E1
2.460792E-1,3.986418E2,-5.144713E1
2.502500E-1,3.983905E2,-5.166731E1
2.544208E-1,3.977893E2,-5.231390E1
2.585917E-1,3.979208E2,-5.228514E1
2.627625E-1,3.974954E2,-5.259396E1
2.669333E-1,3.974141E2,-5.268639E1
2.711042E-1,3.970546E2,-5.256169E1
2.752750E-1,3.968967E2,-5.246685E1
2.794458E-1,3.970166E2,-5.251617E1
2.836167E-1,3.967774E2,-5.195843E1
2.877875E-1,3.968161E2,-5.142936E1
2.919583E-1,3.968426E2,-5.152744E1
2.961292E-1,3.966111E2,-5.091176E1
3.003000E-1,3.962785E2,-5.046049E1
3.044708E-1,3.957538E2,-4.944067E1
3.086417E-1,3.951610E2,-4.781637E1
3.128125E-1,3.949532E2,-4.517747E1
3.169833E-1,3.930168E2,-4.255216E1
3.211542E-1,3.908809E2,-3.893186E1
3.253250E-1,3.878602E2,-3.483308E1
3.294958E-1,3.843316E2,-3.098019E1
3.336667E-1,3.785335E2,-2.665076E1
3.378375E-1,3.727321E2,-2.252704E1
3.420083E-1,3.654502E2,-1.895487E1
3.461792E-1,3.570561E2,-1.399212E1
3.503500E-1,3.491512E2,-6.782423E0
3.545208E-1,3.389171E2,-7.407174E-1
3.586917E-1,3.258116E2,3.211501E0
3.628625E-1,3.111048E2,7.293387E0
3.670333E-1,2.931573E2,9.381087E0
3.712042E-1,2.752986E2,1.178047E1
3.753750E-1,2.549976E2,1.455593E1
3.795458E-1,2.313253E2,2.669138E1
3.837167E-1,2.094463E2,2.864751E1
3.878875E-1,1.873240E2,3.084386E1
3.920583E-1,1.631033E2,3.439312E1
3.962292E-1,1.364645E2,3.480966E1
4.004000E-1,1.084463E2,3.512235E1
4.045708E-1,8.064232E1,3.655017E1
4.087417E-1,5.097789E1,3.683944E1
4.129125E-1,2.157319E1,3.770473E1
4.170833E-1,-8.527504E0,3.862889E1
4.212542E-1,-3.812227E1,3.810016E1
4.254250E-1,-6.679772E1,3.776860E1
4.295958E-1,-9.501848E1,3.811810E1
4.337667E-1,-1.226253E2,3.652532E1
4.379375E-1,-1.485815E2,3.639130E1
4.421083E-1,-1.737625E2,3.485729E1
4.462792E-1,-1.975196E2,3.244909E1
4.504500E-1,-2.192676E2,2.879541E1
4.546208E-1,-2.403379E2,2.459727E1
4.587917E-1,-2.583742E2,2.181201E1
4.629625E-1,-2.762708E2,1.503292E1
4.671333E-1,-2.921451E2,6.663870E0
4.713042E-1,-3.041415E2,2.777951E0
4.754750E-1,-3.042817E2,5.338276E0
4.796458E-1,-3.147123E2,1.021528E0
4.838167E-1,-3.242805E2,-2.541663E0
4.879875E-1,-3.331865E2,-6.482141E0
4.921583E-1,-3.402014E2,-1.048736E1
4.963292E-1,-3.464630E2,-1.481883E1
5.005000E-1,-3.521650E2,-1.769073E1
5.046708E-1,-3.562003E2,-2.164001E1
5.088417E-1,-3.592838E2,-2.558136E1
5.130125E-1,-3.612009E2,-2.926956E1
5.171833E-1,-3.625292E2,-3.377423E1
5.213542E-1,-3.625581E2,-3.772986E1
5.255250E-1,-3.619198E2,-4.149469E1
5.296958E-1,-3.615229E2,-4.498554E1
5.338667E-1,-3.599168E2,-4.726484E1
5.380375E-1,-3.574419E2,-5.069489E1
5.422083E-1,-3.534579E2,-5.388931E1
5.463792E-1,-3.487120E2,-5.704405E1
5.505500E-1,-3.441828E2,-5.857124E1
5.547208E-1,-3.379526E2,-6.062189E1
5.588917E-1,-3.305141E2,-6.389704E1
5.630625E-1,-3.223949E2,-6.561909E1
5.672333E-1,-3.123743E2,-6.827051E1
5.714042E-1,-3.019003E2,-7.018462E1
5.755750E-1,-2.904386E2,-7.207428E1
5.797458E-1,-2.775191E2,-7.315093E1
5.839167E-1,-2.623958E2,-7.473570E1
5.880875E-1,-2.460222E2,-7.622179E1
5.922583E-1,-2.292370E2,-7.661923E1
5.964292E-1,-2.099301E2,-7.828787E1
6.006000E-1,-1.903138E2,-7.890927E1
6.047708E-1,-1.696873E2,-7.962197E1
6.089417E-1,-1.458178E2,-8.059075E1
6.131125E-1,-1.218406E2,-7.944282E1
6.172833E-1,-9.552603E1,-7.760036E1
6.214542E-1,-6.827861E1,-7.458658E1
6.256250E-1,-4.092678E1,-6.761816E1
6.297958E-1,-1.241035E1,-6.344021E1
6.339667E-1,1.649996E1,-5.783456E1
6.381375E-1,4.418390E1,-5.164324E1
6.423083E-1,7.158236E1,-4.382963E1
6.464792E-1,9.921084E1,-3.640083E1
6.506500E-1,1.261265E2,-2.918759E1
6.548208E-1,1.524353E2,-2.141294E1
6.589917E-1,1.769509E2,-1.336878E1
6.631625E-1,2.014297E2,-3.063992E0
6.673333E-1,2.218341E2,6.703862E0
6.715042E-1,2.421877E2,1.637555E1
6.756750E-1,2.602162E2,2.657911E1
6.798458E-1,2.760228E2,3.520765E1
6.840167E-1,2.902326E2,4.416960E1
6.881875E-1,3.020941E2,5.191049E1
6.923583E-1,3.126822E2,5.937947E1
6.965292E-1,3.148840E2,6.336404E1
7.007000E-1,3.213343E2,6.736350E1
7.048708E-1,3.291780E2,7.319520E1
7.090417E-1,3.366672E2,7.970556E1
7.132125E-1,3.428168E2,8.469796E1
7.173833E-1,3.480488E2,8.943394E1
7.215542E-1,3.522043E2,9.401920E1
7.257250E-1,3.549392E2,9.830520E1
7.298958E-1,3.575259E2,1.019950E2
7.340667E-1,3.580686E2,1.052673E2
7.382375E-1,3.587529E2,1.085240E2
7.424083E-1,3.588998E2,1.119678E2
7.465792E-1,3.570940E2,1.145188E2
7.507500E-1,3.542486E2,1.165449E2
7.549208E-1,3.504740E2,1.179965E2
7.590917E-1,3.453186E2,1.191472E2
7.632625E-1,3.386986E2,1.197032E2
7.674333E-1,3.321772E2,1.192629E2
7.716042E-1,3.237465E2,1.194312E2
7.757750E-1,3.136495E2,1.178534E2
7.799458E-1,3.023120E2,1.104946E2
7.841167E-1,2.904201E2,1.088145E2
7.882875E-1,2.778972E2,1.086933E2
7.924583E-1,2.660588E2,1.092702E2
7.966292E-1,2.511760E2,1.069642E2
8.008000E-1,2.348090E2,1.032481E2
8.049708E-1,2.181240E2,9.943318E1
8.091417E-1,1.990144E2,9.467461E1
8.133125E-1,1.800682E2,8.787362E1
8.174833E-1,1.629592E2,7.852308E1
8.216542E-1,1.395858E2,7.136349E1
8.258250E-1,1.139873E2,6.379951E1
8.299958E-1,8.700576E1,5.512619E1
8.341667E-1,6.069206E1,4.678420E1
8.383375E-1,3.207934E1,3.783248E1
8.425083E-1,5.172826E0,2.853946E1
8.466792E-1,-2.262416E1,1.840915E1
8.508500E-1,-4.989563E1,8.119156E0
8.550208E-1,-7.418585E1,-1.092349E0
8.591917E-1,-9.780613E1,-1.019881E1
8.633625E-1,-1.193068E2,-2.164729E1
8.675333E-1,-1.397174E2,-3.147829E1
8.717042E-1,-1.601564E2,-4.088439E1
8.758750E-1,-1.789994E2,-4.947252E1
8.800458E-1,-1.967548E2,-5.774818E1
8.842167E-1,-2.139722E2,-6.675735E1
8.883875E-1,-2.281860E2,-7.498045E1
8.925583E-1,-2.416924E2,-8.307610E1
8.967292E-1,-2.536271E2,-9.124236E1
9.009000E-1,-2.657724E2,-9.800215E1
9.050708E-1,-2.751569E2,-1.048484E2
9.092417E-1,-2.833062E2,-1.118456E2
9.134125E-1,-2.908914E2,-1.170463E2
9.175833E-1,-2.977957E2,-1.220970E2
9.217542E-1,-3.031867E2,-1.275753E2
9.259250E-1,-3.079160E2,-1.320742E2
9.300958E-1,-3.114336E2,-1.361794E2
9.342667E-1,-3.143935E2,-1.407840E2
9.384375E-1,-3.159412E2,-1.443175E2
9.426083E-1,-3.169987E2,-1.480256E2
9.467792E-1,-3.172423E2,-1.506227E2
9.509500E-1,-3.167152E2,-1.533696E2
9.551208E-1,-3.156388E2,-1.556115E2
9.592917E-1,-3.136853E2,-1.576771E2
9.634625E-1,-3.107058E2,-1.592288E2
9.676333E-1,-3.070219E2,-1.609040E2
9.718042E-1,-3.022329E2,-1.617178E2
9.759750E-1,-2.967370E2,-1.616679E2
9.801458E-1,-2.907743E2,-1.619417E2
9.843167E-1,-2.828814E2,-1.611485E2
9.884875E-1,-2.750908E2,-1.607740E2
9.926583E-1,-2.653482E2,-1.598377E2
9.968292E-1,-2.550122E2,-1.574351E2
1.001000E0,-2.442945E2,-1.548876E2
1.005171E0,-2.316727E2,-1.514926E2
1.009342E0,-2.191579E2,-1.479148E2
1.013513E0,-2.047022E2,-1.424221E2
1.017683E0,-1.890583E2,-1.377438E2
1.021854E0,-1.729058E2,-1.312810E2
1.026025E0,-1.538277E2,-1.249471E2
1.030196E0,-1.359125E2,-1.171219E2
1.034367E0,-1.161118E2,-1.093275E2
1.038537E0,-9.477073E1,-1.005454E2
1.042708E0,-7.342166E1,-8.989607E1
1.046879E0,-5.080084E1,-7.913468E1
1.051050E0,-2.825912E1,-6.721042E1
1.055221E0,-5.110835E0,-5.462089E1
1.059392E0,1.930825E1,-3.964025E1
1.063562E0,4.237906E1,-2.499067E1
1.067733E0,6.466717E1,-9.885444E0
1.071904E0,8.700991E1,5.472604E0
1.076075E0,1.071265E2,2.117188E1
1.080246E0,1.282816E2,3.710980E1
1.084417E0,1.481543E2,5.208051E1
1.088588E0,1.672619E2,6.660332E1
1.092758E0,1.867332E2,8.111226E1
1.096929E0,2.067938E2,9.571034E1
1.101100E0,2.210492E2,1.084301E2
1.105271E0,2.336545E2,1.210420E2
1.109442E0,2.442911E2,1.337647E2
1.113612E0,2.546358E2,1.453474E2
1.117783E0,2.628295E2,1.566264E2
1.121954E0,2.698236E2,1.665965E2
1.126125E0,2.764270E2,1.751085E2
1.130296E0,2.847081E2,1.743837E2
1.134467E0,2.898274E2,1.808150E2
1.138637E0,2.940106E2,1.867478E2
1.142808E0,2.974294E2,1.927557E2
1.146979E0,2.997554E2,1.976339E2
1.151150E0,3.018044E2,2.026817E2
1.155321E0,3.018689E2,2.079583E2
1.159492E0,3.016667E2,2.102172E2
1.163662E0,3.006129E2,2.123557E2
1.167833E0,2.990279E2,2.141118E2
1.172004E0,2.961242E2,2.153690E2
1.176175E0,2.927634E2,2.151793E2
1.180346E0,2.880246E2,2.164678E2
1.184517E0,2.828577E2,2.129066E2
1.188687E0,2.769888E2,2.111357E2
1.192858E0,2.698839E2,2.091868E2
1.197029E0,2.615892E2,2.059119E2
1.201200E0,2.524878E2,2.018326E2
1.205371E0,2.421763E2,1.961722E2
1.209542E0,2.309415E2,1.908939E2
1.213713E0,2.170229E2,1.843229E2
1.217883E0,2.014273E2,1.767489E2
1.222054E0,1.869574E2,1.679830E2
1.226225E0,1.722832E2,1.594256E2
1.230396E0,1.555322E2,1.491326E2
1.234567E0,1.365887E2,1.383649E2
1.238738E0,1.227804E2,1.352363E2
1.242908E0,1.018976E2,1.212799E2
1.247079E0,8.115676E1,1.071698E2
1.251250E0,5.917862E1,9.126523E1
1.255421E0,3.772047E1,7.366903E1
1.259592E0,1.575651E1,5.682287E1
1.263763E0,-5.881442E0,3.911807E1
1.267933E0,-2.706675E1,2.086226E1
1.272104E0,-4.517435E1,1.544255E0
1.276275E0,-6.532017E1,-1.695611E1
1.280446E0,-8.298579E1,-3.483368E1
1.284617E0,-9.836347E1,-5.275765E1
1.288787E0,-1.141601E2,-6.885752E1
1.292958E0,-1.293608E2,-8.488358E1
1.297129E0,-1.422459E2,-1.005129E2
1.301300E0,-1.541670E2,-1.164808E2
1.305471E0,-1.658295E2,-1.303421E2
1.309642E0,-1.759578E2,-1.443445E2
1.313813E0,-1.855064E2,-1.572231E2
1.317983E0,-1.931050E2,-1.687881E2
1.322154E0,-2.013122E2,-1.789058E2
1.326325E0,-2.080994E2,-1.878772E2
1.330496E0,-2.137062E2,-1.979176E2
1.334667E0,-2.187297E2,-2.044926E2
1.338838E0,-2.221354E2,-2.124854E2
1.343008E0,-2.255201E2,-2.197260E2
1.347179E0,-2.275628E2,-2.257099E2
1.351350E0,-2.290011E2,-2.310323E2
1.355521E0,-2.302614E2,-2.353079E2
1.359692E0,-2.310517E2,-2.405411E2
1.363862E0,-2.313321E2,-2.436235E2
1.368033E0,-2.301907E2,-2.463696E2
1.372204E0,-2.287721E2,-2.490849E2
1.376375E0,-2.274896E2,-2.493083E2
1.380546E0,-2.244269E2,-2.507344E2
1.384717E0,-2.210931E2,-2.507495E2
1.388888E0,-2.175464E2,-2.503852E2
1.393058E0,-2.128720E2,-2.492943E2
1.397229E0,-2.078039E2,-2.472971E2
1.401400E0,-2.028967E2,-2.447347E2
1.405571E0,-1.970209E2,-2.411960E2
1.409742E0,-1.903187E2,-2.367952E2
1.413912E0,-1.823218E2,-2.316154E2
1.418083E0,-1.736619E2,-2.260361E2
1.422254E0,-1.648887E2,-2.192780E2
1.426425E0,-1.554919E2,-2.129800E2
1.430596E0,-1.438227E2,-2.043202E2
1.434767E0,-1.333237E2,-1.944327E2
1.438937E0,-1.215341E2,-1.832111E2
1.443108E0,-1.086939E2,-1.708569E2
1.447279E0,-9.510358E1,-1.568096E2
1.451450E0,-8.163103E1,-1.427568E2
1.455621E0,-6.740305E1,-1.269918E2
1.459792E0,-5.290336E1,-1.109271E2
1.463963E0,-3.891507E1,-9.250021E1
1.468133E0,-2.250988E1,-7.484637E1
1.472304E0,-6.256538E0,-5.501315E1
1.476475E0,1.098101E1,-3.507178E1
1.480646E0,2.844099E1,-1.470789E1
1.484817E0,4.280093E1,6.989062E0
1.488987E0,5.884552E1,2.841987E1
1.493158E0,7.244569E1,5.018018E1
1.497329E0,8.833028E1,6.979680E1
1.501500E0,1.009136E2,9.108819E1
1.505671E0,1.145151E2,1.112513E2
1.509842E0,1.266217E2,1.294472E2
1.514012E0,1.382091E2,1.473008E2
1.518183E0,1.490413E2,1.651865E2
1.522354E0,1.587622E2,1.815281E2
1.526525E0,1.686620E2,1.953031E2
1.530696E0,1.769328E2,2.095147E2
1.534867E0,1.826968E2,2.217454E2
1.539037E0,1.883334E2,2.339651E2
1.543208E0,1.924341E2,2.451531E2
1.547379E0,1.957096E2,2.552340E2
1.551550E0,1.984817E2,2.629041E2
1.555721E0,2.003764E2,2.709343E2
1.559892E0,2.019052E2,2.773012E2
1.564062E0,2.031118E2,2.826414E2
1.568233E0,2.034955E2,2.858790E2
1.572404E0,2.043361E2,2.889804E2
1.576575E0,2.037162E2,2.921005E2
1.580746E0,2.026919E2,2.930857E2
1.584917E0,2.018434E2,2.932444E2
1.589087E0,1.994537E2,2.930484E2
1.593258E0,1.969273E2,2.924680E2
1.597429E0,1.936724E2,2.903556E2
1.601600E0,1.894867E2,2.878489E2
1.605771E0,1.850644E2,2.845588E2
1.609942E0,1.794682E2,2.788182E2
1.614113E0,1.739197E2,2.732110E2
1.618283E0,1.672047E2,2.663799E2
1.622454E0,1.595888E2,2.578096E2
1.626625E0,1.513255E2,2.488540E2
1.630796E0,1.424872E2,2.387624E2
1.634967E0,1.328904E2,2.269390E2
1.639138E0,1.234642E2,2.134067E2
1.643308E0,1.111342E2,1.975397E2
1.647479E0,9.890896E1,1.830282E2
1.651650E0,8.308511E1,1.655676E2
1.655821E0,7.199117E1,1.454329E2
1.659992E0,5.773948E1,1.271084E2
1.664163E0,4.290449E1,1.057810E2
1.668333E0,2.893417E1,8.485882E1
1.672504E0,1.515155E1,6.157807E1
1.676675E0,2.503650E0,3.731160E1
1.680846E0,-1.228679E1,1.424993E1
1.685017E0,-2.295465E1,-1.029274E1
1.689188E0,-3.627991E1,-3.283496E1
1.693358E0,-4.719223E1,-5.466609E1
1.697529E0,-5.935599E1,-7.597875E1
1.701700E0,-6.964859E1,-9.612138E1
1.705871E0,-8.288776E1,-1.143195E2
1.710042E0,-9.214358E1,-1.334999E2
1.714213E0,-9.891647E1,-1.503982E2
1.718383E0,-1.030901E2,-1.684395E2
1.722554E0,-1.095118E2,-1.848291E2
1.726725E0,-1.110102E2,-2.005455E2
1.730896E0,-1.154476E2,-2.146943E2
1.735067E0,-1.203392E2,-2.270201E2
1.739237E0,-1.234195E2,-2.386294E2
1.743408E0,-1.272710E2,-2.485983E2
1.747579E0,-1.298822E2,-2.586035E2
1.751750E0,-1.330064E2,-2.666585E2
1.755921E0,-1.340466E2,-2.735411E2
1.760092E0,-1.354170E2,-2.804797E2
1.764263E0,-1.362217E2,-2.851054E2
1.768433E0,-1.381957E2,-2.892451E2
1.772604E0,-1.381462E2,-2.926718E2
1.776775E0,-1.386365E2,-2.950801E2
1.780946E0,-1.394414E2,-2.968711E2
1.785117E0,-1.382704E2,-2.976707E2
1.789288E0,-1.371104E2,-2.979119E2
1.793458E0,-1.358316E2,-2.975942E2
1.797629E0,-1.339924E2,-2.959206E2
1.801800E0,-1.321698E2,-2.931916E2
1.805971E0,-1.291238E2,-2.902785E2
1.810142E0,-1.267426E2,-2.870265E2
1.814312E0,-1.236818E2,-2.812405E2
1.818483E0,-1.196871E2,-2.752189E2
1.822654E0,-1.154039E2,-2.686648E2
1.826825E0,-1.110170E2,-2.616178E2
1.830996E0,-1.057262E2,-2.524473E2
1.835167E0,-1.010197E2,-2.426998E2
1.839338E0,-9.484372E1,-2.324995E2
1.843508E0,-8.881120E1,-2.194312E2
1.847679E0,-8.142724E1,-2.067262E2
1.851850E0,-7.535919E1,-1.909564E2
1.856021E0,-6.844916E1,-1.749114E2
1.860192E0,-6.016558E1,-1.588363E2
1.864362E0,-5.197625E1,-1.405763E2
1.868533E0,-4.533693E1,-1.208943E2
1.872704E0,-3.618700E1,-1.015505E2
1.876875E0,-3.126636E1,-8.014722E1
1.881046E0,-1.743380E1,-5.795363E1
1.885217E0,-6.921611E0,-3.633134E1
1.889387E0,2.751693E0,-1.209648E1
1.893558E0,1.273378E1,1.316938E1
1.897729E0,2.212038E1,3.729632E1
1.901900E0,3.122895E1,6.166631E1
1.906071E0,4.033025E1,8.495089E1
1.910242E0,5.069456E1,1.076278E2
1.914413E0,6.036493E1,1.288899E2
1.918583E0,6.881936E1,1.503088E2
1.922754E0,7.603708E1,1.690908E2
1.926925E0,8.420425E1,1.876167E2
1.931096E0,9.133559E1,2.030561E2
1.935267E0,9.965715E1,2.174948E2
1.939437E0,1.053987E2,2.315234E2
1.943608E0,1.107670E2,2.453654E2
1.947779E0,1.151777E2,2.572150E2
1.951950E0,1.195745E2,2.681066E2
1.956121E0,1.232601E2,2.776558E2
1.960292E0,1.255617E2,2.852611E2
1.964463E0,1.277959E2,2.930257E2
1.968633E0,1.295266E2,2.992065E2
1.972804E0,1.311387E2,3.046187E2
1.976975E0,1.316828E2,3.083133E2
1.981146E0,1.320646E2,3.124903E2
1.985317E0,1.323615E2,3.138521E2
1.989487E0,1.317401E2,3.153999E2
1.993658E0,1.313487E2,3.149147E2
1.997829E0,1.296350E2,3.148778E2
2.002000E0,1.275783E2,3.129412E2
2.006171E0,1.255152E2,3.101274E2
2.010342E0,1.235124E2,3.060497E2
2.014512E0,1.195604E2,3.011105E2
2.018683E0,1.162021E2,2.945754E2
2.022854E0,1.117352E2,2.871796E2
2.027025E0,1.073265E2,2.788200E2
2.031196E0,1.008758E2,2.710004E2
2.035367E0,9.627085E1,2.593951E2
2.039538E0,8.951142E1,2.470304E2
2.043708E0,8.302351E1,2.334381E2
2.047879E0,7.540219E1,2.188153E2
2.052050E0,6.736822E1,2.028172E2
2.056221E0,5.833895E1,1.850816E2
2.060392E0,4.849237E1,1.667672E2
2.064563E0,3.932822E1,1.468873E2
2.068733E0,2.972099E1,1.253564E2
2.072904E0,1.957930E1,1.015404E2
2.077075E0,1.091315E1,7.734205E1
2.081246E0,1.843840E0,5.356898E1
2.085417E0,-7.056993E0,2.781865E1
2.089587E0,-1.539956E1,2.082719E0
2.093758E0,-2.215005E1,-2.245481E1
2.097929E0,-2.829702E1,-4.668759E1
2.102100E0,-3.548927E1,-6.943728E1
2.106271E0,-4.143127E1,-9.156928E1
2.110442E0,-4.758147E1,-1.125558E2
2.114613E0,-5.492046E1,-1.324521E2
2.118783E0,-5.949929E1,-1.508746E2
2.122954E0,-6.489694E1,-1.688845E2
2.127125E0,-6.957325E1,-1.852630E2
2.131296E0,-7.287898E1,-2.007197E2
2.135467E0,-7.134438E1,-2.167787E2
2.139637E0,-7.094643E1,-2.306891E2
2.143808E0,-7.310046E1,-2.430202E2
2.147979E0,-7.526885E1,-2.548225E2
2.152150E0,-7.311695E1,-2.664594E2
2.156321E0,-7.512722E1,-2.759012E2
2.160492E0,-7.532204E1,-2.837947E2
2.164662E0,-7.639954E1,-2.906470E2
2.168833E0,-7.750469E1,-2.959530E2
2.173004E0,-7.708362E1,-3.006042E2
2.177175E0,-7.706649E1,-3.045555E2
2.181346E0,-7.651130E1,-3.077808E2
2.185517E0,-7.633155E1,-3.097566E2
2.189687E0,-7.521702E1,-3.105234E2
2.193858E0,-7.397430E1,-3.105501E2
2.198029E0,-7.413000E1,-3.100720E2
2.202200E0,-7.269815E1,-3.079039E2
2.206371E0,-7.005616E1,-3.049430E2
2.210542E0,-7.096228E1,-3.009276E2
2.214713E0,-6.816541E1,-2.968110E2
2.218883E0,-6.585590E1,-2.914848E2
2.223054E0,-6.375508E1,-2.857113E2
2.227225E0,-6.133300E1,-2.787254E2
2.231396E0,-5.713500E1,-2.706901E2
2.235567E0,-5.313317E1,-2.615774E2
2.239738E0,-5.146372E1,-2.509933E2
2.243908E0,-5.097286E1,-2.365545E2
2.248079E0,-4.632358E1,-2.249582E2
2.252250E0,-4.132550E1,-2.105213E2
2.256421E0,-4.264272E1,-1.945179E2
2.260592E0,-4.085463E1,-1.774015E2
2.264762E0,-3.812623E1,-1.604636E2
2.268933E0,-3.274116E1,-1.419088E2
2.273104E0,-2.677015E1,-1.222198E2
2.277275E0,-2.009809E1,-1.015778E2
2.281446E0,-9.319397E0,-7.948222E1
2.285617E0,-2.093806E0,-5.679211E1
2.289788E0,2.023067E0,-3.309174E1
2.293958E0,6.554708E0,-8.513872E0
2.298129E0,1.185008E1,1.694087E1
2.302300E0,1.849216E1,4.215814E1
2.306471E0,2.273819E1,6.681617E1
2.310642E0,2.684188E1,9.126435E1
2.314812E0,3.032687E1,1.138836E2
2.318983E0,3.468321E1,1.358407E2
2.323154E0,4.060252E1,1.572809E2
2.327325E0,4.441748E1,1.769301E2
2.331496E0,4.888521E1,1.951135E2
2.335667E0,5.171766E1,2.130834E2
2.339838E0,5.574267E1,2.271283E2
2.344008E0,6.088882E1,2.412301E2
2.348179E0,6.365090E1,2.535569E2
2.352350E0,6.500975E1,2.652616E2
2.356521E0,6.744078E1,2.752312E2
2.360692E0,6.814089E1,2.854921E2
2.364863E0,6.941368E1,2.931633E2
2.369033E0,7.015626E1,3.012673E2
2.373204E0,6.994366E1,3.071500E2
2.377375E0,7.000596E1,3.120143E2
2.381546E0,7.062832E1,3.153450E2
2.385717E0,7.098909E1,3.175485E2
2.389887E0,6.852711E1,3.198692E2
2.394058E0,6.817289E1,3.206520E2
2.398229E0,6.682439E1,3.194869E2
2.402400E0,6.486302E1,3.189869E2
2.406571E0,6.322546E1,3.166879E2
2.410742E0,6.077255E1,3.120889E2
2.414912E0,5.879194E1,3.072428E2
2.419083E0,5.702868E1,3.013830E2
2.423254E0,5.455437E1,2.934604E2
2.427425E0,5.052266E1,2.854620E2
2.431596E0,4.764089E1,2.756320E2
2.435767E0,4.356365E1,2.654043E2
2.439938E0,3.975216E1,2.535752E2
2.444108E0,3.554968E1,2.398095E2
2.448279E0,2.995637E1,2.263467E2
2.452450E0,2.578785E1,2.095467E2
2.456621E0,1.995090E1,1.931783E2
2.460792E0,1.555442E1,1.739374E2
2.464962E0,1.074120E1,1.535280E2
2.469133E0,6.452025E0,1.313485E2
2.473304E0,-1.338005E0,1.070508E2
2.477475E0,-5.549184E0,8.356791E1
2.481646E0,-8.839751E0,5.906017E1
2.485817E0,-1.292932E1,3.335745E1
2.489988E0,-1.429463E1,7.522645E0
2.494158E0,-1.615142E1,-1.849291E1
2.498329E0,-1.715105E1,-4.293040E1
2.502500E0,-1.899959E1,-6.655788E1
2.506671E0,-1.952203E1,-8.931909E1
2.510842E0,-1.922193E1,-1.098710E2
2.515012E0,-2.051082E1,-1.305373E2
2.519183E0,-2.201072E1,-1.497086E2
2.523354E0,-2.207497E1,-1.679598E2
2.527525E0,-2.239520E1,-1.846555E2
2.531696E0,-2.245923E1,-2.012252E2
2.535867E0,-2.355628E1,-2.159276E2
2.540037E0,-2.712055E1,-2.305165E2
2.544208E0,-2.358076E1,-2.425278E2
2.548379E0,-1.619039E1,-2.548290E2
2.552550E0,-1.558497E1,-2.648816E2
2.556721E0,-1.030880E1,-2.746392E2
2.560892E0,-9.865007E0,-2.833287E2
2.565062E0,-9.454447E0,-2.900625E2
2.569233E0,-7.630407E0,-2.964779E2
2.573404E0,-5.857005E0,-3.007352E2
2.577575E0,-6.420466E0,-3.044356E2
2.581746E0,-6.305583E0,-3.070949E2
2.585917E0,-5.014281E0,-3.083228E2
2.590088E0,-6.922116E0,-3.089474E2
2.594258E0,-5.539234E0,-3.086119E2
2.598429E0,-4.577269E0,-3.074990E2
2.602600E0,-3.809190E0,-3.055498E2
2.606771E0,-2.941170E0,-3.025234E2
2.610942E0,-4.915939E0,-2.985133E2
2.615113E0,-4.976716E0,-2.935347E2
2.619283E0,3.912268E-1,-2.888089E2
2.623454E0,2.499373E0,-2.818473E2
2.627625E0,2.584751E0,-2.739969E2
2.631796E0,1.466966E0,-2.648117E2
2.635967E0,2.000298E0,-2.546584E2
2.640137E0,7.007726E-1,-2.427040E2
2.644308E0,-3.305924E0,-2.290760E2
2.648479E0,-5.155439E0,-2.164556E2
2.652650E0,-5.518573E0,-2.013264E2
2.656821E0,-5.580626E0,-1.864808E2
2.660992E0,-4.643920E0,-1.687780E2
2.665163E0,-3.553323E0,-1.506201E2
2.669333E0,-1.898182E0,-1.311971E2
2.673504E0,-1.232356E0,-1.109799E2
2.677675E0,5.103430E-1,-8.888014E1
2.681846E0,3.867469E0,-6.716441E1
2.686017E0,4.984359E0,-4.345624E1
2.690187E0,5.912520E0,-1.911210E1
2.694358E0,2.843166E0,5.122409E0
2.698529E0,3.566483E0,3.120095E1
2.702700E0,2.679903E0,5.467399E1
2.706871E0,2.039048E0,7.890360E1
2.711042E0,2.691700E0,1.029642E2
2.715213E0,1.971736E0,1.251783E2
2.719383E0,3.071313E0,1.455699E2
2.723554E0,3.530591E0,1.653050E2
2.727725E0,5.286381E0,1.834860E2
2.731896E0,5.354184E0,2.011467E2
2.736067E0,6.004990E0,2.171845E2
2.740238E0,6.066785E0,2.315864E2
2.744408E0,6.153242E0,2.452207E2
2.748579E0,6.347184E0,2.573464E2
2.752750E0,6.831110E0,2.688507E2
2.756921E0,6.477065E0,2.788571E2
2.761092E0,7.407432E0,2.870151E2
2.765262E0,9.188520E0,2.935586E2
2.769433E0,8.802786E0,2.993618E2
2.773604E0,9.814860E0,3.041228E2
2.777775E0,9.398907E0,3.079312E2
2.781946E0,9.979179E0,3.107214E2
2.786117E0,9.247901E0,3.123441E2
2.790287E0,8.878698E0,3.130336E2
2.794458E0,9.076661E0,3.124531E2
2.798629E0,7.944950E0,3.110185E2
2.802800E0,7.908763E0,3.082120E2
2.806971E0,6.396419E0,3.047879E2
2.811142E0,7.284500E0,2.991648E2
2.815313E0,6.450074E0,2.928075E2
2.819483E0,5.233237E0,2.865926E2
2.823654E0,3.561308E0,2.778819E2
2.827825E0,3.056342E0,2.685939E2
2.831996E0,2.484482E0,2.568466E2
2.836167E0,1.280519E0,2.449982E2
2.840337E0,7.781819E-1,2.312937E2
2.844508E0,-3.498915E-1,2.158590E2
2.848679E0,-1.104576E0,1.993703E2
2.852850E0,-1.641779E0,1.812287E2
2.857021E0,-2.615163E0,1.630899E2
2.861192E0,-5.139736E0,1.428988E2
2.865363E0,-6.471721E0,1.210127E2
2.869533E0,-6.320477E0,9.572269E1
2.873704E0,-5.865525E0,7.296388E1
2.877875E0,-4.977431E0,4.839727E1
2.882046E0,-2.947138E0,2.288180E1
2.886217E0,-1.492609E0,-2.450724E0
2.890387E0,2.620269E0,-2.730482E1
2.894558E0,6.177576E0,-5.096287E1
2.898729E0,6.810396E0,-7.270393E1
2.902900E0,8.946595E0,-9.430072E1
2.907071E0,1.031373E1,-1.147457E2
2.911242E0,1.261600E1,-1.347049E2
2.915412E0,1.461330E1,-1.521016E2
2.919583E0,1.865760E1,-1.700500E2
2.923754E0,1.692038E1,-1.859899E2
2.927925E0,2.116599E1,-2.006221E2
2.932096E0,2.265889E1,-2.146753E2
2.936267E0,2.305452E1,-2.270025E2
2.940437E0,2.507891E1,-2.388265E2
2.944608E0,2.682276E1,-2.491213E2
2.948779E0,2.872071E1,-2.589921E2
2.952950E0,3.153107E1,-2.680263E2
2.957121E0,3.248823E1,-2.756167E2
2.961292E0,3.300913E1,-2.814169E2
2.965463E0,3.311458E1,-2.868472E2
2.969633E0,3.228666E1,-2.912041E2
2.973804E0,3.236704E1,-2.940552E2
2.977975E0,3.276722E1,-2.956600E2
2.982146E0,3.276958E1,-2.970341E2
2.986317E0,3.238498E1,-2.967000E2
2.990487E0,3.157531E1,-2.962703E2
2.994658E0,3.074628E1,-2.951461E2
2.998829E0,2.936873E1,-2.923424E2
3.003000E0,2.927223E1,-2.886813E2
3.007171E0,2.792122E1,-2.845716E2
3.011342E0,2.638267E1,-2.791541E2
3.015512E0,2.598955E1,-2.723760E2
3.019683E0,2.390066E1,-2.646852E2
3.023854E0,2.120453E1,-2.555903E2
3.028025E0,1.893734E1,-2.454135E2
3.032196E0,1.735519E1,-2.349268E2
3.036367E0,1.638313E1,-2.228965E2
3.040538E0,1.480812E1,-2.089155E2
3.044708E0,1.328001E1,-1.944090E2
3.048879E0,1.038675E1,-1.791036E2
3.053050E0,9.120470E0,-1.624978E2
3.057221E0,5.070712E0,-1.446300E2
3.061392E0,1.502141E0,-1.257539E2
3.065562E0,3.717622E-1,-1.061209E2
3.069733E0,-2.052679E0,-8.508746E1
3.073904E0,-4.437526E0,-6.310939E1
3.078075E0,-6.558792E0,-4.134278E1
3.082246E0,-1.018721E1,-1.859908E1
3.086417E0,-1.147618E1,6.300385E0
3.090588E0,-1.195118E1,3.020286E1
3.094758E0,-1.124338E1,5.402700E1
3.098929E0,-1.082268E1,7.774525E1
3.103100E0,-1.144110E1,9.950300E1
3.107271E0,-1.032807E1,1.213889E2
3.111442E0,-8.852155E0,1.416977E2
3.115613E0,-6.948709E0,1.611962E2
3.119783E0,-5.443735E0,1.793233E2
3.123954E0,-2.797326E0,1.956241E2
3.128125E0,-1.080008E0,2.110860E2
3.132296E0,8.374156E-1,2.253214E2
3.136467E0,2.677449E0,2.374472E2
3.140637E0,4.807752E0,2.496757E2
3.144808E0,6.643364E0,2.596242E2
3.148979E0,8.602760E0,2.689552E2
3.153150E0,1.000118E1,2.773031E2
3.157321E0,1.168915E1,2.844282E2
3.161492E0,1.365534E1,2.893674E2
3.165662E0,1.582015E1,2.934801E2
3.169833E0,1.638462E1,2.968986E2
3.174004E0,1.821657E1,2.995334E2
3.178175E0,1.930650E1,2.999151E2
3.182346E0,2.048286E1,3.002887E2
3.186517E0,2.081855E1,2.994750E2
3.190688E0,2.187285E1,2.973174E2
3.194858E0,2.276119E1,2.934606E2
3.199029E0,2.269714E1,2.893906E2
3.203200E0,2.252206E1,2.840304E2
3.207371E0,2.308496E1,2.775047E2
3.211542E0,2.369262E1,2.694570E2
3.215712E0,2.259221E1,2.610000E2
3.219883E0,2.275201E1,2.509672E2
3.224054E0,2.259367E1,2.389472E2
3.228225E0,2.296994E1,2.254998E2
3.232396E0,2.243440E1,2.117577E2
3.236567E0,2.097633E1,1.961188E2
3.240738E0,1.900871E1,1.790838E2
3.244908E0,1.841743E1,1.611166E2
3.249079E0,1.716560E1,1.414277E2
3.253250E0,1.573185E1,1.207940E2
3.257421E0,1.503408E1,9.804416E1
3.261592E0,1.459482E1,7.501655E1
3.265763E0,1.227673E1,5.093163E1
3.269933E0,1.056988E1,2.693263E1
3.274104E0,9.251673E0,1.933578E0
3.278275E0,7.264535E0,-2.119287E1
3.282446E0,5.506016E0,-4.462394E1
3.286617E0,2.729979E0,-6.593653E1
3.290787E0,4.092299E-1,-8.695126E1
3.294958E0,-2.797059E0,-1.064208E2
3.299129E0,-4.478466E0,-1.257082E2
3.303300E0,-7.105562E0,-1.430862E2
3.307471E0,-8.886147E0,-1.594612E2
3.311642E0,-1.884565E1,-1.757549E2
3.315812E0,-1.892537E1,-1.901644E2
3.319983E0,-2.122364E1,-2.042169E2
3.324154E0,-2.319639E1,-2.155555E2
3.328325E0,-1.761868E1,-2.271491E2
3.332496E0,-1.608720E1,-2.385562E2
3.336667E0,-1.558246E1,-2.479643E2
3.340838E0,-1.706948E1,-2.558233E2
3.345008E0,-1.904882E1,-2.629148E2
3.349179E0,-1.950307E1,-2.687121E2
3.353350E0,-2.146796E1,-2.732562E2
3.357521E0,-2.103350E1,-2.765645E2
3.361692E0,-2.309669E1,-2.796795E2
3.365862E0,-2.347353E1,-2.819859E2
3.370033E0,-2.477463E1,-2.823822E2
3.374204E0,-2.535858E1,-2.828452E2
3.378375E0,-2.589321E1,-2.819046E2
3.382546E0,-2.627198E1,-2.800085E2
3.386717E0,-2.613526E1,-2.769070E2
3.390888E0,-2.659137E1,-2.728410E2
3.395058E0,-2.560590E1,-2.679095E2
3.399229E0,-2.632658E1,-2.625385E2
3.403400E0,-2.659435E1,-2.551890E2
3.407571E0,-2.697581E1,-2.467060E2
3.411742E0,-2.758381E1,-2.371476E2
3.415913E0,-2.735854E1,-2.270857E2
3.420083E0,-2.530572E1,-2.164634E2
3.424254E0,-2.420179E1,-2.045403E2
3.428425E0,-2.349473E1,-1.909856E2
3.432596E0,-2.301604E1,-1.765438E2
3.436767E0,-2.230312E1,-1.607052E2
3.440937E0,-2.549030E1,-1.426003E2
3.445108E0,-2.221097E1,-1.248120E2
3.449279E0,-1.911642E1,-1.066211E2
3.453450E0,-1.684935E1,-8.688177E1
3.457621E0,-1.410052E1,-6.599571E1
3.461792E0,-1.121106E1,-4.502162E1
3.465963E0,-7.324866E0,-2.271841E1
3.470133E0,-3.657076E0,-4.699418E-1
3.474304E0,-8.727861E-1,2.319475E1
3.478475E0,3.831242E0,4.559477E1
3.482646E0,8.636016E0,6.748014E1
3.486817E0,1.248498E1,8.923586E1
3.490988E0,1.831688E1,1.093473E2
3.495158E0,2.249613E1,1.294231E2
3.499329E0,2.657762E1,1.470262E2
3.503500E0,3.086080E1,1.645016E2
3.507671E0,3.506878E1,1.802363E2
3.511842E0,4.101510E1,1.950184E2
3.516013E0,4.488200E1,2.074147E2
3.520183E0,4.852225E1,2.196573E2
3.524354E0,5.170881E1,2.310674E2
3.528525E0,5.395845E1,2.411204E2
3.532696E0,5.654152E1,2.503086E2
3.536867E0,5.977864E1,2.574406E2
3.541037E0,6.062514E1,2.648178E2
3.545208E0,6.223519E1,2.705920E2
3.549379E0,6.331073E1,2.742687E2
3.553550E0,6.385906E1,2.778296E2
3.557721E0,6.442212E1,2.799085E2
3.561892E0,6.475950E1,2.809761E2
3.566063E0,6.474392E1,2.810024E2
3.570233E0,6.497790E1,2.799337E2
3.574404E0,6.481089E1,2.776745E2
3.578575E0,6.374912E1,2.741413E2
3.582746E0,6.215995E1,2.700788E2
3.586917E0,6.053494E1,2.641376E2
3.591087E0,5.949025E1,2.570463E2
3.595258E0,5.730119E1,2.491131E2
3.599429E0,5.520752E1,2.406000E2
3.603600E0,5.133017E1,2.301997E2
3.607771E0,4.756026E1,2.188222E2
3.611942E0,4.526505E1,2.056009E2
3.616113E0,4.072601E1,1.915197E2
3.620283E0,3.629241E1,1.768700E2
3.624454E0,3.096169E1,1.612563E2
3.628625E0,2.686434E1,1.431129E2
3.632796E0,2.174717E1,1.236170E2
3.636967E0,1.753597E1,1.034413E2
3.641138E0,1.185862E1,8.134598E1
3.645308E0,7.031657E0,5.928119E1
3.649479E0,1.531434E0,3.686503E1
3.653650E0,-2.609449E0,1.291523E1
3.657821E0,-5.814224E0,-9.884434E0
3.661992E0,-9.523728E0,-3.272342E1
3.666162E0,-1.116543E1,-5.442462E1
3.670333E0,-1.522691E1,-7.503693E1
3.674504E0,-1.900886E1,-9.335520E1
3.678675E0,-2.821130E1,-1.118037E2
3.682846E0,-3.075909E1,-1.287774E2
3.687017E0,-3.385196E1,-1.449265E2
3.691187E0,-3.695737E1,-1.608526E2
3.695358E0,-3.839204E1,-1.747182E2
3.699529E0,-3.896402E1,-1.877809E2
3.703700E0,-3.933138E1,-1.995949E2
3.707871E0,-3.722513E1,-2.108603E2
3.712042E0,-3.335348E1,-2.226992E2
3.716213E0,-3.316776E1,-2.317785E2
3.720383E0,-3.186733E1,-2.405403E2
3.724554E0,-3.085104E1,-2.483424E2
3.728725E0,-3.126858E1,-2.546928E2
3.732896E0,-3.165365E1,-2.595535E2
3.737067E0,-3.079229E1,-2.633733E2
3.741237E0,-3.084711E1,-2.663389E2
3.745408E0,-3.104141E1,-2.685514E2
3.749579E0,-3.062338E1,-2.699937E2
3.753750E0,-3.116172E1,-2.690499E2
3.757921E0,-3.088512E1,-2.675842E2
3.762092E0,-3.012973E1,-2.654351E2
3.766263E0,-2.936628E1,-2.631182E2
3.770433E0,-2.819643E1,-2.587930E2
3.774604E0,-2.666891E1,-2.546735E2
3.778775E0,-2.473963E1,-2.485270E2
3.782946E0,-2.382512E1,-2.416496E2
3.787117E0,-2.389782E1,-2.335789E2
3.791287E0,-2.344821E1,-2.239785E2
3.795458E0,-2.088827E1,-2.133077E2
3.799629E0,-1.956496E1,-2.020721E2
3.803800E0,-1.788081E1,-1.896397E2
3.807971E0,-1.627112E1,-1.766350E2
3.812142E0,-1.868406E1,-1.607739E2
3.816312E0,-1.229861E1,-1.466099E2
3.820483E0,-1.139784E1,-1.291135E2
3.824654E0,-7.475210E0,-1.126000E2
3.828825E0,-5.570988E0,-9.475665E1
3.832996E0,-3.085899E0,-7.436520E1
3.837167E0,-1.422412E0,-5.523650E1
3.841338E0,8.734620E-1,-3.457726E1
3.845508E0,3.759367E0,-1.250842E1
3.849679E0,5.634763E0,1.027087E1
3.853850E0,8.617991E0,3.325827E1
3.858021E0,1.029362E1,5.504321E1
3.862192E0,1.274747E1,7.570967E1
3.866363E0,1.378035E1,9.713399E1
3.870533E0,1.561124E1,1.158269E2
3.874704E0,1.776501E1,1.347382E2
3.878875E0,1.933896E1,1.528498E2
3.883046E0,2.127976E1,1.691758E2
3.887217E0,2.251509E1,1.839316E2
3.891388E0,2.631483E1,1.972086E2
3.895558E0,2.904360E1,2.095585E2
3.899729E0,2.893048E1,2.209548E2
3.903900E0,3.078060E1,2.312227E2
3.908071E0,3.248984E1,2.393853E2
3.912242E0,3.278315E1,2.477693E2
3.916412E0,3.322327E1,2.546375E2
3.920583E0,3.368271E1,2.602350E2
3.924754E0,3.287714E1,2.648992E2
3.928925E0,3.336612E1,2.679846E2
3.933096E0,3.283824E1,2.708783E2
3.937267E0,3.260060E1,2.718190E2
3.941438E0,3.296331E1,2.717023E2
3.945608E0,3.161236E1,2.699683E2
3.949779E0,3.055480E1,2.682563E2
3.953950E0,2.988569E1,2.651437E2
3.958121E0,2.833096E1,2.600435E2
3.962292E0,2.715448E1,2.550060E2
3.966463E0,2.566567E1,2.473403E2
3.970633E0,2.419794E1,2.395605E2
3.974804E0,2.212359E1,2.304728E2
3.978975E0,1.998178E1,2.200492E2
3.983146E0,1.805678E1,2.083207E2
3.987317E0,1.608968E1,1.954988E2
3.991488E0,1.243771E1,1.828325E2
3.995658E0,9.813762E0,1.668834E2
3.999829E0,7.035230E0,1.492840E2
4.004000E0,4.766141E0,1.312388E2
4.008171E0,1.858282E0,1.130810E2
4.012342E0,4.292792E-1,9.327000E1
4.016513E0,-1.145267E0,7.284912E1
4.020683E0,-2.942348E0,4.985937E1
4.024854E0,-3.386314E0,2.702449E1
4.029025E0,-3.613209E0,3.203635E0
4.033196E0,-3.328450E0,-1.951950E1
4.037367E0,-3.423030E0,-4.009047E1
4.041537E0,-2.778977E0,-6.065621E1
4.045708E0,-3.159939E0,-8.069622E1
4.049879E0,-3.415905E0,-9.788509E1
4.054050E0,-3.300262E0,-1.151484E2
4.058221E0,1.558368E0,-1.326392E2
4.062392E0,2.603100E0,-1.485833E2
4.066562E0,4.477625E0,-1.637681E2
4.070733E0,5.408771E0,-1.776619E2
4.074904E0,3.628869E0,-1.889177E2
4.079075E0,4.963485E0,-2.006661E2
4.083246E0,5.485836E0,-2.109595E2
4.087417E0,7.479096E0,-2.206003E2
4.091588E0,8.593225E0,-2.288112E2
4.095758E0,8.758339E0,-2.356666E2
4.099929E0,9.513427E0,-2.420436E2
4.104100E0,9.781593E0,-2.469239E2
4.108271E0,8.475675E0,-2.509719E2
4.112442E0,9.218365E0,-2.543417E2
4.116613E0,9.640698E0,-2.566827E2
4.120783E0,1.026857E1,-2.577724E2
4.124954E0,1.054214E1,-2.583427E2
4.129125E0,1.070328E1,-2.576651E2
4.133296E0,1.056885E1,-2.556680E2
4.137467E0,1.049176E1,-2.528162E2
4.141637E0,1.052943E1,-2.487664E2
4.145808E0,1.069777E1,-2.438831E2
4.149979E0,1.007028E1,-2.376526E2
4.154150E0,9.382696E0,-2.315338E2
4.158321E0,9.148538E0,-2.234701E2
4.162492E0,8.435858E0,-2.146704E2
4.166663E0,7.352881E0,-2.039623E2
4.170833E0,6.745276E0,-1.925643E2
4.175004E0,4.755537E0,-1.799359E2
4.179175E0,2.925237E0,-1.668031E2
4.183346E0,2.389298E0,-1.527672E2
4.187517E0,9.218250E-1,-1.366624E2
4.191687E0,1.694398E-1,-1.207265E2
4.195858E0,-2.107411E0,-1.030374E2
4.200029E0,-1.175754E0,-8.496568E1
4.204200E0,-1.026485E0,-6.641169E1
4.208371E0,-1.895683E0,-4.675516E1
4.212542E0,-2.537942E0,-2.578172E1
4.216712E0,-4.262858E0,-4.786543E0
4.220883E0,-4.351394E0,1.755164E1
4.225054E0,-3.702470E0,3.883235E1
4.229225E0,-2.425193E0,5.949391E1
4.233396E0,-1.720623E0,8.085204E1
4.237567E0,1.825488E-1,9.970902E1
4.241738E0,6.909964E-1,1.187906E2
4.245908E0,2.609425E0,1.367368E2
4.250079E0,3.866008E0,1.531589E2
4.254250E0,6.453576E0,1.673906E2
4.258421E0,8.860118E0,1.811078E2
4.262592E0,1.037598E1,1.948458E2
4.266762E0,1.233114E1,2.055252E2
4.270933E0,1.470178E1,2.159352E2
4.275104E0,1.503291E1,2.251953E2
4.279275E0,1.650546E1,2.332995E2
4.283446E0,1.868440E1,2.397019E2
4.287617E0,2.036970E1,2.451278E2
4.291788E0,2.172441E1,2.503202E2
4.295958E0,2.267247E1,2.538145E2
4.300129E0,2.414185E1,2.565701E2
4.304300E0,2.388315E1,2.579492E2
4.308471E0,2.456306E1,2.579429E2
4.312642E0,2.519666E1,2.575557E2
4.316813E0,2.507496E1,2.552162E2
4.320983E0,2.515485E1,2.521184E2
4.325154E0,2.492795E1,2.476227E2
4.329325E0,2.477962E1,2.423373E2
4.333496E0,2.460054E1,2.355470E2
4.337667E0,2.455716E1,2.270496E2
4.341837E0,2.293924E1,2.188503E2
4.346008E0,2.203673E1,2.091474E2
4.350179E0,2.159942E1,1.973320E2
4.354350E0,2.069082E1,1.839566E2
4.358521E0,1.710504E1,1.710822E2
4.362692E0,1.715360E1,1.553533E2
4.366862E0,1.508988E1,1.393760E2
4.371033E0,1.275949E1,1.231475E2
4.375204E0,1.268930E1,1.033988E2
4.379375E0,1.083201E1,8.335097E1
4.383546E0,9.229552E0,6.316805E1
4.387717E0,8.531532E0,4.275796E1
4.391888E0,6.525825E0,2.088561E1
4.396058E0,5.252122E0,-1.137262E0
4.400229E0,2.781586E0,-2.301858E1
4.404400E0,9.754159E-1,-4.277499E1
4.408571E0,-1.023500E0,-6.288623E1
4.412742E0,-3.528108E0,-8.106474E1
4.416913E0,-6.849693E0,-9.691343E1
4.421083E0,-1.049528E1,-1.130974E2
4.425254E0,-9.224433E0,-1.283942E2
4.429425E0,-8.922417E0,-1.444217E2
4.433596E0,-9.293830E0,-1.585062E2
4.437767E0,-1.107902E1,-1.707352E2
4.441937E0,-1.215008E1,-1.826250E2
4.446108E0,-1.158303E1,-1.938842E2
4.450279E0,-1.345884E1,-2.029963E2
4.454450E0,-1.526786E1,-2.110289E2
4.458621E0,-1.514745E1,-2.187432E2
4.462792E0,-1.605584E1,-2.250268E2
4.466962E0,-1.573923E1,-2.305016E2
4.471133E0,-1.630527E1,-2.350485E2
4.475304E0,-1.699350E1,-2.380582E2
4.479475E0,-1.784644E1,-2.399788E2
4.483646E0,-1.816849E1,-2.410259E2
4.487817E0,-1.944928E1,-2.411907E2
4.491988E0,-1.801220E1,-2.405762E2
4.496158E0,-1.867295E1,-2.390986E2
4.500329E0,-1.822459E1,-2.366084E2
4.504500E0,-1.915552E1,-2.330619E2
4.508671E0,-1.851433E1,-2.286006E2
4.512842E0,-1.838104E1,-2.231747E2
4.517012E0,-1.750558E1,-2.162317E2
4.521183E0,-1.876638E1,-2.085142E2
4.525354E0,-1.667994E1,-2.007176E2
4.529525E0,-1.682596E1,-1.908395E2
4.533696E0,-1.519716E1,-1.804083E2
4.537867E0,-1.523687E1,-1.688599E2
4.542038E0,-1.539772E1,-1.551734E2
4.546208E0,-1.423155E1,-1.409349E2
4.550379E0,-1.332918E1,-1.268058E2
4.554550E0,-1.150885E1,-1.111627E2
4.558721E0,-9.820206E0,-9.476261E1
4.562892E0,-8.983229E0,-7.677187E1
4.567062E0,-7.634920E0,-5.891082E1
4.571233E0,-4.743585E0,-3.992990E1
4.575404E0,-2.674511E0,-2.009219E1
4.579575E0,-5.091865E-2,5.694529E-1
4.583746E0,2.291877E0,2.176434E1
4.587917E0,6.291295E0,4.242663E1
4.592087E0,8.848220E0,6.162543E1
4.596258E0,1.259732E1,8.122299E1
4.600429E0,1.273622E1,9.905504E1
4.604600E0,1.666579E1,1.168381E2
4.608771E0,1.998789E1,1.329579E2
4.612942E0,2.401279E1,1.475759E2
4.617113E0,2.715318E1,1.613550E2
4.621283E0,2.959741E1,1.748828E2
4.625454E0,3.253884E1,1.869217E2
4.629625E0,3.498525E1,1.970612E2
4.633796E0,3.750137E1,2.051373E2
4.637967E0,4.077036E1,2.135483E2
4.642137E0,4.169329E1,2.208783E2
4.646308E0,4.279311E1,2.271837E2
4.650479E0,4.398238E1,2.315171E2
4.654650E0,4.431676E1,2.351889E2
4.658821E0,4.506683E1,2.384979E2
4.662992E0,4.511119E1,2.399987E2
4.667163E0,4.519644E1,2.411322E2
4.671333E0,4.487788E1,2.404771E2
4.675504E0,4.438977E1,2.382867E2
4.679675E0,4.372546E1,2.352985E2
4.683846E0,4.265495E1,2.314061E2
4.688017E0,4.105969E1,2.265600E2
4.692188E0,3.947052E1,2.204159E2
4.696358E0,3.773330E1,2.132739E2
4.700529E0,3.502651E1,2.049617E2
4.704700E0,3.318293E1,1.953805E2
4.708871E0,3.061711E1,1.838052E2
4.713042E0,2.740574E1,1.721867E2
4.717212E0,2.461763E1,1.593549E2
4.721383E0,1.913827E1,1.452273E2
4.725554E0,1.508562E1,1.295453E2
4.729725E0,1.139738E1,1.131885E2
4.733896E0,8.863440E0,9.546882E1
4.738067E0,5.824769E0,7.619088E1
4.742237E0,3.250799E0,5.714535E1
4.746408E0,-3.200610E-2,3.596154E1
4.750579E0,-2.435008E0,1.442669E1
4.754750E0,-4.389302E0,-5.966296E0
4.758921E0,-5.306019E0,-2.646305E1
4.763092E0,-4.791150E0,-4.539981E1
4.767263E0,-7.226223E0,-6.353835E1
4.771433E0,-8.979465E0,-8.071539E1
4.775604E0,-1.176625E1,-9.671879E1
4.779775E0,-1.143976E1,-1.127564E2
4.783946E0,-9.568363E0,-1.268152E2
4.788117E0,-1.042249E1,-1.406855E2
4.792288E0,-1.137204E1,-1.530319E2
4.796458E0,-1.029219E1,-1.646368E2
4.800629E0,-1.027206E1,-1.759343E2
4.804800E0,-1.018131E1,-1.859353E2
4.808971E0,-1.046180E1,-1.946090E2
4.813142E0,-9.102850E0,-2.023232E2
4.817312E0,-9.464452E0,-2.091557E2
4.821483E0,-8.925858E0,-2.145011E2
4.825654E0,-9.152007E0,-2.195500E2
4.829825E0,-8.252592E0,-2.234303E2
4.833996E0,-8.233699E0,-2.262705E2
4.838167E0,-7.303182E0,-2.284812E2
4.842337E0,-6.937830E0,-2.288183E2
4.846508E0,-6.867377E0,-2.282812E2
4.850679E0,-6.769662E0,-2.270046E2
4.854850E0,-6.742372E0,-2.242825E2
4.859021E0,-5.827792E0,-2.215206E2
4.863192E0,-5.106327E0,-2.169233E2
4.867363E0,-5.322932E0,-2.111925E2
4.871533E0,-5.047216E0,-2.048365E2
4.875704E0,-4.719147E0,-1.978808E2
4.879875E0,-4.173010E0,-1.896895E2
4.884046E0,-2.691342E0,-1.809914E2
4.888217E0,-1.931226E0,-1.694869E2
4.892387E0,-2.521682E0,-1.588921E2
4.896558E0,-2.508984E0,-1.460209E2
4.900729E0,-2.430040E0,-1.320788E2
4.904900E0,-1.326177E0,-1.177184E2
4.909071E0,3.343565E-1,-1.028423E2
4.913242E0,5.800454E-1,-8.674281E1
4.917413E0,-1.246669E0,-6.919482E1
4.921583E0,-1.798508E0,-5.172726E1
4.925754E0,2.393757E-1,-3.340940E1
4.929925E0,9.446470E-1,-1.474460E1
4.934096E0,1.598113E0,5.910314E0
4.938267E0,2.966800E0,2.600148E1
4.942437E0,4.409021E0,4.587905E1
4.946608E0,5.006109E0,6.580344E1
4.950779E0,5.030793E0,8.349014E1
4.954950E0,6.291132E0,1.010961E2
4.959121E0,6.874768E0,1.169005E2
4.963292E0,8.906545E0,1.326856E2
4.967462E0,1.082568E1,1.471013E2
4.971633E0,1.419462E1,1.593048E2
4.975804E0,1.458454E1,1.710283E2
4.979975E0,1.657929E1,1.816597E2
4.984146E0,1.782158E1,1.914077E2
4.988317E0,1.885347E1,1.994745E2
4.992488E0,2.028927E1,2.071273E2
4.996658E0,2.164441E1,2.133071E2
5.000829E0,2.179162E1,2.188473E2
5.005000E0,2.282954E1,2.232934E2
5.009171E0,2.272077E1,2.260159E2
5.013342E0,2.272305E1,2.278269E2
5.017512E0,2.278609E1,2.287995E2
5.021683E0,2.251711E1,2.282040E2
5.025854E0,2.276215E1,2.266658E2
5.030025E0,2.245641E1,2.234420E2
5.034196E0,2.191650E1,2.203483E2
5.038367E0,2.053037E1,2.153956E2
5.042538E0,1.976369E1,2.092085E2
5.046708E0,1.873183E1,2.019605E2
5.050879E0,1.887502E1,1.936791E2
5.055050E0,1.673729E1,1.834202E2
5.059221E0,1.544412E1,1.732130E2
5.063392E0,1.401363E1,1.615831E2
5.067563E0,1.249976E1,1.489530E2
5.071733E0,1.058159E1,1.336327E2
5.075904E0,9.002334E0,1.194149E2
5.080075E0,6.892497E0,1.027444E2
5.084246E0,5.720128E0,8.537311E1
5.088417E0,3.941260E0,6.725914E1
5.092587E0,2.890480E0,4.766061E1
5.096758E0,2.039571E0,2.759769E1
5.100929E0,1.250049E0,6.638798E0
5.105100E0,1.239827E0,-1.313353E1
5.109271E0,6.427278E-1,-3.217734E1
5.113442E0,1.008498E0,-5.039194E1
5.117612E0,1.805016E0,-6.675162E1
5.121783E0,1.091929E0,-8.303191E1
5.125954E0,2.811198E0,-9.862060E1
5.130125E0,3.202899E0,-1.127157E2
5.134296E0,3.875804E0,-1.265786E2
5.138467E0,2.224818E0,-1.386810E2
5.142638E0,2.872761E0,-1.503873E2
5.146808E0,2.568229E0,-1.609983E2
5.150979E0,2.882640E0,-1.704547E2
5.155150E0,2.892729E0,-1.795697E2
5.159321E0,3.262395E0,-1.872771E2
5.163492E0,3.631990E0,-1.946409E2
5.167663E0,2.734948E0,-1.996246E2
5.171833E0,2.752988E0,-2.045004E2
5.176004E0,2.931184E0,-2.083615E2
5.180175E0,2.651294E0,-2.112432E2
5.184346E0,2.493499E0,-2.126791E2
5.188517E0,2.960471E0,-2.135875E2
5.192687E0,2.881491E0,-2.133110E2
5.196858E0,2.008452E0,-2.120497E2
5.201029E0,1.140469E0,-2.099451E2
5.205200E0,8.843104E-1,-2.066053E2
5.209371E0,9.762448E-1,-2.025993E2
5.213542E0,5.686940E-1,-1.975494E2
5.217712E0,2.654217E-1,-1.916053E2
5.221883E0,-2.959417E-1,-1.846138E2
5.226054E0,-7.434189E-2,-1.764829E2
5.230225E0,-1.521805E0,-1.671249E2
5.234396E0,-2.338942E0,-1.569141E2
5.238567E0,-2.489866E0,-1.456691E2
5.242738E0,-2.389614E0,-1.335170E2
5.246908E0,-3.249964E0,-1.207914E2
5.251079E0,-3.496626E0,-1.071838E2
5.255250E0,-3.416667E0,-9.223500E1
5.259421E0,-3.581836E0,-7.657132E1
5.263592E0,-4.998656E0,-5.877486E1
5.267762E0,-5.308794E0,-4.118526E1
5.271933E0,-5.052640E0,-2.307340E1
5.276104E0,-4.514896E0,-4.997846E0
5.280275E0,-2.469648E0,1.494632E1
5.284446E0,-8.765709E-1,3.348124E1
5.288617E0,3.944663E-1,5.132354E1
5.292788E0,8.706921E-1,6.911026E1
5.296958E0,4.723918E0,8.622919E1
5.301129E0,6.883475E0,1.023282E2
5.305300E0,8.891603E0,1.168944E2
5.309471E0,1.118097E1,1.311200E2
5.313642E0,1.444859E1,1.432984E2
5.317812E0,1.726543E1,1.552747E2
5.321983E0,1.905470E1,1.668825E2
5.326154E0,2.209582E1,1.755328E2
5.330325E0,2.411684E1,1.836494E2
5.334496E0,2.631343E1,1.908572E2
5.338667E0,2.882978E1,1.972888E2
5.342837E0,3.032360E1,2.019380E2
5.347008E0,3.264766E1,2.062424E2
5.351179E0,3.303100E1,2.093952E2
5.355350E0,3.396395E1,2.109584E2
5.359521E0,3.427516E1,2.122564E2
5.363692E0,3.410602E1,2.121195E2
5.367863E0,3.407839E1,2.104645E2
5.372033E0,3.442091E1,2.073986E2
5.376204E0,3.435433E1,2.033128E2
5.380375E0,3.336412E1,1.990447E2
5.384546E0,3.295175E1,1.935992E2
5.388717E0,3.198037E1,1.861946E2
5.392887E0,3.019024E1,1.783982E2
5.397058E0,2.901582E1,1.697010E2
5.401229E0,2.660377E1,1.590038E2
5.405400E0,2.453316E1,1.473071E2
5.409571E0,2.234015E1,1.348290E2
5.413742E0,1.923847E1,1.212044E2
5.417913E0,1.674119E1,1.060220E2
5.422083E0,1.496621E1,8.968154E1
5.426254E0,1.171004E1,7.304439E1
5.430425E0,9.472388E0,5.503711E1
5.434596E0,6.859620E0,3.716752E1
5.438767E0,3.263714E0,1.711618E1
5.442938E0,8.673616E-1,-2.282739E0
5.447108E0,-1.047434E0,-2.036502E1
5.451279E0,-3.337976E0,-3.862421E1
5.455450E0,-5.723485E0,-5.459690E1
5.459621E0,-6.731395E0,-7.032222E1
5.463792E0,-9.594113E0,-8.500822E1
5.467962E0,-1.077361E1,-9.841800E1
5.472133E0,-1.326216E1,-1.110687E2
5.476304E0,-1.401758E1,-1.228460E2
5.480475E0,-1.586743E1,-1.343474E2
5.484646E0,-1.545419E1,-1.447503E2
5.488817E0,-1.579412E1,-1.548316E2
5.492987E0,-1.743480E1,-1.630767E2
5.497158E0,-1.763899E1,-1.707848E2
5.501329E0,-1.807056E1,-1.774173E2
5.505500E0,-1.828885E1,-1.836117E2
5.509671E0,-1.835958E1,-1.876679E2
5.513842E0,-1.868027E1,-1.917533E2
5.518013E0,-1.865834E1,-1.941912E2
5.522183E0,-1.843269E1,-1.959470E2
5.526354E0,-1.798818E1,-1.964426E2
5.530525E0,-1.833314E1,-1.967674E2
5.534696E0,-1.789450E1,-1.950263E2
5.538867E0,-1.778760E1,-1.924887E2
5.543038E0,-1.734628E1,-1.898966E2
5.547208E0,-1.666226E1,-1.855897E2
5.551379E0,-1.607795E1,-1.806999E2
5.555550E0,-1.494262E1,-1.744298E2
5.559721E0,-1.405302E1,-1.677593E2
5.563892E0,-1.401416E1,-1.596286E2
5.568062E0,-1.221837E1,-1.503387E2
5.572233E0,-1.104009E1,-1.405566E2
5.576404E0,-1.116021E1,-1.290027E2
5.580575E0,-9.373499E0,-1.170348E2
5.584746E0,-7.889784E0,-1.047294E2
5.588917E0,-6.350588E0,-9.105566E1
5.593087E0,-4.970782E0,-7.647774E1
5.597258E0,-4.681836E0,-6.110536E1
5.601429E0,-1.195120E0,-4.489479E1
5.605600E0,8.888908E-1,-2.851826E1
5.609771E0,2.465506E0,-1.079545E1
5.613942E0,4.312287E0,7.165519E0
5.618113E0,6.504938E0,2.689329E1
5.622283E0,8.561354E0,4.376477E1
5.626454E0,1.027104E1,6.135469E1
5.630625E0,1.180112E1,7.706068E1
5.634796E0,1.152698E1,9.146736E1
5.638967E0,1.392555E1,1.058401E2
5.643137E0,1.519500E1,1.201027E2
5.647308E0,1.619655E1,1.331689E2
5.651479E0,1.708168E1,1.436658E2
5.655650E0,2.035593E1,1.532005E2
5.659821E0,2.116261E1,1.632170E2
5.663992E0,2.238161E1,1.709150E2
5.668163E0,2.291446E1,1.787973E2
5.672333E0,2.453333E1,1.850758E2
5.676504E0,2.556103E1,1.894174E2
5.680675E0,2.551563E1,1.930430E2
5.684846E0,2.625999E1,1.956846E2
5.689017E0,2.520565E1,1.970170E2
5.693187E0,2.466925E1,1.973568E2
5.697358E0,2.435690E1,1.970431E2
5.701529E0,2.435698E1,1.953719E2
5.705700E0,2.338315E1,1.920964E2
5.709871E0,2.255925E1,1.887451E2
5.714042E0,2.136800E1,1.837853E2
5.718212E0,2.039894E1,1.778790E2
5.722383E0,1.903063E1,1.712632E2
5.726554E0,1.666983E1,1.629761E2
5.730725E0,1.481261E1,1.531618E2
5.734896E0,1.211705E1,1.432298E2
5.739067E0,1.067326E1,1.299192E2
5.743238E0,8.975415E0,1.174598E2
5.747408E0,6.532442E0,1.029671E2
5.751579E0,4.353784E0,8.910856E1
5.755750E0,4.145311E0,7.301555E1
5.759921E0,8.651897E-1,5.511212E1
5.764092E0,-1.713231E-1,3.738589E1
5.768262E0,-1.897367E0,1.901011E1
5.772433E0,3.263379E-2,1.526745E0
5.776604E0,3.846550E-1,-1.669416E1
5.780775E0,1.518460E-1,-3.312612E1
5.784946E0,6.355826E-1,-4.861576E1
5.789117E0,1.509278E0,-6.467123E1
5.793287E0,3.175584E0,-7.851350E1
5.797458E0,2.921193E0,-9.228691E1
5.801629E0,3.184081E0,-1.035218E2
5.805800E0,4.480439E0,-1.155568E2
5.809971E0,4.806272E0,-1.263680E2
5.814142E0,5.211768E0,-1.357690E2
5.818313E0,5.652723E0,-1.446678E2
5.822483E0,6.114005E0,-1.524160E2
5.826654E0,6.084111E0,-1.593745E2
5.830825E0,7.668693E0,-1.656576E2
5.834996E0,8.032450E0,-1.707177E2
5.839167E0,7.286506E0,-1.750450E2
5.843337E0,7.776518E0,-1.778686E2
5.847508E0,7.669015E0,-1.802280E2
5.851679E0,7.675253E0,-1.810879E2
5.855850E0,7.534312E0,-1.815232E2
5.860021E0,7.765176E0,-1.811088E2
5.864192E0,7.069015E0,-1.791248E2
5.868362E0,7.072578E0,-1.763445E2
5.872533E0,6.546465E0,-1.731746E2
5.876704E0,6.536590E0,-1.685558E2
5.880875E0,5.700053E0,-1.631072E2
5.885046E0,5.815138E0,-1.564461E2
5.889217E0,5.317679E0,-1.497396E2
5.893388E0,4.591434E0,-1.411808E2
5.897558E0,2.737562E0,-1.311091E2
5.901729E0,1.296021E0,-1.211342E2
5.905900E0,1.026265E0,-1.096466E2
5.910071E0,-7.577913E-1,-9.776154E1
5.914242E0,-1.249500E0,-8.507981E1
5.918413E0,-1.586763E0,-7.095347E1
5.922583E0,-1.448905E0,-5.673607E1
5.926754E0,-2.056974E0,-4.160765E1
5.930925E0,-3.564960E0,-2.513583E1
5.935096E0,-4.087721E0,-7.777008E0
5.939267E0,-3.292714E0,9.212097E0
5.943437E0,-2.644397E0,2.564375E1
5.947608E0,-2.340058E0,4.303382E1
5.951779E0,1.928183E0,5.960647E1
5.955950E0,2.592976E0,7.495879E1
5.960121E0,4.530108E0,8.924231E1
5.964292E0,5.180089E0,1.029896E2
5.968462E0,7.544203E0,1.150042E2
5.972633E0,8.077068E0,1.269351E2
5.976804E0,1.021941E1,1.371439E2
5.980975E0,1.345074E1,1.455491E2
5.985146E0,1.632419E1,1.534965E2
5.989317E0,1.851418E1,1.611037E2
5.993488E0,2.034487E1,1.675850E2
5.997658E0,2.155172E1,1.720189E2
6.001829E0,2.293846E1,1.761627E2
6.006000E0,2.349552E1,1.790202E2
6.010171E0,2.490579E1,1.810285E2
6.014342E0,2.531597E1,1.819479E2
6.018512E0,2.661431E1,1.818360E2
6.022683E0,2.678343E1,1.809308E2
6.026854E0,2.746709E1,1.781834E2
6.031025E0,2.804638E1,1.745337E2
6.035196E0,2.733287E1,1.693050E2
6.039367E0,2.748608E1,1.634891E2
6.043538E0,2.631606E1,1.560817E2
6.047708E0,2.574083E1,1.486164E2
6.051879E0,2.337928E1,1.399572E2
6.056050E0,2.153770E1,1.300748E2
6.060221E0,1.929678E1,1.182293E2
6.064392E0,1.821660E1,1.066731E2
6.068562E0,1.630491E1,9.214293E1
6.072733E0,1.506285E1,7.907724E1
6.076904E0,1.279933E1,6.337565E1
6.081075E0,1.080341E1,4.745246E1
6.085246E0,8.703302E0,3.113899E1
6.089417E0,6.578874E0,1.367955E1
6.093587E0,2.963042E0,-3.166703E0
6.097758E0,-7.553347E-1,-1.908686E1
6.101929E0,-3.220016E0,-3.478449E1
6.106100E0,-7.140939E0,-4.913037E1
6.110271E0,-9.163001E0,-6.268190E1
6.114442E0,-1.160766E1,-7.517564E1
6.118613E0,-1.313146E1,-8.656601E1
6.122783E0,-1.435832E1,-9.859465E1
6.126954E0,-1.577006E1,-1.085715E2
6.131125E0,-1.775847E1,-1.182983E2
6.135296E0,-1.989276E1,-1.269048E2
6.139467E0,-2.044948E1,-1.346794E2
6.143637E0,-2.130629E1,-1.418102E2
6.147808E0,-2.247059E1,-1.478043E2
6.151979E0,-2.200551E1,-1.523833E2
6.156150E0,-2.295772E1,-1.566517E2
6.160321E0,-2.310377E1,-1.598605E2
6.164492E0,-2.343336E1,-1.620155E2
6.168662E0,-2.328307E1,-1.632066E2
6.172833E0,-2.380142E1,-1.629965E2
6.177004E0,-2.323691E1,-1.621047E2
6.181175E0,-2.274525E1,-1.607299E2
6.185346E0,-2.197620E1,-1.584293E2
6.189517E0,-2.104158E1,-1.555357E2
6.193688E0,-1.928474E1,-1.516525E2
6.197858E0,-1.777870E1,-1.465648E2
6.202029E0,-1.660290E1,-1.406791E2
6.206200E0,-1.556519E1,-1.330467E2
6.210371E0,-1.525113E1,-1.239185E2
6.214542E0,-1.424364E1,-1.148802E2
6.218712E0,-1.250732E1,-1.049155E2
6.222883E0,-1.052612E1,-9.451221E1
6.227054E0,-9.150293E0,-8.283557E1
6.231225E0,-5.660901E0,-7.073492E1
6.235396E0,-3.494102E0,-5.788971E1
6.239567E0,-1.252755E-1,-4.355623E1
6.243737E0,8.813207E-1,-2.885568E1
6.247908E0,3.106349E0,-1.389783E1
6.252079E0,6.732833E0,1.652316E0
6.256250E0,8.721430E0,1.897013E1
6.260421E0,1.127182E1,3.555272E1
6.264592E0,1.165766E1,4.896616E1
6.268763E0,1.404125E1,6.549076E1
6.272933E0,1.570011E1,7.850750E1
6.277104E0,1.761528E1,9.156325E1
6.281275E0,1.881288E1,1.036559E2
6.285446E0,1.887603E1,1.149113E2
6.289617E0,1.935216E1,1.247583E2
6.293788E0,2.141340E1,1.338800E2
6.297958E0,2.328322E1,1.411436E2
6.302129E0,2.440397E1,1.478430E2
6.306300E0,2.441461E1,1.540525E2
6.310471E0,2.485706E1,1.586902E2
6.314642E0,2.503735E1,1.616895E2
6.318812E0,2.486054E1,1.639634E2
6.322983E0,2.480948E1,1.654135E2
6.327154E0,2.367606E1,1.658083E2
6.331325E0,2.320788E1,1.654294E2
6.335496E0,2.236070E1,1.631975E2
6.339667E0,2.138686E1,1.609370E2
6.343837E0,2.005702E1,1.576816E2
6.348008E0,1.794844E1,1.528596E2
6.352179E0,1.657998E1,1.473064E2
6.356350E0,1.527812E1,1.404602E2
6.360521E0,1.270194E1,1.319885E2
6.364692E0,1.034771E1,1.229197E2
6.368863E0,7.817884E0,1.133495E2
6.373033E0,5.276774E0,1.012216E2
6.377204E0,3.630428E0,8.938559E1
6.381375E0,3.358510E0,7.524902E1
6.385546E0,1.198287E0,6.142294E1
6.389717E0,-1.060780E0,4.724716E1
6.393887E0,-2.617868E0,3.153057E1
6.398058E0,-3.009958E0,1.504965E1
6.402229E0,-3.087025E0,-9.268703E-1
6.406400E0,-2.778806E0,-1.670194E1
6.410571E0,-1.302462E0,-3.259716E1
6.414742E0,8.588810E-1,-4.652734E1
6.418913E0,2.188087E0,-5.896977E1
6.423083E0,2.821885E0,-7.108329E1
6.427254E0,3.633012E0,-8.118970E1
6.431425E0,4.019051E0,-9.104487E1
6.435596E0,4.651103E0,-1.010899E2
6.439767E0,7.237343E0,-1.095776E2
6.443937E0,8.427370E0,-1.180160E2
6.448108E0,8.820649E0,-1.251224E2
6.452279E0,9.260414E0,-1.310155E2
6.456450E0,1.013013E1,-1.360296E2
6.460621E0,1.022861E1,-1.401062E2
6.464792E0,1.078717E1,-1.437632E2
6.468963E0,1.090823E1,-1.462327E2
6.473133E0,1.207222E1,-1.474933E2
6.477304E0,1.201872E1,-1.486908E2
6.481475E0,1.203264E1,-1.484835E2
6.485646E0,1.192765E1,-1.471371E2
6.489817E0,1.180445E1,-1.447698E2
6.493988E0,1.220976E1,-1.423466E2
6.498158E0,1.155523E1,-1.388564E2
6.502329E0,1.118214E1,-1.334031E2
6.506500E0,9.735448E0,-1.275114E2
6.510671E0,9.278112E0,-1.203349E2
6.514842E0,7.925102E0,-1.127271E2
6.519012E0,7.114704E0,-1.042704E2
6.523183E0,4.696955E0,-9.504676E1
6.527354E0,4.117739E0,-8.455522E1
6.531525E0,2.130414E0,-7.301094E1
6.535696E0,-4.250607E-3,-6.099039E1
6.539867E0,-2.907195E-1,-4.757252E1
6.544037E0,-4.545130E-1,-3.470822E1
6.548208E0,-2.701191E0,-1.997231E1
6.552379E0,-3.135093E0,-4.692916E0
6.556550E0,-3.183142E0,1.037906E1
6.560721E0,-3.467951E0,2.575688E1
6.564892E0,-2.750742E0,4.110287E1
6.569063E0,-1.313095E0,5.544237E1
6.573233E0,-1.094093E0,6.812585E1
6.577404E0,4.389030E-1,8.046176E1
6.581575E0,2.453556E0,9.185566E1
6.585746E0,4.471923E0,1.022089E2
6.589917E0,5.930315E0,1.111645E2
6.594088E0,7.280711E0,1.192419E2
6.598258E0,9.790851E0,1.270141E2
6.602429E0,1.083999E1,1.333876E2
6.606600E0,1.265382E1,1.389431E2
6.610771E0,1.463424E1,1.434144E2
6.614942E0,1.531180E1,1.468175E2
6.619112E0,1.648234E1,1.494228E2
6.623283E0,1.850392E1,1.502968E2
6.627454E0,1.920045E1,1.505196E2
6.631625E0,1.998044E1,1.471220E2
6.635796E0,2.016820E1,1.449700E2
6.639967E0,2.037405E1,1.411641E2
6.644138E0,1.985207E1,1.368647E2
6.648308E0,2.067176E1,1.314577E2
6.652479E0,2.004673E1,1.252456E2
6.656650E0,2.055826E1,1.171474E2
6.660821E0,2.033197E1,1.090219E2
6.664992E0,2.006128E1,1.002615E2
6.669163E0,1.818359E1,9.336879E1
6.673333E0,1.704463E1,8.367121E1
6.677504E0,1.502224E1,7.143720E1
6.681675E0,1.377143E1,5.908272E1
6.685846E0,1.127545E1,4.501574E1
6.690017E0,9.773209E0,3.080045E1
6.694187E0,7.222688E0,1.535940E1
6.698358E0,4.943882E0,1.869772E-1
6.702529E0,2.295562E0,-1.413345E1
6.706700E0,4.170038E-1,-2.760356E1
6.710871E0,-1.681647E0,-4.071436E1
6.715042E0,-4.038688E0,-5.254628E1
6.719213E0,-7.761125E0,-6.297305E1
6.723383E0,-1.008295E1,-7.301849E1
6.727554E0,-1.107744E1,-8.246923E1
6.731725E0,-1.254671E1,-9.086391E1
6.735896E0,-1.436298E1,-9.893057E1
6.740067E0,-1.595429E1,-1.049798E2
6.744238E0,-1.825448E1,-1.111120E2
6.748408E0,-1.793414E1,-1.165518E2
6.752579E0,-1.778974E1,-1.212643E2
6.756750E0,-1.854414E1,-1.251432E2
6.760921E0,-1.908619E1,-1.270392E2
6.765092E0,-1.950984E1,-1.290788E2
6.769262E0,-1.873139E1,-1.294304E2
6.773433E0,-1.946841E1,-1.299423E2
6.777604E0,-1.864821E1,-1.290376E2
6.781775E0,-1.884552E1,-1.269889E2
6.785946E0,-1.878176E1,-1.237891E2
6.790117E0,-1.757730E1,-1.206407E2
6.794288E0,-1.601758E1,-1.164813E2
6.798458E0,-1.532941E1,-1.110544E2
6.802629E0,-1.473805E1,-1.046180E2
6.806800E0,-1.322160E1,-9.783233E1
6.810971E0,-1.115515E1,-8.963098E1
6.815142E0,-9.331865E0,-8.099469E1
6.819312E0,-8.861655E0,-7.086453E1
6.823483E0,-7.537241E0,-6.078571E1
6.827654E0,-3.392462E0,-4.972658E1
6.831825E0,-1.209817E0,-3.774828E1
6.835996E0,1.466550E0,-2.487111E1
6.840167E0,3.237138E0,-1.092445E1
6.844338E0,5.251314E0,3.126089E0
6.848508E0,7.618982E0,1.707830E1
6.852679E0,1.059348E1,3.118195E1
6.856850E0,1.429963E1,4.407638E1
6.861021E0,1.558725E1,5.695429E1
6.865192E0,1.510423E1,6.887769E1
6.869363E0,1.683241E1,7.952203E1
6.873533E0,1.897560E1,8.929806E1
6.877704E0,2.041043E1,9.793149E1
6.881875E0,2.239137E1,1.059007E2
6.886046E0,2.268438E1,1.130348E2
6.890217E0,2.295517E1,1.191713E2
6.894387E0,2.288212E1,1.190483E2
6.898558E0,2.306501E1,1.231054E2
6.902729E0,2.317679E1,1.256685E2
6.906900E0,2.286236E1,1.272418E2
6.911071E0,2.151592E1,1.285544E2
6.915242E0,2.040906E1,1.285524E2
6.919412E0,1.961939E1,1.276473E2
6.923583E0,1.816206E1,1.254593E2
6.927754E0,1.663073E1,1.231682E2
6.931925E0,1.493132E1,1.191001E2
6.936096E0,1.287210E1,1.148022E2
6.940267E0,1.065648E1,1.088601E2
6.944438E0,9.694792E0,1.008319E2
6.948608E0,8.196675E0,9.309535E1
6.952779E0,6.558623E0,8.726204E1
6.956950E0,4.378574E0,7.877158E1
6.961121E0,3.012651E0,6.773167E1
6.965292E0,1.017267E0,5.521398E1
6.969463E0,-8.033917E-1,4.300509E1
6.973633E0,-2.217187E0,2.917927E1
6.977804E0,-1.520733E0,1.501117E1
6.981975E0,-1.272870E0,1.290470E0
6.986146E0,-1.532042E0,-1.219135E1
6.990317E0,3.306519E-1,-2.511386E1
6.994487E0,1.586898E0,-3.679123E1
6.998658E0,2.132804E0,-4.783864E1
7.002829E0,3.651456E0,-5.778352E1
7.007000E0,4.645474E0,-6.750101E1
7.011171E0,6.732444E0,-7.589935E1
7.015342E0,7.452223E0,-8.309094E1
7.019512E0,8.165819E0,-8.966444E1
7.023683E0,1.030834E1,-9.612584E1
7.027854E0,1.173052E1,-1.019913E2
7.032025E0,1.227950E1,-1.059468E2
7.036196E0,1.262749E1,-1.090295E2
7.040367E0,1.345208E1,-1.120386E2
7.044538E0,1.426598E1,-1.137795E2
7.048708E0,1.417126E1,-1.146775E2
7.052879E0,1.356658E1,-1.150169E2
7.057050E0,1.392795E1,-1.139065E2
7.061221E0,1.368135E1,-1.124253E2
7.065392E0,1.388568E1,-1.098508E2
7.069562E0,1.356267E1,-1.062960E2
7.073733E0,1.005602E1,-1.025157E2
7.077904E0,9.952565E0,-9.686593E1
7.082075E0,9.329773E0,-9.084478E1
7.086246E0,8.353624E0,-8.325113E1
7.090417E0,6.911727E0,-7.537622E1
7.094588E0,4.739693E0,-6.692726E1
7.098758E0,3.516373E0,-5.713245E1
7.102929E0,2.804734E0,-4.684513E1
7.107100E0,1.255001E0,-3.592818E1
7.111271E0,3.688340E-1,-2.407574E1
7.115442E0,-4.598994E-1,-1.171271E1
7.119613E0,-1.331357E0,1.204989E0
7.123783E0,-1.588497E0,1.506274E1
7.127954E0,-3.103286E0,2.719012E1
7.132125E0,-1.338623E0,3.966414E1
7.136296E0,-6.944197E-1,5.145004E1
7.140467E0,5.683920E-1,6.214231E1
7.144637E0,9.639680E-1,7.273915E1
7.148808E0,1.099858E0,8.193230E1
7.152979E0,4.555944E0,9.079057E1
7.157150E0,4.491133E0,9.783759E1
7.161321E0,6.800111E0,1.040952E2
7.165492E0,6.829152E0,1.090282E2
7.169663E0,9.128620E0,1.134426E2
7.173833E0,1.041762E1,1.159730E2
7.178004E0,1.253565E1,1.184358E2
7.182175E0,1.353222E1,1.197078E2
7.186346E0,1.271110E1,1.167312E2
7.190517E0,1.473702E1,1.146510E2
7.194687E0,1.574174E1,1.121180E2
7.198858E0,1.675504E1,1.093576E2
7.203029E0,1.794260E1,1.055479E2
7.207200E0,1.860913E1,1.008816E2
7.211371E0,1.860339E1,9.508594E1
7.215542E0,1.862453E1,8.721776E1
7.219713E0,1.816489E1,7.925339E1
7.223883E0,1.804653E1,6.971356E1
7.228054E0,1.609830E1,5.926332E1
7.232225E0,1.411179E1,4.894744E1
7.236396E0,1.448630E1,3.746056E1
7.240567E0,1.231562E1,2.581385E1
7.244738E0,9.922437E0,1.934940E1
7.248908E0,7.006347E0,7.100939E0
7.253079E0,4.835361E0,-4.631348E0
7.257250E0,1.557495E0,-1.608032E1
7.261421E0,-1.377191E0,-2.673372E1
7.265592E0,-3.456340E0,-3.683484E1
7.269762E0,-5.148345E0,-4.535429E1
7.273933E0,-7.378006E0,-5.448568E1
7.278104E0,-9.065228E0,-6.228464E1
7.282275E0,-1.143011E1,-6.911773E1
7.286446E0,-1.314856E1,-7.482760E1
7.290617E0,-1.335677E1,-8.052129E1
7.294787E0,-1.486382E1,-8.475525E1
7.298958E0,-1.627055E1,-8.864671E1
7.303129E0,-1.716822E1,-9.164598E1
7.307300E0,-1.730265E1,-9.421222E1
7.311471E0,-1.818406E1,-9.497301E1
7.315642E0,-1.806195E1,-9.549498E1
7.319813E0,-1.791844E1,-9.551248E1
7.323983E0,-1.745474E1,-9.477624E1
7.328154E0,-1.701023E1,-9.274097E1
7.332325E0,-1.527816E1,-9.035506E1
7.336496E0,-1.430759E1,-8.673950E1
7.340667E0,-1.219006E1,-8.241983E1
7.344838E0,-1.109446E1,-7.788208E1
7.349008E0,-1.039087E1,-7.058457E1
7.353179E0,-8.233586E0,-6.341482E1
7.357350E0,-6.609224E0,-5.588582E1
7.361521E0,-4.404293E0,-4.720817E1
7.365692E0,-2.561228E0,-3.702641E1
7.369862E0,7.891207E-1,-2.771206E1
7.374033E0,2.983530E0,-1.684973E1
7.378204E0,4.952038E0,-5.857069E0
7.382375E0,8.887834E0,5.678500E0
7.386546E0,1.064811E1,1.726346E1
7.390717E0,1.272762E1,2.961094E1
7.394887E0,1.288363E1,4.093698E1
7.399058E0,1.659520E1,5.112537E1
7.403229E0,1.720725E1,6.051724E1
7.407400E0,1.720340E1,6.894236E1
7.411571E0,1.830475E1,7.675196E1
7.415742E0,2.005311E1,8.337721E1
7.419913E0,2.061330E1,8.924520E1
7.424083E0,2.058675E1,9.347475E1
7.428254E0,1.921512E1,9.715001E1
7.432425E0,1.897740E1,9.567225E1
7.436596E0,1.865737E1,9.693733E1
7.440767E0,1.779255E1,9.773873E1
7.444937E0,1.706870E1,9.760961E1
7.449108E0,1.557961E1,9.710452E1
7.453279E0,1.430187E1,9.517146E1
7.457450E0,1.319233E1,9.297390E1
7.461621E0,1.111476E1,8.799638E1
7.465792E0,8.822208E0,8.325957E1
7.469963E0,6.738805E0,7.729700E1
7.474133E0,6.467949E0,6.960592E1
7.478304E0,3.997512E0,6.290503E1
7.482475E0,2.726641E0,5.499360E1
7.486646E0,6.173951E-1,4.520523E1
7.490817E0,5.134066E-1,3.422866E1
7.494988E0,-1.356515E0,2.349656E1
7.499158E0,-1.602927E0,1.154373E1
7.503329E0,-1.598050E0,-4.138847E-1
7.507500E0,-7.399909E-1,-1.236786E1
7.511671E0,-4.911800E-1,-2.136587E1
7.515842E0,2.322525E0,-2.592658E1
7.520012E0,5.041783E0,-3.426767E1
7.524183E0,5.408930E0,-4.277611E1
7.528354E0,7.049753E0,-4.966638E1
7.532525E0,8.672834E0,-5.662561E1
7.536696E0,1.071996E1,-6.235073E1
7.540867E0,1.177234E1,-6.754144E1
7.545038E0,1.279637E1,-7.165599E1
7.549208E0,1.414056E1,-7.467649E1
7.553379E0,1.432862E1,-7.720290E1
7.557550E0,1.500679E1,-7.873031E1
7.561721E0,1.524354E1,-7.969081E1
7.565892E0,1.518734E1,-7.996806E1
7.570062E0,1.501782E1,-7.916741E1
7.574233E0,1.482500E1,-7.790058E1
7.578404E0,1.643591E1,-7.563433E1
7.582575E0,1.575965E1,-7.298812E1
7.586746E0,1.510132E1,-6.885473E1
7.590917E0,1.434068E1,-6.444474E1
7.595088E0,1.290256E1,-5.909473E1
7.599258E0,1.129107E1,-5.259976E1
7.603429E0,7.997579E0,-4.614292E1
7.607600E0,6.696828E0,-3.793656E1
7.611771E0,4.678025E0,-2.968433E1
7.615942E0,3.656124E0,-2.044619E1
7.620113E0,2.218317E0,-1.031374E1
7.624283E0,-1.238230E-1,3.949838E-1
7.628454E0,-1.132492E0,1.130446E1
7.632625E0,-2.090087E0,2.297337E1
7.636796E0,-1.303280E0,3.322521E1
7.640967E0,-1.281150E0,4.299239E1
7.645137E0,7.743718E-1,5.137814E1
7.649308E0,1.101648E0,5.898637E1
7.653479E0,1.032978E0,6.626384E1
7.657650E0,2.015060E0,7.212315E1
7.661821E0,3.314148E0,7.730411E1
7.665992E0,5.049734E0,8.133876E1
7.670162E0,6.546442E0,7.954392E1
7.674333E0,7.331054E0,8.128694E1
7.678504E0,8.512263E0,8.290969E1
7.682675E0,9.716153E0,8.325909E1
7.686846E0,9.875612E0,8.277759E1
7.691017E0,1.133040E1,8.138450E1
7.695188E0,1.244462E1,7.893933E1
7.699358E0,1.329661E1,7.521004E1
7.703529E0,1.359148E1,7.015620E1
7.707700E0,1.443002E1,6.513176E1
7.711871E0,1.455886E1,5.867745E1
7.716042E0,1.432238E1,5.139759E1
7.720213E0,1.345828E1,4.356736E1
7.724383E0,1.308462E1,3.496343E1
7.728554E0,1.169616E1,2.539903E1
7.732725E0,9.790971E0,1.513911E1
7.736896E0,8.407781E0,4.860751E0
7.741067E0,6.458650E0,-6.101255E0
7.745237E0,3.620954E0,-1.486724E1
7.749408E0,1.970924E0,-2.239833E1
7.753579E0,-3.359480E-1,-3.051501E1
7.757750E0,-3.747232E0,-3.710292E1
7.761921E0,-5.356011E0,-4.237899E1
7.766092E0,-7.350765E0,-4.715352E1
7.770262E0,-8.732164E0,-4.868249E1
7.774433E0,-9.300459E0,-5.285326E1
7.778604E0,-1.079730E1,-5.868120E1
7.782775E0,-1.309419E1,-6.257401E1
7.786946E0,-1.454464E1,-6.467650E1
7.791117E0,-1.471927E1,-6.480503E1
7.795288E0,-1.483361E1,-6.511748E1
7.799458E0,-1.531244E1,-6.465519E1
7.803629E0,-1.514266E1,-6.298131E1
7.807800E0,-1.515546E1,-6.248491E1
7.811971E0,-1.507556E1,-5.971146E1
7.816142E0,-1.362910E1,-5.645902E1
7.820312E0,-1.280058E1,-5.168817E1
7.824483E0,-1.247485E1,-4.708514E1
7.828654E0,-9.706517E0,-4.123791E1
7.832825E0,-6.519911E0,-3.518564E1
7.836996E0,-3.117911E0,-2.880590E1
7.841167E0,-3.030169E0,-2.301645E1
7.845338E0,4.243661E-1,-1.374007E1
7.849508E0,4.373222E0,-6.511390E0
7.853679E0,7.219776E0,3.247843E0
7.857850E0,9.941448E0,1.290869E1
7.862021E0,1.202563E1,2.102393E1
7.866192E0,1.386609E1,2.868536E1
7.870363E0,1.542920E1,3.528348E1
7.874533E0,1.702862E1,4.306013E1
7.878704E0,1.851835E1,4.912038E1
7.882875E0,1.951112E1,5.337948E1
7.887046E0,2.080365E1,5.746340E1
7.891217E0,2.068953E1,6.114285E1
7.895388E0,2.056630E1,6.338824E1
7.899558E0,2.009150E1,6.492143E1
7.903729E0,1.944362E1,6.396756E1
7.907900E0,1.807996E1,6.394563E1
7.912071E0,1.643043E1,6.247614E1
7.916242E0,1.484949E1,6.035314E1
7.920413E0,1.288197E1,5.738495E1
7.924583E0,1.035504E1,5.295028E1
7.928754E0,7.866010E0,4.747992E1
7.932925E0,4.590633E0,4.290262E1
7.937096E0,2.334985E0,3.539527E1
7.941267E0,-7.874942E-2,2.717173E1
7.945437E0,-2.355551E0,1.846803E1
7.949608E0,-4.093594E0,1.008734E1
7.953779E0,-5.128537E0,1.302348E0
7.957950E0,-5.332070E0,-6.372821E0
7.962121E0,-5.602513E0,-1.438430E1
7.966292E0,-3.710330E0,-2.036926E1
7.970463E0,-3.284800E0,-2.654564E1
7.974633E0,-2.421750E0,-3.241727E1
7.978804E0,-1.664649E0,-3.766937E1
7.982975E0,-8.627886E-1,-4.175844E1
7.987146E0,4.733216E-1,-4.510069E1
7.991317E0,1.534007E0,-4.761864E1
7.995488E0,2.775887E0,-4.962460E1
7.999658E0,4.984260E0,-5.070886E1
8.003829E0,5.001113E0,-5.080525E1
8.008000E0,5.712460E0,-5.059316E1
8.012171E0,6.187247E0,-4.926950E1
8.016342E0,7.472079E0,-4.758303E1
8.020513E0,9.096301E0,-4.518289E1
8.024683E0,1.035687E1,-4.125177E1
8.028854E0,1.113313E1,-3.693759E1
8.033025E0,1.101743E1,-3.251774E1
8.037196E0,1.071246E1,-2.710480E1
8.041367E0,1.053004E1,-2.095968E1
8.045538E0,1.035094E1,-1.446529E1
8.049708E0,9.879354E0,-6.904480E0
8.053879E0,9.765350E0,1.089692E0
8.058050E0,7.698684E0,9.465072E0
8.062221E0,4.608915E0,1.885258E1
8.066392E0,2.822694E0,2.268747E1
8.070562E0,1.015289E0,2.872413E1
8.074733E0,-4.677758E-1,3.414369E1
8.078904E0,-2.285559E0,3.896676E1
8.083075E0,-3.287632E0,4.314531E1
8.087246E0,-4.488087E0,4.569951E1
8.091417E0,-4.501213E0,5.081915E1
8.095588E0,-5.095060E0,5.151413E1
8.099758E0,-6.915007E0,5.097834E1
8.103929E0,-7.009192E0,5.288093E1
8.108100E0,-7.332857E0,5.141889E1
8.112271E0,-7.474690E0,4.900178E1
8.116442E0,-6.943293E0,4.591135E1
8.120613E0,-6.321976E0,4.143479E1
8.124783E0,-5.891466E0,3.714403E1
8.128954E0,-4.579311E0,3.101840E1
8.133125E0,-3.182246E0,2.537663E1
8.137296E0,-9.445625E-1,1.892490E1
8.141467E0,2.166706E0,9.600567E0
8.145637E0,4.615057E0,1.526111E0
8.149808E0,7.254643E0,-6.462229E0
8.153979E0,9.136527E0,-1.240120E1
8.158150E0,1.182217E1,-1.713191E1
8.162321E0,1.438936E1,-2.067992E1
8.166492E0,1.809892E1,-2.494298E1
8.170663E0,2.028558E1,-2.900479E1
8.174833E0,2.262679E1,-3.200712E1
8.179004E0,2.378761E1,-3.410826E1
8.183175E0,2.509230E1,-3.564709E1
8.187346E0,2.597410E1,-3.647593E1
8.191517E0,2.688994E1,-3.686220E1
8.195688E0,2.678277E1,-3.619435E1
8.199858E0,2.670052E1,-3.465724E1
8.204029E0,2.632772E1,-3.299074E1
8.208200E0,2.563817E1,-3.048808E1
8.212371E0,2.380699E1,-2.713237E1
8.216542E0,2.207969E1,-2.306230E1
8.220712E0,1.963147E1,-1.880365E1
8.224883E0,1.790290E1,-1.310189E1
8.229054E0,1.557805E1,-7.336019E0
8.233225E0,1.317109E1,-1.129619E0
8.237396E0,9.057002E0,5.140546E0
8.241567E0,6.760150E0,1.154448E1
8.245737E0,2.376224E0,1.726023E1
8.249908E0,-8.903375E-1,2.307231E1
8.254079E0,-5.318284E0,2.571061E1
8.258250E0,-8.612815E0,2.939515E1
8.262421E0,-1.124279E1,3.283479E1
8.266592E0,-1.331697E1,3.551726E1
8.270763E0,-1.520659E1,3.648252E1
8.274933E0,-1.592653E1,3.787079E1
8.279104E0,-1.659276E1,3.841862E1
8.283275E0,-1.632653E1,3.856737E1
8.287446E0,-1.711128E1,3.755799E1
8.291617E0,-1.590817E1,3.537968E1
8.295788E0,-1.670453E1,3.175144E1
8.299958E0,-1.477569E1,2.863204E1
8.304129E0,-1.333503E1,2.372352E1
8.308300E0,-1.117715E1,1.952998E1
8.312471E0,-8.465734E0,1.346827E1
8.316642E0,-4.795123E0,8.132939E0
8.320813E0,-1.940918E0,2.299853E0
8.324983E0,4.322245E0,-3.526180E0
8.329154E0,7.856846E0,-7.451741E0
8.333325E0,1.148041E1,-1.186816E1
8.337496E0,1.558741E1,-1.565212E1
8.341667E0,1.943439E1,-1.703228E1
8.345838E0,2.261694E1,-1.914462E1
8.350008E0,1.732143E1,-2.103701E1
8.354179E0,1.980425E1,-2.176216E1
8.358350E0,2.207346E1,-2.296689E1
8.362521E0,2.500580E1,-2.195418E1
8.366692E0,2.662955E1,-2.169629E1
8.370862E0,2.766608E1,-2.104448E1
8.375033E0,2.806162E1,-1.957007E1
8.379204E0,2.684383E1,-1.796813E1
8.383375E0,2.700247E1,-1.563743E1
8.387546E0,2.460265E1,-1.286126E1
8.391717E0,2.150701E1,-9.155105E0
8.395888E0,1.860369E1,-5.007146E0
8.400058E0,1.649111E1,-1.225595E0
8.404229E0,1.330234E1,3.198207E0
8.408400E0,1.018463E1,7.535766E0
8.412571E0,3.955778E0,1.106644E1
8.416742E0,-1.178709E0,1.516174E1
8.420913E0,-5.277498E0,1.918019E1
8.425083E0,-9.615500E0,2.283348E1
8.429254E0,-1.252818E1,2.581809E1
8.433425E0,-1.504557E1,2.739957E1
8.437596E0,-1.685008E1,2.887690E1
8.441767E0,-1.820091E1,2.932806E1
8.445937E0,-1.796513E1,2.907872E1
8.450108E0,-1.814437E1,2.894919E1
8.454279E0,-1.756995E1,2.788532E1
8.458450E0,-1.751429E1,2.671811E1
8.462621E0,-1.552816E1,2.476086E1
8.466792E0,-1.355269E1,2.195862E1
8.470962E0,-9.493931E0,1.925327E1
8.475133E0,-6.757686E0,1.640813E1
8.479304E0,-3.428502E0,1.286466E1
8.483475E0,2.123229E0,9.385743E0
8.487646E0,-1.969460E0,6.382870E0
8.491817E0,2.888732E0,2.801259E0
8.495988E0,7.150989E0,9.746499E-1
8.500158E0,1.084776E1,-1.166954E0
8.504329E0,1.464198E1,-3.814061E0
8.508500E0,2.292453E1,-4.926552E0
8.512671E0,2.580543E1,-6.978254E0
8.516842E0,2.657310E1,-7.194257E0
8.521013E0,2.843057E1,-8.958141E0
8.525183E0,2.923156E1,-9.465067E0
8.529354E0,2.797885E1,-9.383972E0
8.533525E0,2.653492E1,-8.789940E0
8.537696E0,2.466432E1,-8.144504E0
8.541867E0,2.260103E1,-7.188700E0
8.546038E0,1.863158E1,-5.119152E0
8.550208E0,1.515601E1,-3.856169E0
8.554379E0,1.124106E1,-1.428672E0
8.558550E0,4.795286E0,-2.326707E0
8.562721E0,-4.934298E0,3.295547E0
8.566892E0,-9.094028E0,6.397913E0
8.571063E0,-1.242314E1,9.421054E0
8.575233E0,-1.509982E1,1.249729E1
8.579404E0,-1.741780E1,1.551180E1
8.583575E0,-1.148571E1,1.909987E1
8.587746E0,-1.187105E1,2.130284E1
8.591917E0,-1.321539E1,2.288178E1
8.596087E0,-1.203746E1,2.429023E1
8.600258E0,-1.140141E1,2.479717E1
8.604429E0,-1.042014E1,2.541623E1
8.608600E0,-8.022217E0,2.505852E1
8.612771E0,-6.154972E0,2.342307E1
8.616942E0,-3.811276E0,2.190474E1
8.621112E0,2.289208E-2,1.922476E1
8.625283E0,4.305520E0,1.679755E1
8.629454E0,8.492169E0,1.313045E1
8.633625E0,1.240243E1,9.083562E0
8.637796E0,1.425317E1,5.208447E0
8.641967E0,1.573898E1,1.205614E0
8.646138E0,1.709901E1,-2.389307E0
8.650308E0,1.770318E1,-5.031244E0
8.654479E0,1.819833E1,-6.933636E0
8.658650E0,1.921330E1,-8.699827E0
8.662821E0,1.882207E1,-1.018085E1
8.666992E0,1.863288E1,-1.078955E1
8.671163E0,1.599078E1,-1.090781E1
8.675333E0,1.399414E1,-1.019009E1
8.679504E0,1.229975E1,-9.180518E0
8.683675E0,1.157020E1,-7.489921E0
8.687846E0,9.290892E0,-5.061479E0
8.692017E0,7.813459E0,-1.943750E0
8.696188E0,5.104203E0,9.263781E-1
8.700358E0,2.517343E0,5.384987E0
8.704529E0,-9.032095E-1,9.199209E0
8.708700E0,-2.004897E0,1.290702E1
8.712871E0,-3.122588E0,1.570988E1
8.717042E0,-3.358687E0,1.882585E1
8.721213E0,-2.880362E0,2.197203E1
8.725383E0,-2.623419E0,2.311285E1
8.729554E0,-1.971894E0,2.458977E1
8.733725E0,-7.032544E-1,2.467468E1
8.737896E0,1.001349E0,2.684906E1
8.742067E0,1.905636E0,2.644186E1
8.746237E0,3.325827E0,2.459771E1
8.750408E0,4.360423E0,2.153081E1
8.754579E0,5.649770E0,1.728460E1
8.758750E0,6.110596E0,1.299305E1
8.762921E0,7.184708E0,7.359812E0
8.767092E0,7.135517E0,1.564422E0
8.771263E0,7.745916E0,-3.283068E0
8.775433E0,7.525682E0,-7.075580E0
8.779604E0,8.398515E0,-6.838613E0
8.783775E0,7.971973E0,-8.958016E0
8.787946E0,7.359859E0,-1.066003E1
8.792117E0,6.725965E0,-1.111645E1
8.796288E0,6.459402E0,-1.113820E1
8.800458E0,4.670099E0,-1.106234E1
8.804629E0,4.931451E0,-1.007007E1
8.808800E0,3.774119E0,-8.096143E0
8.812971E0,4.847475E0,-5.876982E0
8.817142E0,4.435230E0,-3.240986E0
8.821312E0,3.060813E0,-2.248982E-1
8.825483E0,2.548803E0,4.430186E0
8.829654E0,3.848081E0,9.126004E0
8.833825E0,4.061260E0,1.369851E1
8.837996E0,4.397835E0,1.699462E1
8.842167E0,5.026125E0,2.089038E1
8.846337E0,6.945421E0,2.301566E1
8.850508E0,8.429944E0,2.509883E1
8.854679E0,8.405274E0,2.547226E1
8.858850E0,8.288537E0,2.584892E1
8.863021E0,8.456911E0,2.503249E1
8.867192E0,6.697615E0,2.415715E1
8.871363E0,7.362152E0,2.178529E1
8.875533E0,7.301322E0,1.944504E1
8.879704E0,6.544448E0,1.581820E1
8.883875E0,5.211829E0,1.162766E1
8.888046E0,3.618400E0,7.117825E0
8.892217E0,3.578966E0,3.101187E0
8.896388E0,3.641748E0,-3.161669E-1
8.900558E0,3.038896E0,-3.890552E0
8.904729E0,2.263919E0,-6.274453E0
8.908900E0,9.213554E-1,-7.267569E0
8.913071E0,1.489372E0,-8.374293E0
8.917242E0,1.731038E0,-8.910774E0
8.921413E0,2.288931E0,-8.802155E0
8.925583E0,2.518713E0,-8.222333E0
8.929754E0,2.596232E0,-5.816867E0
8.933925E0,2.686788E0,-3.500311E0
8.938096E0,3.274136E0,-6.647645E-1
8.942267E0,4.188662E0,2.978005E0
8.946438E0,4.883607E0,7.007493E0
8.950608E0,5.969337E0,1.102968E1
8.954779E0,7.458260E0,1.505356E1
8.958950E0,7.629084E0,1.773261E1
8.963121E0,8.332646E0,1.974538E1
8.967292E0,8.741611E0,2.235853E1
8.971462E0,7.666570E0,2.341719E1
8.975633E0,7.756097E0,2.395155E1
8.979804E0,7.211116E0,2.406153E1
8.983975E0,6.353373E0,2.225080E1
8.988146E0,5.578833E0,2.088765E1
8.992317E0,4.708769E0,1.830894E1
8.996487E0,4.061472E0,1.342218E1
9.000658E0,3.484329E0,1.083216E1
9.004829E0,3.404238E0,6.476135E0
9.009000E0,2.975537E0,3.074590E0
9.013171E0,2.667272E0,-1.415727E-1
9.017342E0,3.578500E0,-2.926479E0
9.021513E0,4.463739E0,-5.081271E0
9.025683E0,4.454194E0,-6.048035E0
9.029854E0,4.714569E0,-6.891144E0
9.034025E0,4.212183E0,-7.155785E0
9.038196E0,3.974559E0,-5.397823E0
9.042367E0,4.598387E0,-4.949684E0
9.046538E0,4.832278E0,-2.299832E0
9.050708E0,5.126033E0,-4.510261E-1
9.054879E0,4.751589E0,3.074265E0
9.059050E0,4.971835E0,7.047882E0
9.063221E0,4.926524E0,1.085014E1
9.067392E0,5.331569E0,1.487067E1
9.071563E0,4.602443E0,1.775538E1
9.075733E0,-2.863897E0,1.930842E1
9.079904E0,3.405172E0,2.169173E1
9.084075E0,2.843807E0,2.284138E1
9.088246E0,2.518127E0,2.278890E1
9.092417E0,2.649151E0,2.220267E1
9.096588E0,2.334729E0,2.088950E1
9.100758E0,3.121135E0,1.867431E1
9.104929E0,2.941083E0,1.607626E1
9.109100E0,3.271785E0,1.242211E1
9.113271E0,5.036729E0,8.109717E0
9.117442E0,5.777204E0,4.763949E0
9.121612E0,7.676726E0,1.340186E0
9.125783E0,8.329410E0,-8.745403E-1
9.129954E0,8.628858E0,-2.483578E0
9.134125E0,9.678864E0,-3.798613E0
9.138296E0,9.060819E0,-4.065458E0
9.142467E0,9.330078E0,-4.644723E0
9.146638E0,8.805548E0,-3.841687E0
9.150808E0,8.694797E0,-1.888269E0
9.154979E0,8.748044E0,-9.838844E-1
9.159150E0,9.222717E0,1.101180E0
9.163321E0,7.372603E0,3.484828E0
9.167492E0,6.810377E0,7.445713E0
9.171663E0,4.871183E0,1.074913E1
9.175833E0,4.692977E0,1.477315E1
9.180004E0,2.875034E0,1.742288E1
9.184175E0,1.949740E0,1.906446E1
9.188346E0,2.368844E0,2.045627E1
9.192517E0,2.634467E0,2.043783E1
9.196687E0,2.644398E0,2.041920E1
9.200858E0,2.590531E0,1.929113E1
9.205029E0,2.888099E0,1.810586E1
9.209200E0,3.915361E0,1.534956E1
9.213371E0,3.997675E0,1.299456E1
9.217542E0,5.515070E0,9.146959E0
9.221712E0,6.110263E0,6.929276E0
9.225883E0,8.244625E0,3.573600E0
9.230054E0,9.429885E0,1.139344E0
9.234225E0,9.489649E0,-7.971633E-1
9.238396E0,1.010391E1,-1.571047E0
9.242567E0,9.767674E0,-2.694360E0
9.246738E0,1.002870E1,-2.484433E0
9.250908E0,9.454749E0,-1.810505E0
9.255079E0,9.291595E0,-8.157928E-1
9.259250E0,8.177252E0,1.300448E0
9.263421E0,7.334314E0,3.204103E0
9.267592E0,6.292046E0,6.084995E0
9.271763E0,4.549407E0,8.937354E0
9.275933E0,3.824433E0,1.283075E1
9.280104E0,2.935559E0,1.527507E1
9.284275E0,2.913629E0,1.704700E1
9.288446E0,1.583581E0,1.929576E1
9.292617E0,2.773206E0,1.917263E1
9.296788E0,2.905794E0,1.960386E1
9.300958E0,3.199399E0,1.922406E1
9.305129E0,3.882239E0,1.757402E1
9.309300E0,4.101050E0,1.593293E1
9.313471E0,4.265191E0,1.326172E1
9.317642E0,5.118402E0,9.671951E0
9.321813E0,5.615044E0,5.879187E0
9.325983E0,7.223103E0,4.454507E0
9.330154E0,5.218083E0,1.336643E0
9.334325E0,7.468906E0,-5.370208E-1
9.338496E0,7.246807E0,-2.367140E0
9.342667E0,6.651990E0,-2.542882E0
9.346837E0,7.173513E0,-1.668836E0
9.351008E0,6.879091E0,-8.184673E-1
9.355179E0,5.027513E0,1.027060E0
9.359350E0,4.577060E0,2.751725E0
9.363521E0,4.654502E0,4.997251E0
9.367692E0,4.611899E0,7.148056E0
9.371862E0,5.102301E0,1.089144E1
9.376033E0,4.421889E0,1.329149E1
9.380204E0,4.533797E0,1.579242E1
9.384375E0,4.725741E0,1.756481E1
9.388546E0,5.258769E0,1.846265E1
9.392717E0,4.923855E0,1.911362E1
9.396888E0,4.549987E0,1.902235E1
9.401058E0,4.411445E0,1.729223E1
9.405229E0,4.724688E0,1.621324E1
9.409400E0,4.736731E0,1.316599E1
9.413571E0,4.863352E0,1.011876E1
9.417742E0,5.224251E0,6.323688E0
9.421913E0,4.890902E0,3.713145E0
9.426083E0,5.499414E0,1.620537E0
9.430254E0,4.805210E0,9.369572E-1
9.434425E0,5.306428E0,-8.448679E-1
9.438596E0,6.315501E0,-8.985129E-1
9.442767E0,6.310100E0,-4.233139E-1
9.446938E0,6.783047E0,1.192122E0
9.451108E0,6.782576E0,2.047762E0
9.455279E0,4.819723E0,4.739699E0
9.459450E0,5.409552E0,7.157153E0
9.463621E0,5.386318E0,9.489074E0
9.467792E0,3.200093E0,1.314130E1
9.471963E0,3.457411E0,1.450474E1
9.476133E0,4.476097E0,1.542176E1
9.480304E0,4.753894E0,1.664069E1
9.484475E0,4.678172E0,1.761707E1
9.488646E0,4.035144E0,1.682419E1
9.492817E0,3.991292E0,1.605728E1
9.496987E0,4.188950E0,1.407011E1
9.501158E0,3.498893E0,1.133128E1
9.505329E0,4.760362E0,8.536014E0
9.509500E0,4.044110E0,6.128181E0
9.513671E0,4.569988E0,4.100649E0
9.517842E0,6.616773E0,2.971021E0
9.522013E0,6.646080E0,1.562047E0
9.526183E0,6.857226E0,1.334551E0
9.530354E0,7.063655E0,1.266203E0
9.534525E0,6.150377E0,8.985327E-1
9.538696E0,4.510184E0,2.865198E0
9.542867E0,6.223492E0,3.650274E0
9.547038E0,5.396119E0,5.779763E0
9.551208E0,6.124255E0,8.421780E0
9.555379E0,4.635667E0,1.104811E1
9.559550E0,4.283156E0,1.304783E1
9.563721E0,4.370969E0,1.536562E1
9.567892E0,4.250125E0,1.636614E1
9.572062E0,3.930589E0,1.679522E1
9.576233E0,4.109549E0,1.692800E1
9.580404E0,4.572487E0,1.586788E1
9.584575E0,4.628400E0,1.399058E1
9.588746E0,4.748536E0,1.178849E1
9.592917E0,4.704213E0,9.195340E0
9.597087E0,5.284887E0,7.218987E0
9.601258E0,6.556162E0,4.963320E0
9.605429E0,6.825205E0,3.380621E0
9.609600E0,6.612777E0,1.711797E0
9.613771E0,6.304115E0,1.230052E0
9.617942E0,6.845561E0,1.896239E0
9.622113E0,6.786168E0,2.904888E0
9.626283E0,6.301271E0,3.783059E0
9.630454E0,6.446614E0,5.895177E0
9.634625E0,4.802957E0,7.984146E0
9.638796E0,5.123523E0,1.086404E1
9.642967E0,4.430526E0,1.323758E1
9.647138E0,4.890556E0,1.381974E1
9.651308E0,5.537668E0,1.604866E1
9.655479E0,5.342833E0,1.618329E1
9.659650E0,5.583450E0,1.635563E1
9.663821E0,4.698434E0,1.476431E1
9.667992E0,4.818410E0,1.327831E1
9.672163E0,4.292147E0,1.094438E1
9.676333E0,4.846213E0,8.941815E0
9.680504E0,4.243185E0,6.940732E0
9.684675E0,4.736633E0,5.128302E0
9.688846E0,4.621586E0,3.860198E0
9.693017E0,5.025294E0,3.046750E0
9.697188E0,4.508051E0,3.281377E0
9.701358E0,5.024114E0,3.174690E0
9.705529E0,5.158764E0,4.155102E0
9.709700E0,5.085363E0,5.645991E0
9.713871E0,4.537102E0,7.249310E0
9.718042E0,5.083164E0,9.675255E0
9.722212E0,5.396276E0,1.137220E1
9.726383E0,5.622851E0,1.298605E1
9.730554E0,5.680621E0,1.430815E1
9.734725E0,5.697364E0,1.469352E1
9.738896E0,5.932121E0,1.437402E1
9.743067E0,5.585797E0,1.360950E1
9.747237E0,4.554415E0,1.216707E1
9.751408E0,4.519931E0,1.081635E1
9.755579E0,4.475670E0,8.786220E0
9.759750E0,4.189691E0,7.128436E0
9.763921E0,4.944879E0,4.867994E0
9.768092E0,5.422326E0,4.256766E0
9.772263E0,4.551731E0,4.774803E0
9.776433E0,5.057498E0,4.769364E0
9.780604E0,3.890572E0,4.918401E0
9.784775E0,4.837458E0,5.198615E0
9.788946E0,4.568590E0,7.064989E0
9.793117E0,5.004226E0,9.302372E0
9.797287E0,5.067343E0,1.127599E1
9.801458E0,5.022177E0,1.295809E1
9.805629E0,5.430710E0,1.333855E1
9.809800E0,6.592660E0,1.378234E1
9.813971E0,6.404218E0,1.370577E1
9.818142E0,5.617566E0,1.292315E1
9.822313E0,5.794618E0,1.169733E1
9.826483E0,4.903644E0,1.010415E1
9.830654E0,4.662825E0,7.770310E0
9.834825E0,5.131260E0,7.074894E0
9.838996E0,4.012841E0,3.554927E0
9.843167E0,3.748517E0,4.976682E0
9.847338E0,4.101752E0,4.549784E0
9.851508E0,4.581956E0,3.884577E0
9.855679E0,4.650575E0,4.753490E0
9.859850E0,4.476431E0,6.783573E0
9.864021E0,5.195848E0,6.855055E0
9.868192E0,4.261298E0,9.370949E0
9.872362E0,4.359438E0,1.098973E1
9.876533E0,4.950102E0,1.172568E1
9.880704E0,4.991055E0,1.314139E1
9.884875E0,5.023022E0,1.323812E1
9.889046E0,4.630551E0,1.199694E1
9.893217E0,4.593352E0,1.091019E1
9.897388E0,4.767474E0,9.536595E0
9.901558E0,4.413541E0,7.124573E0
9.905729E0,3.727419E0,6.143800E0
9.909900E0,4.470931E0,5.122997E0
9.914071E0,4.706854E0,5.045312E0
9.918242E0,4.766160E0,5.023531E0
9.922413E0,4.714678E0,5.402614E0
9.926583E0,4.860165E0,6.593037E0
9.930754E0,4.742505E0,6.779185E0
9.934925E0,4.956383E0,9.152051E0
9.939096E0,4.416533E0,1.100482E1
9.943267E0,4.933857E0,1.189497E1
9.947437E0,4.951284E0,1.303188E1
9.951608E0,4.616785E0,1.286429E1
9.955779E0,5.116009E0,1.249425E1
9.959950E0,4.631433E0,9.778490E0
9.964121E0,4.544660E0,8.840139E0
9.968292E0,5.175344E0,7.302538E0
9.972462E0,4.317503E0,6.194614E0
9.976633E0,5.080378E0,5.260187E0
9.980804E0,4.497062E0,5.215650E0
9.984975E0,4.648501E0,5.053777E0
9.989146E0,2.958773E0,6.966672E0
9.993317E0,3.606662E0,7.236910E0
9.997488E0,4.686241E0,8.109402E0
1.000166E1,5.087641E0,9.627152E0
1.000583E1,5.438199E0,9.460895E0
1.001000E1,5.426066E0,9.549590E0
1.001417E1,4.925080E0,9.333914E0
1.001834E1,4.738019E0,1.081648E1
1.002251E1,4.764330E0,1.001760E1
1.002668E1,4.820770E0,8.823657E0
1.003085E1,4.008862E0,7.572414E0
1.003502E1,4.347855E0,7.022521E0
1.003920E1,4.427569E0,6.041311E0
1.004337E1,4.471479E0,6.097428E0
1.004754E1,5.456214E0,5.471298E0
1.005171E1,4.203810E0,7.476958E0
1.005588E1,3.135099E0,7.575580E0
1.006005E1,3.634678E0,6.879461E0
1.006422E1,3.854845E0,9.199670E0
1.006839E1,-8.345053E-1,1.086231E1
1.007256E1,-1.062623E0,1.057615E1
1.007673E1,-1.000172E0,1.045468E1
1.008090E1,-9.293183E-1,1.012569E1
1.008508E1,-1.220667E0,9.557390E0
1.008925E1,-1.134494E0,8.351403E0
1.009342E1,-1.331610E0,7.211140E0
1.009759E1,-1.577598E0,6.643883E0
1.010176E1,-1.432951E0,6.090728E0
1.010593E1,-1.569998E0,6.306744E0
1.011010E1,-1.164881E0,6.557152E0
1.011427E1,-1.198869E0,6.913103E0
1.011844E1,-9.158896E-1,7.558840E0
1.012261E1,-1.146653E0,8.491448E0
1.012678E1,-1.084143E0,1.006867E1
1.013095E1,-9.491018E-1,1.007505E1
1.013513E1,-7.181871E-1,9.190305E0
1.013930E1,-9.371662E-1,9.164653E0
1.014347E1,-1.289199E0,8.704786E0
1.014764E1,-1.570944E0,8.246036E0
1.015181E1,-1.271262E0,7.720204E0
1.015598E1,-1.210942E0,6.616614E0
1.016015E1,-1.355295E0,6.672323E0
1.016432E1,-8.487820E-1,6.620324E0
1.016849E1,-1.183649E0,7.558462E0
1.017266E1,-1.450515E0,7.801349E0
1.017683E1,-8.942413E-1,8.992756E0
1.018100E1,-1.136323E0,9.370924E0
1.018517E1,-9.400881E-1,9.684153E0
1.018935E1,-1.018797E0,9.939076E0
1.019352E1,-9.841474E-1,9.960570E0
1.019769E1,-1.178927E0,9.075305E0
1.020186E1,-1.670246E0,8.560905E0
1.020603E1,-1.543602E0,8.130163E0
1.021020E1,-1.321247E0,6.879492E0
1.021437E1,-1.745021E0,7.014346E0
1.021854E1,-1.859916E0,7.118908E0
1.022271E1,-2.040430E0,7.525088E0
1.022688E1,-1.684210E0,6.908730E0
1.023105E1,-1.247247E0,7.972397E0
1.023522E1,-1.423982E0,8.891038E0
1.023940E1,-8.042582E-1,9.434188E0
1.024357E1,-1.150511E0,9.864460E0
1.024774E1,-1.019634E0,9.866922E0
1.025191E1,-1.317061E0,9.543934E0
1.025608E1,-1.172909E0,8.689530E0
1.026025E1,-1.024927E0,8.011283E0
1.026442E1,-1.067611E0,7.342824E0
1.026859E1,-1.414259E0,7.504571E0
1.027276E1,-1.372981E0,7.114874E0
1.027693E1,-1.309921E0,7.510636E0
1.028110E1,-1.079967E0,7.599168E0
1.028528E1,-9.136043E-1,8.210543E0
1.028945E1,-1.316153E0,9.152422E0
1.029362E1,-7.497102E-1,9.438937E0
1.029779E1,-1.103844E0,9.036838E0
1.030196E1,-1.088550E0,9.334766E0
1.030613E1,-1.125472E0,9.294025E0
1.031030E1,-1.520642E0,8.452342E0
1.031447E1,-1.006850E0,8.830647E0
1.031864E1,-1.709051E0,8.866464E0
1.032281E1,-1.206649E0,8.064697E0
1.032698E1,-1.236923E0,8.541159E0
1.033115E1,-1.390981E0,9.000063E0
1.033533E1,-1.415228E0,8.701024E0
1.033950E1,-1.291444E0,9.755147E0
1.034367E1,-1.012637E0,1.024499E1
1.034784E1,-9.680481E-1,1.009421E1
1.035201E1,-1.452154E0,9.415171E0
1.035618E1,-1.016045E0,9.281233E0
1.036035E1,-1.299793E0,8.479395E0
1.036452E1,-1.248836E0,8.273700E0
1.036869E1,-1.248986E0,8.700752E0
1.037286E1,-1.583815E0,8.374506E0
1.037703E1,-1.320186E0,8.651029E0
1.038120E1,-1.062366E0,8.638870E0
1.038537E1,-1.343241E0,8.227413E0
1.038955E1,-1.290120E0,8.884422E0
1.039372E1,-9.413642E-1,9.390234E0
1.039789E1,-1.175884E0,9.433999E0
1.040206E1,-1.107062E0,9.741505E0
1.040623E1,-1.232734E0,9.058084E0
1.041040E1,-1.177591E0,9.170083E0
1.041457E1,-1.050940E0,9.426071E0
1.041874E1,-1.389418E0,9.260624E0
1.042291E1,-1.207049E0,9.347779E0
1.042708E1,-1.248419E0,8.577519E0
1.043125E1,-1.553392E0,8.844109E0
1.043542E1,-1.170999E0,1.011071E1
1.043960E1,-1.268174E0,9.571882E0
1.044377E1,-1.082263E0,9.529371E0
1.044794E1,-1.186688E0,9.346985E0
1.045211E1,-1.211059E0,9.456708E0
1.045628E1,-1.307798E0,8.886250E0
1.046045E1,-1.505387E0,9.224371E0
1.046462E1,-1.712913E0,8.871053E0
1.046879E1,-1.353985E0,8.917203E0
1.047296E1,-1.703051E0,7.776227E0
1.047713E1,-1.088303E0,8.204062E0
1.048130E1,-1.166438E0,8.924165E0
1.048548E1,-1.353250E0,8.940032E0
1.048965E1,-1.586062E0,8.835710E0
1.049382E1,-9.923119E-1,9.381947E0
1.049799E1,-1.196654E0,8.706455E0
1.050216E1,-1.214852E0,8.647732E0
1.050633E1,-1.685231E0,8.147216E0
1.051050E1,-1.292357E0,8.598572E0
1.051467E1,-1.727936E0,8.559859E0
1.051884E1,-2.080916E0,8.412661E0
1.052301E1,-1.798426E0,8.096734E0
1.052718E1,-1.815387E0,8.901431E0
1.053135E1,-2.184056E0,8.894264E0
1.053552E1,-1.926002E0,9.219738E0
1.053970E1,-1.982378E0,8.882983E0
1.054387E1,-1.901297E0,8.963044E0
1.054804E1,-1.949067E0,9.520811E0
1.055221E1,-1.995979E0,9.334039E0
1.055638E1,-1.994859E0,9.177042E0
1.056055E1,-1.806559E0,8.592745E0
1.056472E1,-2.059520E0,8.348703E0
1.056889E1,-2.294384E0,8.763117E0
1.057306E1,-1.757363E0,9.108864E0
1.057723E1,-1.538020E0,9.341701E0
1.058140E1,-1.788911E0,9.262605E0
1.058558E1,-2.236447E0,8.954419E0
1.058975E1,-2.145559E0,8.982144E0
1.059392E1,-2.011231E0,8.874233E0
1.059809E1,-2.150813E0,8.664261E0
1.060226E1,-2.206753E0,8.329702E0
1.060643E1,-1.856538E0,8.618623E0
1.061060E1,-2.043844E0,8.747260E0
1.061477E1,-1.827196E0,8.890821E0
1.061894E1,-1.915386E0,9.165115E0
1.062311E1,-2.167997E0,9.233176E0
1.062728E1,-2.221232E0,8.891339E0
1.063145E1,-2.020419E0,9.382158E0
1.063562E1,-1.944420E0,9.178610E0
1.063980E1,-1.957449E0,9.605111E0
1.064397E1,-1.860663E0,8.710750E0
1.064814E1,-1.916790E0,8.647227E0
1.065231E1,-1.958540E0,8.913221E0
1.065648E1,-1.906000E0,9.360559E0
1.066065E1,-2.133607E0,9.355453E0
1.066482E1,-1.827075E0,9.386325E0
1.066899E1,-1.993721E0,9.078393E0
1.067316E1,-2.127494E0,9.108516E0
1.067733E1,-1.896909E0,9.148314E0
1.068150E1,-1.813987E0,9.308051E0
1.068567E1,-2.051669E0,9.321137E0
1.068985E1,-1.790228E0,9.152750E0
1.069402E1,-1.960051E0,8.874068E0
1.069819E1,-1.753470E0,9.378309E0
1.070236E1,-1.953139E0,8.951282E0
1.070653E1,-2.152343E0,9.307804E0
1.071070E1,-2.042782E0,9.114955E0
1.071487E1,-2.186788E0,9.535501E0
1.071904E1,-1.908348E0,9.199987E0
1.072321E1,-2.253972E0,9.644912E0
1.072738E1,-1.726707E0,9.808083E0
1.073155E1,-2.113862E0,9.707423E0
1.073573E1,-1.982729E0,1.022144E1
1.073990E1,-2.079181E0,9.714489E0
1.074407E1,-1.344624E0,9.999335E0
1.074824E1,-1.375769E0,9.770075E0
1.075241E1,-1.279555E0,9.792249E0
1.075658E1,-1.805095E0,9.642356E0
1.076075E1,-1.970734E0,8.947987E0
1.076492E1,-2.014270E0,9.150857E0
1.076909E1,-1.765398E0,8.711148E0
1.077326E1,-2.103424E0,9.272426E0
1.077743E1,-1.958114E0,9.439102E0
1.078160E1,-1.866935E0,9.011944E0
1.078577E1,-1.985836E0,9.631525E0
1.078995E1,-2.166574E0,8.982309E0
1.079412E1,-2.045526E0,9.320362E0
1.079829E1,-2.001176E0,9.565345E0
1.080246E1,-1.846465E0,9.198578E0
1.080663E1,-2.076630E0,9.597169E0
1.081080E1,-2.042817E0,9.431653E0
1.081497E1,-1.439501E0,8.595457E0
1.081914E1,-2.021690E0,8.927606E0
1.082331E1,-1.867765E0,9.548579E0
1.082748E1,-2.060403E0,9.350425E0
1.083165E1,-2.039803E0,9.261881E0
1.083583E1,-1.944229E0,9.354888E0
1.084000E1,-1.982752E0,9.212806E0
1.084417E1,-1.875915E0,9.417771E0
1.084834E1,-2.211529E0,9.780308E0
1.085251E1,-1.935281E0,9.497728E0
1.085668E1,-2.228722E0,9.750322E0
1.086085E1,-1.976253E0,9.091525E0
1.086502E1,-1.986156E0,8.858262E0
1.086919E1,-1.984804E0,9.089975E0
1.087336E1,-1.876448E0,9.141124E0
1.087753E1,-1.988496E0,9.318782E0
1.088170E1,-2.255046E0,9.361345E0
1.088588E1,-1.937342E0,9.233102E0
1.089005E1,-1.833064E0,9.466973E0
1.089422E1,-1.834533E0,9.363596E0
1.089839E1,-2.117553E0,9.866420E0
1.090256E1,-2.009644E0,9.919728E0
1.090673E1,-1.949193E0,9.901719E0
1.091090E1,-1.983620E0,9.350588E0
1.091507E1,-1.924735E0,9.212645E0
1.091924E1,-2.081841E0,9.342180E0
1.092341E1,-1.858633E0,8.834890E0
1.092758E1,-2.026456E0,9.264196E0
1.093175E1,-2.189765E0,8.850741E0
1.093592E1,-2.323353E0,8.962701E0
1.094010E1,-2.020201E0,9.086148E0
1.094427E1,-2.196241E0,9.012063E0
1.094844E1,-2.113723E0,9.545875E0
1.095261E1,-2.243308E0,9.028754E0
1.095678E1,-2.179616E0,9.019421E0
1.096095E1,-2.152065E0,9.050158E0
1.096512E1,-2.198451E0,9.161993E0
1.096929E1,-2.076811E0,9.186802E0
1.097346E1,-2.021870E0,8.600619E0
1.097763E1,-2.138253E0,8.888466E0
