,mass A,,
t,x,y,
5.505500E-1,2.245618E2,8.853500E1
5.547208E-1,2.256628E2,9.050969E1
5.588917E-1,2.243593E2,9.069247E1
5.630625E-1,2.248123E2,9.135875E1
5.672333E-1,2.249008E2,9.247923E1
5.714042E-1,2.242508E2,9.240128E1
5.755750E-1,2.243000E2,9.282076E1
5.797458E-1,2.249204E2,9.281523E1
5.839167E-1,2.250871E2,9.285844E1
5.880875E-1,2.253755E2,9.313438E1
5.922583E-1,2.262856E2,9.347554E1
5.964292E-1,2.269932E2,9.337846E1
6.006000E-1,2.269170E2,9.290781E1
6.047708E-1,2.279706E2,9.303092E1
6.089417E-1,2.283251E2,9.294447E1
6.131125E-1,2.287600E2,9.330261E1
6.172833E-1,2.290210E2,9.326362E1
6.214542E-1,2.284156E2,9.375696E1
6.256250E-1,2.282042E2,9.412503E1
6.297958E-1,2.275603E2,9.482441E1
6.339667E-1,2.261769E2,9.650202E1
6.381375E-1,2.233328E2,9.655632E1
6.423083E-1,2.208963E2,9.850207E1
6.464792E-1,2.167984E2,1.000168E2
6.506500E-1,2.120410E2,1.024186E2
6.548208E-1,2.063913E2,1.056466E2
6.589917E-1,1.999488E2,1.086640E2
6.631625E-1,1.919200E2,1.112191E2
6.673333E-1,1.827984E2,1.135913E2
6.715042E-1,1.723305E2,1.157831E2
6.756750E-1,1.607950E2,1.171330E2
6.798458E-1,1.470069E2,1.176021E2
6.840167E-1,1.321624E2,1.180214E2
6.881875E-1,1.175355E2,1.178478E2
6.923583E-1,1.010777E2,1.163465E2
6.965292E-1,8.494318E1,1.140653E2
7.007000E-1,6.815632E1,1.098632E2
7.048708E-1,5.135319E1,1.056919E2
7.090417E-1,3.462478E1,1.005921E2
7.132125E-1,2.390710E1,9.171368E1
7.173833E-1,7.617270E0,8.440114E1
7.215542E-1,-7.880561E0,7.633149E1
7.257250E-1,-2.326794E1,6.342441E1
7.298958E-1,-3.905785E1,5.603149E1
7.340667E-1,-5.106936E1,4.326818E1
7.382375E-1,-6.531680E1,3.233410E1
7.424083E-1,-7.719781E1,2.222377E1
7.465792E-1,-9.055305E1,1.381324E1
7.507500E-1,-1.035490E2,3.845834E0
7.549208E-1,-1.188638E2,-3.739588E0
7.590917E-1,-1.290651E2,-1.508151E1
7.632625E-1,-1.381644E2,-2.747723E1
7.674333E-1,-1.465446E2,-4.024265E1
7.716042E-1,-1.532598E2,-5.151986E1
7.757750E-1,-1.589814E2,-6.353364E1
7.799458E-1,-1.665334E2,-7.373062E1
7.841167E-1,-1.711573E2,-8.470814E1
7.882875E-1,-1.743607E2,-9.521557E1
7.924583E-1,-1.774954E2,-1.052153E2
7.966292E-1,-1.787454E2,-1.140967E2
8.008000E-1,-1.799155E2,-1.237449E2
8.049708E-1,-1.803339E2,-1.315327E2
8.091417E-1,-1.794392E2,-1.393935E2
8.133125E-1,-1.773687E2,-1.454072E2
8.174833E-1,-1.749915E2,-1.516285E2
8.216542E-1,-1.714276E2,-1.564923E2
8.258250E-1,-1.673726E2,-1.610574E2
8.299958E-1,-1.631106E2,-1.641497E2
8.341667E-1,-1.574768E2,-1.671586E2
8.383375E-1,-1.520411E2,-1.690846E2
8.425083E-1,-1.462042E2,-1.704524E2
8.466792E-1,-1.384057E2,-1.710994E2
8.508500E-1,-1.307812E2,-1.703919E2
8.550208E-1,-1.219296E2,-1.693195E2
8.591917E-1,-1.132165E2,-1.680013E2
8.633625E-1,-1.029881E2,-1.648888E2
8.675333E-1,-9.285307E1,-1.613814E2
8.717042E-1,-8.252025E1,-1.564394E2
8.758750E-1,-7.123455E1,-1.506290E2
8.800458E-1,-6.122640E1,-1.439584E2
8.842167E-1,-4.942127E1,-1.359394E2
8.883875E-1,-3.776529E1,-1.276515E2
8.925583E-1,-2.386173E1,-1.192707E2
8.967292E-1,-1.109664E1,-1.085847E2
9.009000E-1,1.850472E0,-9.792579E1
9.050708E-1,1.479821E1,-8.534107E1
9.092417E-1,2.665314E1,-7.328148E1
9.134125E-1,3.837869E1,-5.925461E1
9.175833E-1,4.859404E1,-4.434555E1
9.217542E-1,5.900513E1,-3.158392E1
9.259250E-1,6.917033E1,-1.549086E1
9.300958E-1,7.815684E1,-3.953245E-2
9.342667E-1,8.582418E1,1.575389E1
9.384375E-1,9.358572E1,3.058150E1
9.426083E-1,1.008227E2,4.559160E1
9.467792E-1,1.069429E2,5.986422E1
9.509500E-1,1.119119E2,7.333274E1
9.551208E-1,1.154073E2,8.553006E1
9.592917E-1,1.184431E2,9.800352E1
9.634625E-1,1.217963E2,1.091579E2
9.676333E-1,1.232454E2,1.201923E2
9.718042E-1,1.239178E2,1.316496E2
9.759750E-1,1.242375E2,1.412633E2
9.801458E-1,1.237821E2,1.499463E2
9.843167E-1,1.220191E2,1.594601E2
9.884875E-1,1.200329E2,1.671042E2
9.926583E-1,1.170840E2,1.735675E2
9.968292E-1,1.134278E2,1.795559E2
1.001000E0,1.102049E2,1.829536E2
1.005171E0,1.054079E2,1.874261E2
1.009342E0,1.009954E2,1.900475E2
1.013513E0,9.477461E1,1.922274E2
1.017683E0,8.927244E1,1.933718E2
1.021854E0,8.228740E1,1.937839E2
1.026025E0,7.557011E1,1.929644E2
1.030196E0,6.842327E1,1.911508E2
1.034367E0,6.120491E1,1.881477E2
1.038537E0,5.315122E1,1.842853E2
1.042708E0,4.568198E1,1.794456E2
1.046879E0,3.698558E1,1.732997E2
1.051050E0,2.853307E1,1.676361E2
1.055221E0,1.936474E1,1.592545E2
1.059392E0,1.113124E1,1.510814E2
1.063562E0,1.720859E0,1.413208E2
1.067733E0,-7.032590E0,1.300343E2
1.071904E0,-1.669177E1,1.188047E2
1.076075E0,-2.537104E1,1.064480E2
1.080246E0,-3.319964E1,9.144839E1
1.084417E0,-4.136248E1,7.620848E1
1.088588E0,-4.908101E1,5.977446E1
1.092758E0,-5.576091E1,4.232582E1
1.096929E0,-6.122899E1,2.562188E1
1.101100E0,-6.615759E1,8.008176E0
1.105271E0,-7.101742E1,-8.649294E0
1.109442E0,-7.433982E1,-2.660269E1
1.113612E0,-7.704157E1,-4.383347E1
1.117783E0,-7.911978E1,-5.915469E1
1.121954E0,-7.954402E1,-7.500903E1
1.126125E0,-7.990382E1,-9.008594E1
1.130296E0,-7.967406E1,-1.036648E2
1.134467E0,-7.757498E1,-1.208889E2
1.138637E0,-7.584085E1,-1.347933E2
1.142808E0,-7.310791E1,-1.488949E2
1.146979E0,-7.068281E1,-1.613031E2
1.151150E0,-6.725314E1,-1.718570E2
1.155321E0,-6.357969E1,-1.817997E2
1.159492E0,-5.876426E1,-1.912943E2
1.163662E0,-5.437903E1,-1.968988E2
1.167833E0,-4.939390E1,-2.028928E2
1.172004E0,-4.399188E1,-2.088763E2
1.176175E0,-3.908552E1,-2.128150E2
1.180346E0,-3.379792E1,-2.164385E2
1.184517E0,-2.876062E1,-2.186257E2
1.188687E0,-2.338807E1,-2.186843E2
1.192858E0,-1.782490E1,-2.184325E2
1.197029E0,-1.249054E1,-2.174651E2
1.201200E0,-7.096122E0,-2.154202E2
1.205371E0,-1.689341E0,-2.127505E2
1.209542E0,3.718726E0,-2.077679E2
1.213713E0,8.614517E0,-2.021965E2
1.217883E0,1.371691E1,-1.955680E2
1.222054E0,1.872640E1,-1.897749E2
1.226225E0,2.264351E1,-1.798118E2
1.230396E0,2.669794E1,-1.687594E2
1.234567E0,3.049743E1,-1.588146E2
1.238738E0,3.449422E1,-1.482069E2
1.242908E0,3.786852E1,-1.358202E2
1.247079E0,4.111694E1,-1.236598E2
1.251250E0,4.433988E1,-1.103970E2
1.255421E0,4.738414E1,-9.775789E1
1.259592E0,4.669144E1,-8.612933E1
1.263763E0,4.674704E1,-7.000619E1
1.267933E0,4.853915E1,-5.139948E1
1.272104E0,4.939755E1,-3.380645E1
1.276275E0,4.971396E1,-1.471417E1
1.280446E0,4.915321E1,4.186612E0
1.284617E0,4.748751E1,2.280672E1
1.288787E0,4.579576E1,4.069826E1
1.292958E0,4.229333E1,5.746388E1
1.297129E0,3.945683E1,7.392497E1
1.301300E0,3.646665E1,8.926728E1
1.305471E0,3.266770E1,1.043510E2
1.309642E0,2.860941E1,1.186144E2
1.313813E0,2.513860E1,1.316750E2
1.317983E0,2.514456E1,1.486870E2
1.322154E0,2.061260E1,1.597706E2
1.326325E0,1.690275E1,1.707671E2
1.330496E0,1.321946E1,1.796374E2
1.334667E0,9.477259E0,1.879305E2
1.338838E0,4.683110E0,1.946421E2
1.343008E0,6.929755E-1,2.002784E2
1.347179E0,-3.182854E0,2.048395E2
1.351350E0,-7.998458E0,2.090916E2
1.355521E0,-1.165645E1,2.119086E2
1.359692E0,-1.633517E1,2.141787E2
1.363862E0,-2.122136E1,2.144062E2
1.368033E0,-2.473982E1,2.137449E2
1.372204E0,-2.855906E1,2.126190E2
1.376375E0,-3.334824E1,2.104538E2
1.380546E0,-3.733218E1,2.070349E2
1.384717E0,-4.103257E1,2.022121E2
1.388888E0,-4.532971E1,1.962721E2
1.393058E0,-4.832684E1,1.899995E2
1.397229E0,-5.214644E1,1.818449E2
1.401400E0,-5.548882E1,1.723352E2
1.405571E0,-5.805426E1,1.626446E2
1.409742E0,-6.043518E1,1.513109E2
1.413912E0,-6.161078E1,1.397237E2
1.418083E0,-6.296046E1,1.262645E2
1.422254E0,-6.425855E1,1.110129E2
1.426425E0,-6.491177E1,9.532850E1
1.430596E0,-6.449127E1,7.914073E1
1.434767E0,-6.371562E1,6.172550E1
1.438937E0,-6.121672E1,4.303810E1
1.443108E0,-5.854352E1,2.446643E1
1.447279E0,-5.454656E1,6.538626E0
1.451450E0,-5.005930E1,-1.134546E1
1.455621E0,-4.486222E1,-2.889368E1
1.459792E0,-3.865442E1,-4.746759E1
1.463963E0,-3.232177E1,-6.450709E1
1.468133E0,-2.547827E1,-8.000279E1
1.472304E0,-1.766618E1,-9.492360E1
1.476475E0,-1.032918E1,-1.093852E2
1.480646E0,-2.038308E0,-1.223322E2
1.484817E0,5.587277E0,-1.344423E2
1.488987E0,6.576088E0,-1.517781E2
1.493158E0,1.459086E1,-1.617852E2
1.497329E0,2.303648E1,-1.708963E2
1.501500E0,3.028171E1,-1.790726E2
1.505671E0,3.723766E1,-1.855308E2
1.509842E0,4.449476E1,-1.915148E2
1.514012E0,5.101014E1,-1.959736E2
1.518183E0,5.713104E1,-1.996402E2
1.522354E0,6.182417E1,-2.022736E2
1.526525E0,6.715874E1,-2.034613E2
1.530696E0,7.161385E1,-2.043418E2
1.534867E0,7.591229E1,-2.038871E2
1.539037E0,7.945486E1,-2.028563E2
1.543208E0,8.284765E1,-2.006496E2
1.547379E0,8.618812E1,-1.974877E2
1.551550E0,8.780102E1,-1.937081E2
1.555721E0,9.011899E1,-1.892370E2
1.559892E0,9.121091E1,-1.835375E2
1.564062E0,9.194009E1,-1.769798E2
1.568233E0,9.217348E1,-1.691340E2
1.572404E0,9.164022E1,-1.609517E2
1.576575E0,9.137904E1,-1.509593E2
1.580746E0,9.042208E1,-1.398171E2
1.584917E0,8.813938E1,-1.273172E2
1.589087E0,8.556594E1,-1.148536E2
1.593258E0,8.230678E1,-1.023698E2
1.597429E0,7.944210E1,-8.860354E1
1.601600E0,7.427843E1,-7.349959E1
1.605771E0,6.916004E1,-5.881814E1
1.609942E0,6.358371E1,-4.297214E1
1.614113E0,5.661149E1,-2.606739E1
1.618283E0,4.841057E1,-1.195225E1
1.622454E0,3.865885E1,3.564034E0
1.626625E0,2.953699E1,1.881811E1
1.630796E0,2.016291E1,3.397758E1
1.634967E0,9.558899E0,4.635952E1
1.639138E0,4.639936E-1,6.059031E1
1.643308E0,-9.051793E0,7.303449E1
1.647479E0,-1.901853E1,8.477496E1
1.651650E0,-3.304392E1,9.545331E1
1.655821E0,-4.386368E1,1.053111E2
1.659992E0,-5.270903E1,1.131403E2
1.664163E0,-6.107430E1,1.205962E2
1.668333E0,-7.073781E1,1.274866E2
1.672504E0,-6.922858E1,1.404097E2
1.676675E0,-7.603015E1,1.444432E2
1.680846E0,-8.313182E1,1.487685E2
1.685017E0,-9.002682E1,1.523490E2
1.689188E0,-9.685483E1,1.552396E2
1.693358E0,-1.022242E2,1.571122E2
1.697529E0,-1.083361E2,1.579229E2
1.701700E0,-1.134025E2,1.578863E2
1.705871E0,-1.167856E2,1.570648E2
1.710042E0,-1.203605E2,1.554907E2
1.714213E0,-1.233912E2,1.529986E2
1.718383E0,-1.251442E2,1.497809E2
1.722554E0,-1.265037E2,1.457190E2
1.726725E0,-1.270887E2,1.407167E2
1.730896E0,-1.267030E2,1.339374E2
1.735067E0,-1.257982E2,1.273017E2
1.739237E0,-1.247958E2,1.198317E2
1.743408E0,-1.218729E2,1.126992E2
1.747579E0,-1.187421E2,1.038360E2
1.751750E0,-1.143588E2,9.401016E1
1.755921E0,-1.090546E2,8.339760E1
1.760092E0,-1.037614E2,7.357508E1
1.764263E0,-9.662990E1,6.219784E1
1.768433E0,-8.933501E1,5.022400E1
1.772604E0,-8.110069E1,3.827420E1
1.776775E0,-7.199026E1,2.525912E1
1.780946E0,-6.259823E1,1.313226E1
1.785117E0,-5.177042E1,-3.961610E-1
1.789288E0,-4.023011E1,-1.372320E1
1.793458E0,-2.769967E1,-2.686422E1
1.797629E0,-1.537448E1,-3.916653E1
1.801800E0,-1.112225E0,-5.051817E1
1.805971E0,1.214092E1,-6.115219E1
1.810142E0,2.587360E1,-7.094814E1
1.814312E0,3.846687E1,-8.019316E1
1.818483E0,5.134687E1,-8.939163E1
1.822654E0,6.328965E1,-9.711182E1
1.826825E0,7.470506E1,-1.048261E2
1.830996E0,8.568635E1,-1.112590E2
1.835167E0,9.502065E1,-1.161418E2
1.839338E0,9.525360E1,-1.224723E2
1.843508E0,1.030219E2,-1.253731E2
1.847679E0,1.113349E2,-1.275022E2
1.851850E0,1.181093E2,-1.296512E2
1.856021E0,1.248696E2,-1.302577E2
1.860192E0,1.305330E2,-1.311748E2
1.864362E0,1.357363E2,-1.308128E2
1.868533E0,1.401228E2,-1.300339E2
1.872704E0,1.439437E2,-1.281969E2
1.876875E0,1.470532E2,-1.260374E2
1.881046E0,1.488925E2,-1.231372E2
1.885217E0,1.504880E2,-1.196230E2
1.889387E0,1.511875E2,-1.147640E2
1.893558E0,1.503088E2,-1.110535E2
1.897729E0,1.493878E2,-1.054000E2
1.901900E0,1.469006E2,-1.005361E2
1.906071E0,1.436187E2,-9.391946E1
1.910242E0,1.396845E2,-8.733819E1
1.914413E0,1.348625E2,-8.019767E1
1.918583E0,1.293511E2,-7.262860E1
1.922754E0,1.223559E2,-6.478680E1
1.926925E0,1.143683E2,-5.605760E1
1.931096E0,1.069706E2,-4.800594E1
1.935267E0,9.775722E1,-3.730192E1
1.939437E0,9.042979E1,-2.752295E1
1.943608E0,7.905022E1,-1.756955E1
1.947779E0,6.731072E1,-4.003165E0
1.951950E0,5.394750E1,2.838669E0
1.956121E0,4.006986E1,1.267429E1
1.960292E0,2.448881E1,2.164765E1
1.964463E0,9.045514E0,3.048814E1
1.968633E0,-6.599737E0,3.864871E1
1.972804E0,-2.073427E1,4.587655E1
1.976975E0,-3.548013E1,5.257878E1
1.981146E0,-4.845168E1,5.827375E1
1.985317E0,-6.197084E1,6.340657E1
1.989487E0,-7.268038E1,6.834535E1
1.993658E0,-8.486247E1,7.142790E1
1.997829E0,-9.491466E1,7.418393E1
2.002000E0,-1.059871E2,7.575595E1
2.006171E0,-1.145161E2,7.756121E1
2.010342E0,-1.238402E2,7.840502E1
2.014512E0,-1.317627E2,7.902127E1
2.018683E0,-1.389046E2,7.871873E1
2.022854E0,-1.456100E2,7.789478E1
2.027025E0,-1.510654E2,7.640474E1
2.031196E0,-1.556933E2,7.460015E1
2.035367E0,-1.599964E2,7.228706E1
2.039538E0,-1.630763E2,6.936861E1
2.043708E0,-1.649974E2,6.609071E1
2.047879E0,-1.662456E2,6.244171E1
2.052050E0,-1.661474E2,5.906513E1
2.056221E0,-1.653752E2,5.472752E1
2.060392E0,-1.637657E2,5.010901E1
2.064563E0,-1.612986E2,4.477381E1
2.068733E0,-1.574826E2,3.981352E1
2.072904E0,-1.527251E2,3.464724E1
2.077075E0,-1.469226E2,2.836936E1
2.081246E0,-1.407987E2,2.208287E1
2.085417E0,-1.330883E2,1.605654E1
2.089587E0,-1.241239E2,9.457492E0
2.093758E0,-1.141533E2,3.691551E0
2.097929E0,-1.034512E2,-2.713827E0
2.102100E0,-9.175649E1,-8.742065E0
2.106271E0,-7.916011E1,-1.424142E1
2.110442E0,-6.668968E1,-1.904060E1
2.114613E0,-5.230384E1,-2.483544E1
2.118783E0,-3.845742E1,-2.964785E1
2.122954E0,-2.321358E1,-3.450260E1
2.127125E0,-6.429216E0,-3.735930E1
2.131296E0,9.768500E0,-3.949820E1
2.135467E0,2.638789E1,-4.139849E1
2.139637E0,4.203877E1,-4.304444E1
2.143808E0,5.517400E1,-4.508785E1
2.147979E0,7.027347E1,-4.493319E1
2.152150E0,8.329785E1,-4.470790E1
2.156321E0,9.547836E1,-4.427763E1
2.160492E0,1.061822E2,-4.395957E1
2.164662E0,1.165788E2,-4.318273E1
2.168833E0,1.260162E2,-4.135439E1
2.173004E0,1.341338E2,-4.024201E1
2.177175E0,1.418080E2,-3.822585E1
2.181346E0,1.490823E2,-3.559830E1
2.185517E0,1.534567E2,-3.487967E1
2.189687E0,1.587589E2,-3.251738E1
2.193858E0,1.631581E2,-2.994578E1
2.198029E0,1.664339E2,-2.679412E1
2.202200E0,1.680915E2,-2.417524E1
2.206371E0,1.696312E2,-2.087880E1
2.210542E0,1.691202E2,-1.849862E1
2.214713E0,1.684212E2,-1.507900E1
2.218883E0,1.668667E2,-1.204247E1
2.223054E0,1.639885E2,-8.788469E0
2.227225E0,1.597563E2,-5.582056E0
2.231396E0,1.558602E2,-2.644860E0
2.235567E0,1.500720E2,1.004061E0
2.239738E0,1.442211E2,3.896012E0
2.243908E0,1.362838E2,6.488796E0
2.248079E0,1.283368E2,9.227492E0
2.252250E0,1.179338E2,1.206763E1
2.256421E0,1.088291E2,1.558138E1
2.260592E0,9.732626E1,1.709734E1
2.264762E0,8.519518E1,1.858362E1
2.268933E0,7.290956E1,2.090205E1
2.273104E0,5.807732E1,2.147869E1
2.277275E0,4.268033E1,2.284486E1
2.281446E0,2.698889E1,2.284599E1
2.285617E0,1.203864E1,2.256416E1
2.289788E0,-5.521089E0,2.184736E1
2.293958E0,-2.200586E1,2.051500E1
2.298129E0,-3.880672E1,1.831896E1
2.302300E0,-5.442509E1,1.533620E1
2.306471E0,-6.805015E1,1.248354E1
2.310642E0,-8.262540E1,9.002506E0
2.314812E0,-9.316433E1,6.208728E0
2.318983E0,-1.047379E2,2.560932E0
2.323154E0,-1.138017E2,-2.041614E-1
2.327325E0,-1.228921E2,-3.867158E0
2.331496E0,-1.313564E2,-6.994980E0
2.335667E0,-1.380612E2,-1.042827E1
2.339838E0,-1.451231E2,-1.377074E1
2.344008E0,-1.510731E2,-1.653273E1
2.348179E0,-1.552070E2,-1.932978E1
2.352350E0,-1.589343E2,-2.245212E1
2.356521E0,-1.611403E2,-2.470409E1
2.360692E0,-1.636809E2,-2.764134E1
2.364863E0,-1.641030E2,-3.008574E1
2.369033E0,-1.638617E2,-3.247558E1
2.373204E0,-1.630200E2,-3.406590E1
2.377375E0,-1.607022E2,-3.577555E1
2.381546E0,-1.576019E2,-3.677063E1
2.385717E0,-1.530388E2,-3.788090E1
2.389887E0,-1.476524E2,-3.811634E1
2.394058E0,-1.418265E2,-3.805636E1
2.398229E0,-1.352155E2,-3.744062E1
2.402400E0,-1.280221E2,-3.781692E1
2.406571E0,-1.178828E2,-3.709466E1
2.410742E0,-1.093643E2,-3.673300E1
2.414912E0,-9.907942E1,-3.575990E1
2.419083E0,-8.843872E1,-3.356094E1
2.423254E0,-7.503873E1,-3.145395E1
2.427425E0,-6.094833E1,-2.985545E1
2.431596E0,-4.682370E1,-2.721704E1
2.435767E0,-3.240255E1,-2.279500E1
2.439938E0,-1.606616E1,-1.957142E1
2.444108E0,4.515788E-1,-1.550228E1
2.448279E0,1.664194E1,-1.059224E1
2.452450E0,3.192204E1,-5.803491E0
2.456621E0,4.366504E1,-1.399980E0
2.460792E0,5.804780E1,3.937009E0
2.464962E0,7.025791E1,8.325507E0
2.469133E0,8.160283E1,1.317446E1
2.473304E0,9.162444E1,1.736049E1
2.477475E0,1.008563E2,2.191034E1
2.481646E0,1.098318E2,2.540310E1
2.485817E0,1.171164E2,2.927280E1
2.489988E0,1.205904E2,3.224912E1
2.494158E0,1.273692E2,3.545184E1
2.498329E0,1.316019E2,3.773907E1
2.502500E0,1.378013E2,4.106029E1
2.506671E0,1.391240E2,4.284184E1
2.510842E0,1.421189E2,4.563256E1
2.515012E0,1.424674E2,4.637656E1
2.519183E0,1.425547E2,4.797702E1
2.523354E0,1.423282E2,4.955801E1
2.527525E0,1.410828E2,5.002680E1
2.531696E0,1.381984E2,5.024527E1
2.535867E0,1.355757E2,5.052812E1
2.540037E0,1.334578E2,5.099267E1
2.544208E0,1.270685E2,4.981173E1
2.548379E0,1.217330E2,4.893176E1
2.552550E0,1.153252E2,4.798437E1
2.556721E0,1.088025E2,4.622392E1
2.560892E0,1.013206E2,4.420555E1
2.565062E0,9.135867E1,4.119272E1
2.569233E0,8.176452E1,3.799444E1
2.573404E0,7.079382E1,3.446101E1
2.577575E0,5.932043E1,2.987309E1
2.581746E0,4.657975E1,2.515292E1
2.585917E0,3.341107E1,2.044381E1
2.590088E0,2.026613E1,1.549263E1
2.594258E0,5.427209E0,9.100015E0
2.598429E0,-9.499258E0,3.221302E0
2.602600E0,-2.384893E1,-3.049703E0
2.606771E0,-3.884047E1,-1.041001E1
2.610942E0,-5.070395E1,-1.621475E1
2.615113E0,-6.283289E1,-2.150956E1
2.619283E0,-7.508844E1,-2.776198E1
2.623454E0,-8.628658E1,-3.278265E1
2.627625E0,-9.369217E1,-3.799314E1
2.631796E0,-1.020037E2,-4.217944E1
2.635967E0,-1.098481E2,-4.674189E1
2.640137E0,-1.171273E2,-5.065513E1
2.644308E0,-1.232699E2,-5.378781E1
2.648479E0,-1.281237E2,-5.776313E1
2.652650E0,-1.323504E2,-6.017566E1
2.656821E0,-1.359082E2,-6.246022E1
2.660992E0,-1.378707E2,-6.552807E1
2.665163E0,-1.397184E2,-6.670283E1
2.669333E0,-1.401076E2,-6.715511E1
2.673504E0,-1.398582E2,-6.814537E1
2.677675E0,-1.389882E2,-6.735746E1
2.681846E0,-1.366445E2,-6.676639E1
2.686017E0,-1.335208E2,-6.580886E1
2.690187E0,-1.294792E2,-6.419429E1
2.694358E0,-1.249912E2,-6.236345E1
2.698529E0,-1.191751E2,-6.009178E1
2.702700E0,-1.125301E2,-5.734429E1
2.706871E0,-1.059524E2,-5.403778E1
2.711042E0,-9.795668E1,-5.036075E1
2.715213E0,-8.858101E1,-4.569922E1
2.719383E0,-7.920773E1,-4.041534E1
2.723554E0,-6.843536E1,-3.509920E1
2.727725E0,-5.871877E1,-2.859145E1
2.731896E0,-4.710900E1,-2.325995E1
2.736067E0,-3.530488E1,-1.526289E1
2.740238E0,-2.115466E1,-8.818204E0
2.744408E0,-5.336213E0,-1.373593E0
2.748579E0,8.559177E0,5.139420E0
2.752750E0,2.191200E1,1.177147E1
2.756921E0,3.469233E1,1.780044E1
2.761092E0,4.735381E1,2.350257E1
2.765262E0,5.657302E1,2.965459E1
2.769433E0,6.804479E1,3.522067E1
2.773604E0,7.741770E1,3.969444E1
2.777775E0,8.744482E1,4.419014E1
2.781946E0,9.513370E1,4.797359E1
2.786117E0,1.047459E2,5.227141E1
2.790287E0,1.109247E2,5.546789E1
2.794458E0,1.158771E2,5.758998E1
2.798629E0,1.209547E2,6.012443E1
2.802800E0,1.247500E2,6.179863E1
2.806971E0,1.275152E2,6.327102E1
2.811142E0,1.293656E2,6.409219E1
2.815313E0,1.309129E2,6.506485E1
2.819483E0,1.304840E2,6.611390E1
2.823654E0,1.296755E2,6.538834E1
2.827825E0,1.280770E2,6.458426E1
2.831996E0,1.253846E2,6.341897E1
2.836167E0,1.216413E2,6.178521E1
2.840337E0,1.176639E2,6.023812E1
2.844508E0,1.122521E2,5.804810E1
2.848679E0,1.062228E2,5.528244E1
2.852850E0,9.890899E1,5.159071E1
2.857021E0,9.062195E1,4.782561E1
2.861192E0,8.176794E1,4.354214E1
2.865363E0,7.256854E1,3.887513E1
2.869533E0,5.756288E1,3.438238E1
2.873704E0,4.665357E1,2.919080E1
2.877875E0,3.660905E1,2.191342E1
2.882046E0,2.602607E1,1.539703E1
2.886217E0,1.286937E1,8.974632E0
2.890387E0,-1.926684E0,2.249375E0
2.894558E0,-1.478595E1,-5.485658E0
2.898729E0,-2.875766E1,-1.212067E1
2.902900E0,-4.169705E1,-1.850890E1
2.907071E0,-5.419019E1,-2.448242E1
2.911242E0,-6.453069E1,-3.021530E1
2.915412E0,-7.197907E1,-3.582113E1
2.919583E0,-8.225087E1,-4.101006E1
2.923754E0,-9.254997E1,-4.534229E1
2.927925E0,-9.949305E1,-4.974795E1
2.932096E0,-1.050333E2,-5.391741E1
2.936267E0,-1.109458E2,-5.682956E1
2.940437E0,-1.159975E2,-5.918565E1
2.944608E0,-1.198825E2,-6.195584E1
2.948779E0,-1.222645E2,-6.381139E1
2.952950E0,-1.239736E2,-6.508277E1
2.957121E0,-1.247145E2,-6.582853E1
2.961292E0,-1.249418E2,-6.670521E1
2.965463E0,-1.251741E2,-6.658380E1
2.969633E0,-1.237731E2,-6.644101E1
2.973804E0,-1.220984E2,-6.659391E1
2.977975E0,-1.185133E2,-6.486434E1
2.982146E0,-1.153485E2,-6.204310E1
2.986317E0,-1.102713E2,-5.901299E1
2.990487E0,-1.048726E2,-5.614760E1
2.994658E0,-9.852680E1,-5.259274E1
2.998829E0,-9.070381E1,-4.871667E1
3.003000E0,-8.447399E1,-4.424898E1
3.007171E0,-7.612420E1,-3.864254E1
3.011342E0,-6.528423E1,-3.372988E1
3.015512E0,-5.556454E1,-2.734120E1
3.019683E0,-4.457843E1,-2.045538E1
3.023854E0,-3.280296E1,-1.451232E1
3.028025E0,-1.958147E1,-6.985325E0
3.032196E0,-6.416948E0,1.901427E-2
3.036367E0,7.022151E0,6.781231E0
3.040538E0,2.001239E1,1.309271E1
3.044708E0,3.171641E1,1.848612E1
3.048879E0,4.242215E1,2.421824E1
3.053050E0,5.300946E1,2.940522E1
3.057221E0,6.273383E1,3.383438E1
3.061392E0,7.086420E1,3.861406E1
3.065562E0,7.823472E1,4.248471E1
3.069733E0,8.800455E1,4.551788E1
3.073904E0,9.463411E1,4.864572E1
3.078075E0,1.000187E2,5.116289E1
3.082246E0,1.059748E2,5.323035E1
3.086417E0,1.100694E2,5.477252E1
3.090588E0,1.132304E2,5.606444E1
3.094758E0,1.156306E2,5.697334E1
3.098929E0,1.170335E2,5.820442E1
3.103100E0,1.176740E2,5.788981E1
3.107271E0,1.176879E2,5.801781E1
3.111442E0,1.166900E2,5.736609E1
3.115613E0,1.148415E2,5.687752E1
3.119783E0,1.116594E2,5.487471E1
3.123954E0,1.079859E2,5.263219E1
3.128125E0,1.030774E2,5.060051E1
3.132296E0,9.748011E1,4.723148E1
3.136467E0,9.084094E1,4.412988E1
3.140637E0,8.316757E1,4.009629E1
3.144808E0,7.425447E1,3.554332E1
3.148979E0,6.457189E1,3.125216E1
3.153150E0,5.452100E1,2.649525E1
3.157321E0,4.375905E1,2.115512E1
3.161492E0,3.245990E1,1.600810E1
3.165662E0,2.132188E1,1.008530E1
3.169833E0,9.500056E0,3.602796E0
3.174004E0,-2.941413E0,-2.081521E0
3.178175E0,-1.646994E1,-8.202726E0
3.182346E0,-3.295861E1,-1.312983E1
3.186517E0,-4.591748E1,-1.810592E1
3.190688E0,-5.670789E1,-2.317293E1
3.194858E0,-6.794880E1,-2.783912E1
3.199029E0,-7.495226E1,-3.321733E1
3.203200E0,-8.159374E1,-3.687383E1
3.207371E0,-8.821386E1,-4.107396E1
3.211542E0,-9.425072E1,-4.394152E1
3.215712E0,-9.958162E1,-4.656326E1
3.219883E0,-1.045223E2,-4.934356E1
3.224054E0,-1.086727E2,-5.059426E1
3.228225E0,-1.113113E2,-5.255351E1
3.232396E0,-1.137352E2,-5.404239E1
3.236567E0,-1.155327E2,-5.472771E1
3.240738E0,-1.155146E2,-5.522998E1
3.244908E0,-1.156245E2,-5.507359E1
3.249079E0,-1.152150E2,-5.485706E1
3.253250E0,-1.129472E2,-5.362861E1
3.257421E0,-1.104896E2,-5.253073E1
3.261592E0,-1.069262E2,-5.087458E1
3.265763E0,-1.018449E2,-4.778544E1
3.269933E0,-9.617044E1,-4.468769E1
3.274104E0,-8.948782E1,-4.080239E1
3.278275E0,-8.347304E1,-3.681775E1
3.282446E0,-7.719677E1,-3.293152E1
3.286617E0,-6.777993E1,-2.815727E1
3.290787E0,-5.918259E1,-2.338006E1
3.294958E0,-4.870540E1,-1.732988E1
3.299129E0,-3.814769E1,-1.172045E1
3.303300E0,-2.299620E1,-6.024465E0
3.307471E0,-1.117585E1,3.379246E-1
3.311642E0,8.352149E-1,5.442532E0
3.315812E0,1.342501E1,1.114374E1
3.319983E0,2.566502E1,1.568433E1
3.324154E0,3.532405E1,1.970610E1
3.328325E0,4.564335E1,2.347785E1
3.332496E0,5.457469E1,2.711896E1
3.336667E0,6.247000E1,3.017115E1
3.340838E0,6.941992E1,3.335537E1
3.345008E0,7.611089E1,3.649282E1
3.349179E0,8.211689E1,3.861365E1
3.353350E0,8.573729E1,4.047807E1
3.357521E0,9.155677E1,4.176323E1
3.361692E0,9.628037E1,4.293233E1
3.365862E0,9.944987E1,4.295877E1
3.370033E0,1.018466E2,4.358739E1
3.374204E0,1.033810E2,4.319141E1
3.378375E0,1.032730E2,4.298531E1
3.382546E0,1.023367E2,4.235023E1
3.386717E0,1.006556E2,4.191185E1
3.390888E0,9.846695E1,4.046682E1
3.395058E0,9.526537E1,3.916402E1
3.399229E0,9.107288E1,3.681880E1
3.403400E0,8.596032E1,3.509762E1
3.407571E0,7.990366E1,3.215102E1
3.411742E0,7.374764E1,2.879924E1
3.415913E0,6.708846E1,2.610413E1
3.420083E0,5.873670E1,2.230163E1
3.424254E0,4.972226E1,1.819185E1
3.428425E0,3.935960E1,1.428136E1
3.432596E0,2.790779E1,9.580823E0
3.436767E0,1.717737E1,5.081032E0
3.440937E0,4.939464E0,2.744012E-1
3.445108E0,-8.052635E0,-4.417920E0
3.449279E0,-1.928589E1,-9.392389E0
3.453450E0,-3.161211E1,-1.346010E1
3.457621E0,-4.394812E1,-1.717462E1
3.461792E0,-5.376875E1,-2.074492E1
3.465963E0,-6.298255E1,-2.410721E1
3.470133E0,-7.057221E1,-2.740818E1
3.474304E0,-7.762392E1,-3.028393E1
3.478475E0,-8.343103E1,-3.319194E1
3.482646E0,-8.919783E1,-3.505599E1
3.486817E0,-9.398894E1,-3.690693E1
3.490988E0,-9.826320E1,-3.864954E1
3.495158E0,-1.020708E2,-4.004094E1
3.499329E0,-1.042102E2,-4.106739E1
3.503500E0,-1.052355E2,-4.153758E1
3.507671E0,-1.052440E2,-4.127920E1
3.511842E0,-1.043530E2,-4.100822E1
3.516013E0,-1.030446E2,-4.033231E1
3.520183E0,-1.012840E2,-3.956369E1
3.524354E0,-9.839525E1,-3.795984E1
3.528525E0,-9.432029E1,-3.653987E1
3.532696E0,-8.948552E1,-3.417031E1
3.536867E0,-8.410467E1,-3.124368E1
3.541037E0,-7.868621E1,-2.813692E1
3.545208E0,-7.155674E1,-2.465000E1
3.549379E0,-6.321759E1,-2.073408E1
3.553550E0,-5.474036E1,-1.686825E1
3.557721E0,-4.541818E1,-1.238512E1
3.561892E0,-3.423152E1,-8.198752E0
3.566063E0,-2.671407E1,-2.676915E0
3.570233E0,-1.116512E1,1.386099E0
3.574404E0,8.434547E-1,5.267102E0
3.578575E0,1.242765E1,8.482971E0
3.582746E0,2.153595E1,1.229887E1
3.586917E0,3.078400E1,1.555178E1
3.591087E0,4.084630E1,1.807037E1
3.595258E0,4.715488E1,2.107442E1
3.599429E0,5.543434E1,2.305226E1
3.603600E0,6.410314E1,2.448671E1
3.607771E0,7.096434E1,2.671902E1
3.611942E0,7.604957E1,2.756725E1
3.616113E0,8.000314E1,2.871698E1
3.620283E0,8.395821E1,2.875231E1
3.624454E0,8.606519E1,3.002991E1
3.628625E0,8.814198E1,3.032323E1
3.632796E0,8.887972E1,3.020228E1
3.636967E0,8.807823E1,3.031579E1
3.641138E0,8.743563E1,2.990091E1
3.645308E0,8.620733E1,2.970737E1
3.649479E0,8.489641E1,2.786746E1
3.653650E0,8.135820E1,2.619987E1
3.657821E0,7.751313E1,2.421026E1
3.661992E0,7.185170E1,2.286749E1
3.666162E0,6.638263E1,2.045960E1
3.670333E0,5.939265E1,1.772750E1
3.674504E0,5.256721E1,1.536136E1
3.678675E0,4.353104E1,1.307229E1
3.682846E0,3.598655E1,9.257092E0
3.687017E0,2.434805E1,6.231078E0
3.691187E0,1.282396E1,2.915430E0
3.695358E0,1.144922E0,-6.174194E-1
3.699529E0,-1.035932E1,-4.468384E0
3.703700E0,-1.849177E1,-8.440560E0
3.707871E0,-2.955255E1,-1.184914E1
3.712042E0,-3.877393E1,-1.449205E1
3.716213E0,-4.852348E1,-1.730258E1
3.720383E0,-5.637736E1,-1.995133E1
3.724554E0,-6.317377E1,-2.160699E1
3.728725E0,-6.968260E1,-2.349851E1
3.732896E0,-7.450866E1,-2.568802E1
3.737067E0,-7.969029E1,-2.718224E1
3.741237E0,-8.428214E1,-2.755833E1
3.745408E0,-8.774702E1,-2.911716E1
3.749579E0,-8.976293E1,-2.968079E1
3.753750E0,-9.095152E1,-2.972800E1
3.757921E0,-9.111338E1,-2.939950E1
3.762092E0,-9.051096E1,-2.918955E1
3.766263E0,-8.915779E1,-2.829865E1
3.770433E0,-8.711654E1,-2.709731E1
3.774604E0,-8.440774E1,-2.594355E1
3.778775E0,-8.082682E1,-2.418161E1
3.782946E0,-7.643764E1,-2.249621E1
3.787117E0,-7.113839E1,-2.001638E1
3.791287E0,-6.454197E1,-1.693098E1
3.795458E0,-5.873497E1,-1.394531E1
3.799629E0,-5.174482E1,-1.103728E1
3.803800E0,-4.424870E1,-7.557769E0
3.807971E0,-3.466394E1,-3.989435E0
3.812142E0,-2.338900E1,-8.153874E-1
3.816312E0,-1.123534E1,2.456206E0
3.820483E0,-1.470975E0,4.736261E0
3.824654E0,9.777276E0,7.134514E0
3.828825E0,1.894031E1,8.856784E0
3.832996E0,2.872887E1,1.029353E1
3.837167E0,3.686300E1,1.170760E1
3.841338E0,4.440023E1,1.312557E1
3.845508E0,5.059716E1,1.390678E1
3.849679E0,5.663249E1,1.437295E1
3.853850E0,6.203336E1,1.500163E1
3.858021E0,6.601656E1,1.510773E1
3.862192E0,6.861706E1,1.578586E1
3.866363E0,7.026521E1,1.603972E1
3.870533E0,7.296891E1,1.585265E1
3.874704E0,7.495402E1,1.523507E1
3.878875E0,7.359262E1,1.482351E1
3.883046E0,7.396040E1,1.397730E1
3.887217E0,7.184065E1,1.271951E1
3.891388E0,6.767410E1,1.264271E1
3.895558E0,6.393680E1,1.130547E1
3.899729E0,6.041528E1,9.943255E0
3.903900E0,5.726643E1,7.919527E0
3.908071E0,5.217288E1,6.852953E0
3.912242E0,4.410876E1,4.985429E0
3.916412E0,3.668001E1,2.804287E0
3.920583E0,2.864556E1,8.387699E-1
3.924754E0,2.090721E1,-1.099298E0
3.928925E0,8.930847E0,-3.231893E0
3.933096E0,-9.264707E-1,-5.586562E0
3.937267E0,-1.105481E1,-8.215748E0
3.941438E0,-2.330771E1,-9.586530E0
3.945608E0,-3.392155E1,-1.027217E1
3.949779E0,-4.247314E1,-1.228837E1
3.953950E0,-4.955642E1,-1.317022E1
3.958121E0,-5.667734E1,-1.414962E1
3.962292E0,-6.268266E1,-1.515275E1
3.966463E0,-6.651787E1,-1.626695E1
3.970633E0,-7.102749E1,-1.687578E1
3.974804E0,-7.408945E1,-1.665697E1
3.978975E0,-7.698264E1,-1.720651E1
3.983146E0,-7.861891E1,-1.639136E1
3.987317E0,-7.929236E1,-1.645658E1
3.991488E0,-7.952607E1,-1.562724E1
3.995658E0,-7.855317E1,-1.428853E1
3.999829E0,-7.705724E1,-1.311654E1
4.004000E0,-7.465372E1,-1.197449E1
4.008171E0,-7.073416E1,-9.601060E0
4.012342E0,-6.691495E1,-8.114753E0
4.016513E0,-6.182339E1,-5.468154E0
4.020683E0,-5.322108E1,-3.765591E0
4.024854E0,-4.601476E1,-1.626937E0
4.029025E0,-3.869053E1,6.817011E-1
4.033196E0,-3.202235E1,3.338376E0
4.037367E0,-2.135000E1,4.709252E0
4.041537E0,-1.088617E1,6.002169E0
4.045708E0,-2.289766E0,6.892905E0
4.049879E0,6.463797E0,6.766081E0
4.054050E0,1.538806E1,6.406123E0
4.058221E0,1.989922E1,5.994979E0
4.062392E0,2.691635E1,5.109151E0
4.066562E0,3.270534E1,4.147719E0
4.070733E0,3.765362E1,3.437405E0
4.074904E0,4.238014E1,1.682800E0
4.079075E0,4.554947E1,1.574308E0
4.083246E0,4.800206E1,-1.708338E-1
4.087417E0,5.011598E1,-1.127831E0
4.091588E0,5.130208E1,-2.624871E0
4.095758E0,5.145452E1,-3.842823E0
4.099929E0,5.122667E1,-5.576912E0
4.104100E0,5.072925E1,-7.302560E0
4.108271E0,4.864246E1,-8.584153E0
4.112442E0,4.583280E1,-9.428066E0
4.116613E0,4.236758E1,-1.064107E1
4.120783E0,3.884368E1,-1.231402E1
4.124954E0,3.344057E1,-1.325235E1
4.129125E0,2.750723E1,-1.407704E1
4.133296E0,2.073695E1,-1.426447E1
4.137467E0,1.411899E1,-1.465025E1
4.141637E0,6.956450E0,-1.429734E1
4.145808E0,1.111076E0,-1.369599E1
4.149979E0,-9.283044E0,-1.256387E1
4.154150E0,-1.854397E1,-1.070715E1
4.158321E0,-2.636703E1,-9.173352E0
4.162492E0,-3.393936E1,-6.307813E0
4.166663E0,-4.081278E1,-3.401203E0
4.170833E0,-4.609946E1,-1.328905E0
4.175004E0,-5.046911E1,8.922831E-1
4.179175E0,-5.209726E1,2.285279E0
4.183346E0,-5.481548E1,4.096857E0
4.187517E0,-5.636027E1,6.672032E0
4.191687E0,-5.862970E1,9.065933E0
4.195858E0,-6.238521E1,1.172088E1
4.200029E0,-6.184719E1,1.407252E1
4.204200E0,-6.141721E1,1.539745E1
4.208371E0,-5.947438E1,1.698184E1
4.212542E0,-5.663004E1,1.800802E1
4.216712E0,-5.257342E1,1.834116E1
4.220883E0,-4.781997E1,1.885389E1
4.225054E0,-4.325701E1,1.823721E1
4.229225E0,-3.803957E1,1.748970E1
4.233396E0,-3.088363E1,1.561136E1
4.237567E0,-2.481093E1,1.363483E1
4.241738E0,-1.750780E1,1.037692E1
4.245908E0,-1.122285E1,7.106282E0
4.250079E0,-5.040431E0,2.625774E0
4.254250E0,7.482201E-1,-2.006745E0
4.258421E0,6.139966E0,-6.857166E0
4.262592E0,1.051368E1,-1.137484E1
4.266762E0,1.450315E1,-1.623199E1
4.270933E0,1.686406E1,-1.967942E1
4.275104E0,1.932501E1,-2.382189E1
4.279275E0,2.094578E1,-2.677359E1
4.283446E0,2.209696E1,-2.940599E1
4.287617E0,2.227845E1,-3.123596E1
4.291788E0,2.258262E1,-3.368804E1
4.295958E0,2.147759E1,-3.415063E1
4.300129E0,2.042961E1,-3.471524E1
4.304300E0,1.835508E1,-3.478319E1
4.308471E0,1.644129E1,-3.392026E1
4.312642E0,1.455977E1,-3.295714E1
4.316813E0,1.165048E1,-3.035115E1
4.320983E0,8.019386E0,-2.742475E1
4.325154E0,5.272949E0,-2.403563E1
4.329325E0,1.300433E0,-2.009944E1
4.333496E0,-3.089443E0,-1.556044E1
4.337667E0,-7.799533E0,-9.931428E0
4.341837E0,-1.273784E1,-4.034733E0
4.346008E0,-1.708623E1,1.908442E0
4.350179E0,-2.170034E1,7.681848E0
4.354350E0,-2.526316E1,1.230960E1
4.358521E0,-2.750890E1,1.667232E1
4.362692E0,-3.100139E1,2.117831E1
4.366862E0,-3.296098E1,2.419679E1
4.371033E0,-3.396544E1,2.653181E1
4.375204E0,-3.487617E1,2.859433E1
4.379375E0,-3.531678E1,3.010158E1
4.383546E0,-3.559790E1,3.023084E1
4.387717E0,-3.567961E1,3.037046E1
4.391888E0,-3.446485E1,2.943450E1
4.396058E0,-3.317132E1,2.791266E1
4.400229E0,-3.129886E1,2.558534E1
4.404400E0,-2.841724E1,2.243090E1
4.408571E0,-2.591334E1,1.884200E1
4.412742E0,-2.220776E1,1.432089E1
4.416913E0,-1.921556E1,8.429295E0
4.421083E0,-1.515921E1,2.799241E0
4.425254E0,-1.199537E1,-3.390880E0
4.429425E0,-8.527439E0,-9.851357E0
4.433596E0,-5.322858E0,-1.540729E1
4.437767E0,-2.826873E0,-2.086142E1
4.441937E0,-8.562885E-1,-2.581081E1
4.446108E0,8.465919E-1,-2.918196E1
4.450279E0,2.600349E0,-3.277963E1
4.454450E0,3.388239E0,-3.481756E1
4.458621E0,3.136910E0,-3.632255E1
4.462792E0,3.760103E0,-3.733428E1
4.466962E0,3.724239E0,-3.785079E1
4.471133E0,3.453378E0,-3.742094E1
4.475304E0,2.749937E0,-3.586965E1
4.479475E0,2.033243E0,-3.453940E1
4.483646E0,7.892284E-1,-3.186407E1
4.487817E0,-3.377355E-1,-2.836359E1
4.491988E0,-2.250650E0,-2.499068E1
4.496158E0,-3.854071E0,-2.031119E1
4.500329E0,-6.349623E0,-1.497886E1
4.504500E0,-8.593708E0,-9.154574E0
4.508671E0,-1.139725E1,-3.362137E0
4.512842E0,-1.426639E1,3.331516E0
4.517012E0,-1.687366E1,8.822539E0
4.521183E0,-1.911832E1,1.287954E1
4.525354E0,-2.175909E1,1.766524E1
4.529525E0,-2.531418E1,2.138202E1
4.533696E0,-2.580014E1,2.359311E1
4.537867E0,-2.669281E1,2.531048E1
4.542038E0,-2.821043E1,2.630907E1
4.546208E0,-2.881874E1,2.747930E1
4.550379E0,-2.873229E1,2.682132E1
4.554550E0,-2.895482E1,2.646229E1
4.558721E0,-2.831790E1,2.444765E1
4.562892E0,-2.704409E1,2.179062E1
4.567062E0,-2.533218E1,1.844402E1
4.571233E0,-2.391468E1,1.493913E1
4.575404E0,-2.052854E1,1.059587E1
4.579575E0,-1.815818E1,5.164159E0
4.583746E0,-1.539338E1,-1.140859E0
4.587917E0,-1.196643E1,-6.401863E0
4.592087E0,-9.205361E0,-1.138809E1
4.596258E0,-7.175215E0,-1.600423E1
4.600429E0,-4.723988E0,-2.004593E1
4.604600E0,-2.412295E0,-2.332180E1
4.608771E0,-8.091562E-1,-2.627264E1
4.612942E0,5.776131E-1,-2.794233E1
4.617113E0,1.192075E0,-2.924040E1
4.621283E0,1.722647E0,-3.030763E1
4.625454E0,1.929962E0,-3.033246E1
4.629625E0,2.489340E0,-2.946135E1
4.633796E0,1.199496E0,-2.841887E1
4.637967E0,5.867464E-1,-2.601484E1
4.642137E0,-3.795813E-1,-2.369887E1
4.646308E0,-1.809898E0,-2.048905E1
4.650479E0,-4.189986E0,-1.688364E1
4.654650E0,-6.165573E0,-1.216283E1
4.658821E0,-8.569961E0,-7.300841E0
4.662992E0,-1.155680E1,-2.125711E0
4.667163E0,-1.484133E1,3.347424E0
4.671333E0,-1.849719E1,7.453527E0
4.675504E0,-2.093803E1,1.143461E1
4.679675E0,-2.363804E1,1.447803E1
4.683846E0,-2.509194E1,1.674574E1
4.688017E0,-2.656103E1,1.895347E1
4.692188E0,-2.744991E1,1.957688E1
4.696358E0,-2.758936E1,2.037939E1
4.700529E0,-2.828236E1,1.968432E1
4.704700E0,-2.784163E1,1.930805E1
4.708871E0,-2.746425E1,1.787826E1
4.713042E0,-2.651805E1,1.590556E1
4.717212E0,-2.440566E1,1.309999E1
4.721383E0,-2.173176E1,9.493537E0
4.725554E0,-1.916751E1,5.510126E0
4.729725E0,-1.674326E1,1.570192E0
4.733896E0,-1.354786E1,-3.105460E0
4.738067E0,-9.320770E0,-8.082909E0
4.742237E0,-5.984149E0,-1.123490E1
4.746408E0,-3.461731E0,-1.494771E1
4.750579E0,-9.146036E-1,-1.772339E1
4.754750E0,1.041652E0,-2.045574E1
4.758921E0,2.363900E0,-2.173540E1
4.763092E0,3.382848E0,-2.269924E1
4.767263E0,3.388688E0,-2.324943E1
4.771433E0,3.676366E0,-2.244658E1
4.775604E0,4.351421E0,-2.237913E1
4.779775E0,3.844018E0,-2.098468E1
4.783946E0,2.889328E0,-1.927179E1
4.788117E0,1.597371E0,-1.689560E1
4.792288E0,-1.455478E0,-1.370103E1
4.796458E0,-3.381814E0,-1.010093E1
4.800629E0,-5.087936E0,-6.581063E0
4.804800E0,-9.344482E0,-1.830053E0
4.808971E0,-1.316996E1,2.052717E0
4.813142E0,-1.708844E1,5.610192E0
4.817312E0,-1.934232E1,7.812481E0
4.821483E0,-2.283976E1,1.044500E1
4.825654E0,-2.468990E1,1.201353E1
4.829825E0,-2.757489E1,1.367991E1
4.833996E0,-2.790396E1,1.386227E1
4.838167E0,-2.930437E1,1.372482E1
4.842337E0,-2.932083E1,1.356086E1
4.846508E0,-2.818825E1,1.229262E1
4.850679E0,-2.750930E1,1.122453E1
4.854850E0,-2.581891E1,8.911667E0
4.859021E0,-2.315488E1,6.321383E0
4.863192E0,-2.047565E1,3.346538E0
4.867363E0,-1.683850E1,-6.878846E-2
4.871533E0,-1.276548E1,-3.457084E0
4.875704E0,-9.081271E0,-6.576657E0
4.879875E0,-5.774073E0,-9.399317E0
4.884046E0,-2.872818E0,-1.158950E1
4.888217E0,3.253387E-1,-1.297388E1
4.892387E0,3.187889E0,-1.499456E1
4.896558E0,4.471336E0,-1.564627E1
4.900729E0,4.861720E0,-1.535063E1
4.904900E0,5.299681E0,-1.520148E1
4.909071E0,5.302814E0,-1.432046E1
4.913242E0,4.806595E0,-1.333071E1
4.917413E0,3.456483E0,-1.176773E1
4.921583E0,2.091970E0,-9.756807E0
4.925754E0,-2.064200E-1,-7.710869E0
4.929925E0,-3.409335E0,-4.982229E0
4.934096E0,-7.146104E0,-2.441895E0
4.938267E0,-1.069742E1,4.026050E-1
4.942437E0,-1.506188E1,2.587794E0
4.946608E0,-1.801446E1,3.979030E0
4.950779E0,-2.066297E1,4.876302E0
4.954950E0,-2.436382E1,6.221784E0
4.959121E0,-2.599433E1,6.278775E0
4.963292E0,-2.827902E1,7.285143E0
4.967462E0,-2.909591E1,7.564933E0
4.971633E0,-3.018607E1,7.005521E0
4.975804E0,-2.877842E1,6.181144E0
4.979975E0,-2.831514E1,5.161032E0
4.984146E0,-2.593992E1,4.338532E0
4.988317E0,-2.381215E1,2.995813E0
4.992488E0,-2.062095E1,1.153985E0
4.996658E0,-1.691875E1,-2.951393E-1
5.000829E0,-1.178952E1,-2.718671E0
5.005000E0,-6.649879E0,-4.287804E0
5.009171E0,-3.417597E0,-5.370865E0
5.013342E0,-6.723064E-1,-6.240310E0
5.017512E0,1.583561E0,-7.512212E0
5.021683E0,3.628483E0,-7.803733E0
5.025854E0,4.923172E0,-8.357687E0
5.030025E0,4.863095E0,-8.390565E0
5.034196E0,4.587118E0,-8.880197E0
5.038367E0,4.742674E0,-8.470919E0
5.042538E0,2.246359E0,-8.193502E0
5.046708E0,6.742352E-1,-7.101861E0
5.050879E0,-2.286368E0,-6.831161E0
5.055050E0,-5.546545E0,-5.274592E0
5.059221E0,-8.654733E0,-4.073338E0
5.063392E0,-1.321713E1,-2.431753E0
5.067563E0,-1.695003E1,-1.125029E0
5.071733E0,-2.035485E1,5.449662E-1
5.075904E0,-2.254146E1,1.418884E0
5.080075E0,-2.378352E1,3.582891E0
5.084246E0,-2.592543E1,4.026102E0
5.088417E0,-2.610159E1,5.452515E0
5.092587E0,-2.619947E1,5.882753E0
5.096758E0,-2.496388E1,5.320466E0
5.100929E0,-2.372278E1,4.938323E0
5.105100E0,-2.191669E1,4.645490E0
5.109271E0,-1.908551E1,4.323361E0
5.113442E0,-1.588803E1,2.824442E0
5.117612E0,-1.259532E1,9.524898E-1
5.121783E0,-9.854386E0,-1.736124E0
5.125954E0,-6.544694E0,-3.940900E0
5.130125E0,-4.205951E0,-6.633346E0
5.134296E0,-2.643527E0,-8.223148E0
5.138467E0,-1.350921E0,-9.316406E0
5.142638E0,-1.309522E0,-1.024495E1
5.146808E0,-6.484624E-1,-1.127185E1
5.150979E0,-8.807743E-1,-1.155480E1
5.155150E0,-6.964999E-1,-1.126046E1
5.159321E0,-2.270499E0,-1.058698E1
5.163492E0,-3.850736E0,-9.601500E0
5.167663E0,-5.952211E0,-7.658166E0
5.171833E0,-7.857465E0,-5.627624E0
5.176004E0,-1.110204E1,-3.319071E0
5.180175E0,-1.458733E1,-5.065415E-1
5.184346E0,-1.758770E1,2.171591E0
5.188517E0,-1.932969E1,3.656303E0
5.192687E0,-2.069269E1,5.938666E0
5.196858E0,-2.140921E1,6.881238E0
5.201029E0,-2.300081E1,7.492371E0
5.205200E0,-2.288636E1,8.362930E0
5.209371E0,-2.274788E1,8.050331E0
5.213542E0,-2.135413E1,6.866105E0
5.217712E0,-1.996964E1,5.576157E0
5.221883E0,-1.788099E1,3.848855E0
5.226054E0,-1.557595E1,1.812472E0
5.230225E0,-1.318049E1,-8.769757E-1
5.234396E0,-1.057254E1,-3.737280E0
5.238567E0,-8.481710E0,-6.513724E0
5.242738E0,-6.589211E0,-8.513554E0
5.246908E0,-5.745565E0,-9.792371E0
5.251079E0,-4.023743E0,-1.091404E1
5.255250E0,-3.839444E0,-1.126862E1
5.259421E0,-3.771203E0,-1.145782E1
5.263592E0,-3.930266E0,-1.112346E1
5.267762E0,-4.758525E0,-1.021597E1
5.271933E0,-6.064538E0,-8.607759E0
5.276104E0,-7.605961E0,-6.985563E0
5.280275E0,-8.271013E0,-4.587678E0
5.284446E0,-1.144986E1,-2.167901E0
5.288617E0,-1.377617E1,3.281710E-1
5.292788E0,-1.599965E1,2.737643E0
5.296958E0,-1.836518E1,4.251298E0
5.301129E0,-1.974183E1,6.045788E0
5.305300E0,-2.182596E1,6.867101E0
5.309471E0,-2.181491E1,7.402999E0
5.313642E0,-2.180033E1,7.116132E0
5.317812E0,-2.105760E1,6.831674E0
5.321983E0,-2.014121E1,5.214605E0
5.326154E0,-1.861830E1,3.334918E0
5.330325E0,-1.646892E1,1.490333E0
5.334496E0,-1.395176E1,-1.067527E0
5.338667E0,-1.086853E1,-3.900125E0
5.342837E0,-8.028695E0,-6.224334E0
5.347008E0,-6.072626E0,-7.373620E0
5.351179E0,-5.363486E0,-8.537845E0
5.355350E0,-4.924091E0,-9.141529E0
5.359521E0,-4.551182E0,-9.625415E0
5.363692E0,-4.692560E0,-9.606208E0
5.367863E0,-4.888916E0,-9.110014E0
5.372033E0,-5.779472E0,-7.954526E0
5.376204E0,-6.988827E0,-6.426306E0
5.380375E0,-8.424992E0,-5.295348E0
5.384546E0,-1.101652E1,-2.672478E0
5.388717E0,-1.361220E1,-1.179694E0
5.392887E0,-1.576009E1,1.476895E0
5.397058E0,-1.726672E1,3.053714E0
5.401229E0,-1.913271E1,4.546595E0
5.405400E0,-2.060736E1,4.478958E0
5.409571E0,-2.189499E1,5.992645E0
5.413742E0,-2.148236E1,5.603589E0
5.417913E0,-2.146233E1,5.110756E0
5.422083E0,-2.025254E1,4.298924E0
5.426254E0,-1.844897E1,3.049455E0
5.430425E0,-1.622223E1,1.588062E0
5.434596E0,-1.376011E1,-1.173739E0
5.438767E0,-1.090129E1,-3.066227E0
5.442938E0,-9.381305E0,-4.485463E0
5.447108E0,-7.665828E0,-6.035508E0
5.451279E0,-5.854250E0,-7.165174E0
5.455450E0,-5.431645E0,-8.017795E0
5.459621E0,-5.329703E0,-8.256233E0
5.463792E0,-6.022671E0,-7.988027E0
5.467962E0,-6.450013E0,-7.673642E0
5.472133E0,-7.598583E0,-6.166434E0
5.476304E0,-9.397857E0,-4.791402E0
5.480475E0,-1.113869E1,-3.357185E0
5.484646E0,-1.195246E1,-1.535833E0
5.488817E0,-1.504990E1,1.084016E0
5.492987E0,-1.680242E1,2.177015E0
5.497158E0,-1.851486E1,3.921115E0
5.501329E0,-1.911891E1,4.720262E0
5.505500E0,-1.939720E1,4.879867E0
5.509671E0,-1.832171E1,5.138310E0
5.513842E0,-1.653751E1,3.348976E0
5.518013E0,-1.477527E1,2.305463E0
5.522183E0,-1.290187E1,9.491585E-1
5.526354E0,-1.151118E1,-1.329079E0
5.530525E0,-1.021151E1,-2.856693E0
5.534696E0,-9.523018E0,-4.878032E0
5.538867E0,-8.594315E0,-6.123082E0
5.543038E0,-7.784551E0,-7.632574E0
5.547208E0,-7.049793E0,-8.720346E0
5.551379E0,-7.430975E0,-9.552036E0
5.555550E0,-7.123333E0,-8.751095E0
5.559721E0,-8.488660E0,-7.912326E0
5.563892E0,-9.195900E0,-7.156551E0
5.568062E0,-1.011391E1,-5.998852E0
5.572233E0,-1.207695E1,-3.618734E0
5.576404E0,-1.413419E1,-1.394455E0
5.580575E0,-1.534064E1,7.635365E-1
5.584746E0,-1.616220E1,2.630706E0
5.588917E0,-1.651533E1,3.803131E0
5.593087E0,-1.677334E1,4.586463E0
5.597258E0,-1.674133E1,4.502269E0
5.601429E0,-1.673288E1,4.396177E0
5.605600E0,-1.633928E1,3.734386E0
5.609771E0,-1.540960E1,2.000130E0
5.613942E0,-1.477812E1,5.414866E-1
5.618113E0,-1.266429E1,-2.169296E0
5.622283E0,-1.152340E1,-4.317039E0
5.626454E0,-9.622182E0,-6.508083E0
5.630625E0,-9.300483E0,-7.663415E0
5.634796E0,-8.420221E0,-8.541435E0
5.638967E0,-8.656478E0,-9.022944E0
5.643137E0,-8.730461E0,-8.818710E0
5.647308E0,-9.904272E0,-7.996226E0
5.651479E0,-1.029988E1,-6.659537E0
5.655650E0,-1.173806E1,-5.559124E0
5.659821E0,-1.235379E1,-3.246644E0
5.663992E0,-1.349788E1,-8.996131E-1
5.668163E0,-1.435795E1,1.944013E0
5.672333E0,-1.485262E1,3.285924E0
5.676504E0,-1.548363E1,4.749857E0
5.680675E0,-1.568949E1,4.619784E0
5.684846E0,-1.487208E1,4.151883E0
5.689017E0,-1.529584E1,3.730848E0
5.693187E0,-1.456407E1,2.241475E0
5.697358E0,-1.377257E1,9.200914E-2
5.701529E0,-1.243603E1,-2.086010E0
5.705700E0,-1.150650E1,-4.658255E0
5.709871E0,-1.057860E1,-5.716564E0
5.714042E0,-1.107799E1,-7.117560E0
5.718212E0,-1.113356E1,-7.891124E0
5.722383E0,-1.123996E1,-7.794218E0
5.726554E0,-1.117860E1,-7.652215E0
5.730725E0,-1.170372E1,-6.697945E0
5.734896E0,-1.289170E1,-5.409813E0
5.739067E0,-1.305987E1,-3.404421E0
5.743238E0,-1.390379E1,-1.796760E0
5.747408E0,-1.378140E1,4.685630E-1
5.751579E0,-1.356213E1,1.506606E0
5.755750E0,-1.315210E1,2.518875E0
5.759921E0,-1.404683E1,3.711861E0
5.764092E0,-1.295150E1,3.153514E0
5.768262E0,-1.255455E1,2.093900E0
5.772433E0,-1.321277E1,1.321356E0
5.776604E0,-1.368995E1,-1.964537E-1
5.780775E0,-1.260250E1,-2.162677E0
5.784946E0,-1.199954E1,-4.927948E0
5.789117E0,-1.096317E1,-6.238366E0
5.793287E0,-1.116877E1,-7.157641E0
5.797458E0,-1.086044E1,-8.030518E0
5.801629E0,-1.138947E1,-7.864078E0
5.805800E0,-1.153603E1,-7.214180E0
5.809971E0,-1.195729E1,-6.139649E0
5.814142E0,-1.313537E1,-4.197203E0
5.818313E0,-1.356049E1,-1.776707E0
5.822483E0,-1.385211E1,-1.948467E-1
5.826654E0,-1.422833E1,1.918685E0
5.830825E0,-1.382180E1,2.817256E0
5.834996E0,-1.424712E1,3.220401E0
5.839167E0,-1.417711E1,3.145541E0
5.843337E0,-1.391345E1,2.433545E0
5.847508E0,-1.316545E1,8.876517E-1
5.851679E0,-1.346699E1,-5.151152E-1
5.855850E0,-1.256861E1,-3.013597E0
5.860021E0,-1.212843E1,-4.509164E0
5.864192E0,-1.211335E1,-5.676045E0
5.868362E0,-1.268205E1,-6.406083E0
5.872533E0,-1.247689E1,-6.484670E0
5.876704E0,-1.300527E1,-5.936177E0
5.880875E0,-1.308987E1,-5.725696E0
5.885046E0,-1.277213E1,-4.370856E0
5.889217E0,-1.337397E1,-2.610445E0
5.893388E0,-1.331617E1,-1.191830E0
5.897558E0,-1.414610E1,1.478385E0
5.901729E0,-1.340839E1,1.854613E0
5.905900E0,-1.384113E1,2.965500E0
5.910071E0,-1.412039E1,3.068048E0
5.914242E0,-1.381874E1,2.129769E0
5.918413E0,-1.317804E1,8.099452E-1
5.922583E0,-1.219653E1,-1.275827E0
5.926754E0,-1.145261E1,-3.184370E0
5.930925E0,-1.155198E1,-4.551794E0
5.935096E0,-1.113233E1,-5.943553E0
5.939267E0,-1.085702E1,-6.521181E0
5.943437E0,-1.097974E1,-6.622696E0
5.947608E0,-1.205590E1,-5.672544E0
5.951779E0,-1.244005E1,-4.440588E0
5.955950E0,-1.346204E1,-3.335972E0
5.960121E0,-1.276775E1,-2.465369E0
5.964292E0,-1.327202E1,-3.612007E-1
5.968462E0,-1.300285E1,3.722241E-1
5.972633E0,-1.321166E1,1.546581E0
5.976804E0,-1.337266E1,1.765511E0
5.980975E0,-1.311822E1,1.758953E0
5.985146E0,-1.273934E1,-8.650264E-2
5.989317E0,-1.330475E1,-9.729782E-1
5.993488E0,-1.261573E1,-2.586537E0
5.997658E0,-1.291337E1,-3.338399E0
6.001829E0,-1.259184E1,-4.488833E0
6.006000E0,-1.210600E1,-5.250952E0
6.010171E0,-1.193880E1,-5.365182E0
6.014342E0,-1.235287E1,-5.155513E0
6.018512E0,-1.249883E1,-4.314777E0
6.022683E0,-1.335775E1,-2.795092E0
6.026854E0,-1.369909E1,-1.684751E0
6.031025E0,-1.402325E1,-3.201121E-1
6.035196E0,-1.424086E1,1.235247E0
6.039367E0,-1.310932E1,9.833833E-1
6.043538E0,-1.319355E1,8.369208E-1
6.047708E0,-1.251759E1,8.245117E-2
6.051879E0,-1.336845E1,-6.348129E-1
6.056050E0,-1.272604E1,-2.085558E0
6.060221E0,-1.347342E1,-2.198825E0
6.064392E0,-1.390755E1,-3.022174E0
6.068562E0,-1.299142E1,-3.584444E0
6.072733E0,-1.308846E1,-4.080117E0
6.076904E0,-1.304300E1,-3.909276E0
6.081075E0,-1.319973E1,-3.169751E0
6.085246E0,-1.372774E1,-2.216981E0
6.089417E0,-1.387177E1,-1.257336E0
6.093587E0,-1.454916E1,-2.275176E-2
6.097758E0,-1.431237E1,7.098253E-1
6.101929E0,-1.425273E1,1.339143E0
6.106100E0,-1.398953E1,1.096629E0
6.110271E0,-1.415035E1,7.166924E-1
6.114442E0,-1.427138E1,-1.511004E-1
6.118613E0,-1.324040E1,-1.640951E0
6.122783E0,-1.234152E1,-3.146073E0
6.126954E0,-1.277281E1,-3.702824E0
6.131125E0,-1.276961E1,-4.045150E0
6.135296E0,-1.284723E1,-3.962452E0
6.139467E0,-1.306960E1,-3.589959E0
6.143637E0,-1.336201E1,-2.926114E0
6.147808E0,-1.354781E1,-2.046891E0
6.151979E0,-1.399614E1,-9.069695E-1
6.156150E0,-1.450046E1,-6.705080E-2
6.160321E0,-1.390464E1,5.041865E-1
6.164492E0,-1.364830E1,2.783544E-1
6.168662E0,-1.368988E1,-1.496243E-2
6.172833E0,-1.369372E1,-3.259433E-1
6.177004E0,-1.349069E1,-1.110332E0
6.181175E0,-1.304088E1,-1.911600E0
6.185346E0,-1.261718E1,-2.673408E0
6.189517E0,-1.223631E1,-3.342900E0
6.193688E0,-1.223425E1,-3.533668E0
6.197858E0,-1.220574E1,-3.468889E0
6.202029E0,-1.139334E1,-3.698537E0
6.206200E0,-1.250367E1,-2.331492E0
6.210371E0,-1.175167E1,-1.995630E0
6.214542E0,-1.213834E1,-1.188956E0
6.218712E0,-1.218678E1,-3.635954E-1
6.222883E0,-1.266383E1,-4.517955E-1
6.227054E0,-1.222418E1,-4.314377E-1
6.231225E0,-1.217422E1,-7.151053E-1
6.235396E0,-1.229268E1,-1.608686E0
6.239567E0,-1.173930E1,-2.131991E0
6.243737E0,-1.129532E1,-2.731166E0
6.247908E0,-1.112546E1,-3.770991E0
6.252079E0,-1.110421E1,-4.222604E0
6.256250E0,-1.120276E1,-3.377255E0
6.260421E0,-1.149826E1,-2.831832E0
6.264592E0,-1.168633E1,-2.733412E0
6.268763E0,-1.189321E1,-1.354459E0
6.272933E0,-1.277624E1,-6.675656E-1
6.277104E0,-1.250113E1,-2.596075E-2
6.281275E0,-1.271099E1,-2.505530E-1
6.285446E0,-1.251204E1,-6.097841E-1
6.289617E0,-1.227034E1,-1.090128E0
6.293788E0,-1.181696E1,-1.955673E0
6.297958E0,-1.132045E1,-2.605677E0
6.302129E0,-1.331816E1,-2.416677E0
6.306300E0,-1.332772E1,-2.776130E0
6.310471E0,-1.326140E1,-2.410205E0
6.314642E0,-1.364433E1,-2.480124E0
6.318812E0,-1.365975E1,-1.716733E0
6.322983E0,-1.417892E1,-9.699407E-1
6.327154E0,-1.386428E1,-7.833189E-1
6.331325E0,-1.378337E1,-1.774187E-1
6.335496E0,-1.373177E1,1.912369E-1
6.339667E0,-1.348784E1,-5.484368E-2
6.343837E0,-1.353994E1,-2.257958E-1
6.348008E0,-1.343330E1,-6.736475E-1
6.352179E0,-1.303648E1,-1.380407E0
6.356350E0,-1.244321E1,-2.136448E0
6.360521E0,-1.274727E1,-2.518227E0
6.364692E0,-1.222884E1,-2.487083E0
6.368863E0,-1.237853E1,-2.422215E0
6.373033E0,-1.249017E1,-2.197533E0
6.377204E0,-1.296686E1,-1.301925E0
6.381375E0,-1.235545E1,-1.402959E0
6.385546E0,-1.208675E1,-1.077288E0
6.389717E0,-1.229415E1,-1.398428E0
6.393887E0,-1.179948E1,-8.759655E-1
6.398058E0,-1.178191E1,-1.769318E0
6.402229E0,-1.189182E1,-2.247239E0
6.406400E0,-1.180810E1,-2.730459E0
6.410571E0,-1.180564E1,-2.672636E0
6.414742E0,-1.164068E1,-2.232400E0
6.418913E0,-1.182796E1,-2.529216E0
6.423083E0,-1.182023E1,-2.506445E0
6.427254E0,-1.161375E1,-2.038190E0
6.431425E0,-1.174392E1,-1.821898E0
6.435596E0,-1.167719E1,-1.907781E0
6.439767E0,-1.194469E1,-1.643884E0
6.443937E0,-1.211279E1,-1.601339E0
6.448108E0,-1.238776E1,-1.303059E0
6.452279E0,-1.186810E1,-1.782994E0
6.456450E0,-1.183306E1,-2.510477E0
6.460621E0,-1.144876E1,-2.644287E0
6.464792E0,-1.126599E1,-2.702396E0
6.468963E0,-1.134596E1,-2.879757E0
6.473133E0,-1.154308E1,-2.484701E0
6.477304E0,-1.168379E1,-2.002767E0
6.481475E0,-1.168366E1,-2.105065E0
6.485646E0,-1.156659E1,-1.679620E0
6.489817E0,-1.172525E1,-1.942116E0
6.493988E0,-1.191028E1,-1.896913E0
6.498158E0,-1.173571E1,-2.086224E0
6.502329E0,-1.177952E1,-2.377010E0
6.506500E0,-1.167240E1,-2.489799E0
6.510671E0,-1.186776E1,-2.193354E0
6.514842E0,-1.165009E1,-2.328727E0
6.519012E0,-1.181113E1,-2.502745E0
6.523183E0,-1.177773E1,-2.133916E0
6.527354E0,-1.185377E1,-2.300554E0
6.531525E0,-1.165421E1,-1.915672E0
6.535696E0,-1.210083E1,-1.840142E0
6.539867E0,-1.225328E1,-1.545200E0
6.544037E0,-1.200918E1,-1.438488E0
6.548208E0,-1.201059E1,-1.549065E0
6.552379E0,-1.213854E1,-1.291610E0
6.556550E0,-1.170208E1,-1.932204E0
6.560721E0,-1.181770E1,-2.436314E0
6.564892E0,-1.184295E1,-2.428447E0
6.569063E0,-1.172648E1,-2.448730E0
6.573233E0,-1.181518E1,-2.092207E0
6.577404E0,-1.296331E1,-1.522562E0
6.581575E0,-1.308037E1,-1.484769E0
6.585746E0,-1.305774E1,-1.458798E0
6.589917E0,-1.295554E1,-1.223287E0
6.594088E0,-1.303894E1,-1.729258E0
6.598258E0,-1.305593E1,-1.264152E0
6.602429E0,-1.315055E1,-1.798826E0
6.606600E0,-1.185603E1,-2.037369E0
6.610771E0,-1.189440E1,-2.441084E0
6.614942E0,-1.167213E1,-2.031960E0
6.619112E0,-1.192689E1,-2.687866E0
6.623283E0,-1.185883E1,-2.203641E0
6.627454E0,-1.188389E1,-2.194438E0
6.631625E0,-1.171767E1,-1.968671E0
6.635796E0,-1.176082E1,-2.172541E0
6.639967E0,-1.164176E1,-1.689487E0
6.644138E0,-1.166461E1,-2.066113E0
6.648308E0,-1.168244E1,-2.450235E0
6.652479E0,-1.147543E1,-2.645900E0
6.656650E0,-1.127169E1,-2.595769E0
6.660821E0,-1.115493E1,-2.539951E0
6.664992E0,-1.122356E1,-2.725998E0
6.669163E0,-1.119852E1,-2.714984E0
6.673333E0,-1.151475E1,-2.603193E0
6.677504E0,-1.166274E1,-1.991944E0
6.681675E0,-1.174752E1,-2.227044E0
6.685846E0,-1.161073E1,-2.097207E0
6.690017E0,-1.161381E1,-2.258273E0
6.694187E0,-1.162881E1,-1.959568E0
6.698358E0,-1.170016E1,-2.298729E0
6.702529E0,-1.162719E1,-2.375967E0
6.706700E0,-1.162396E1,-2.153391E0
6.710871E0,-1.160991E1,-2.281789E0
6.715042E0,-1.182105E1,-2.601251E0
6.719213E0,-1.174418E1,-1.854174E0
6.723383E0,-1.176760E1,-2.242560E0
6.727554E0,-1.161990E1,-1.777501E0
6.731725E0,-1.159642E1,-1.908345E0
6.735896E0,-1.157233E1,-2.233367E0
6.740067E0,-1.176894E1,-2.293916E0
6.744238E0,-1.167583E1,-2.258457E0
6.748408E0,-1.184640E1,-2.202078E0
6.752579E0,-1.161137E1,-2.505744E0
6.756750E0,-1.175016E1,-2.265798E0
6.760921E0,-1.171488E1,-1.898444E0
6.765092E0,-1.187289E1,-2.231386E0
6.769262E0,-1.176327E1,-2.149521E0
6.773433E0,-1.149569E1,-1.994467E0
6.777604E0,-1.152250E1,-1.850802E0
6.781775E0,-1.167678E1,-2.041552E0
6.785946E0,-1.152593E1,-1.879297E0
6.790117E0,-1.156800E1,-1.986294E0
6.794288E0,-1.176248E1,-2.272534E0
6.798458E0,-1.178787E1,-1.998023E0
6.802629E0,-1.132508E1,-2.131886E0
6.806800E0,-1.160525E1,-1.936041E0
6.810971E0,-1.165241E1,-1.839829E0
6.815142E0,-1.152197E1,-1.748316E0
6.819312E0,-1.181849E1,-1.453658E0
6.823483E0,-1.212969E1,-1.407659E0
6.827654E0,-1.182379E1,-1.425387E0
6.831825E0,-1.180569E1,-1.686186E0
6.835996E0,-1.208112E1,-1.457707E0
6.840167E0,-1.229097E1,-1.661913E0
6.844338E0,-1.189210E1,-1.103433E0
6.848508E0,-1.185008E1,-1.532743E0
6.852679E0,-1.204509E1,-1.179276E0
6.856850E0,-1.213855E1,-1.446089E0
6.861021E0,-1.201621E1,-1.288401E0
6.865192E0,-1.208551E1,-1.446480E0
6.869363E0,-1.198987E1,-1.200563E0
6.873533E0,-1.184336E1,-8.607099E-1
6.877704E0,-1.276383E1,-3.807602E-1
6.881875E0,-1.250994E1,-3.570771E-1
6.886046E0,-1.222129E1,-5.424135E-1
6.890217E0,-1.228211E1,-1.206553E-1
6.894387E0,-1.240637E1,-2.859986E-1
6.898558E0,-1.255581E1,3.313835E-2
6.902729E0,-1.277832E1,-1.121105E-1
6.906900E0,-1.282371E1,-5.050390E-1
6.911071E0,-1.276805E1,1.093525E-1
6.915242E0,-1.301509E1,1.615446E-1
6.919412E0,-1.292090E1,3.008167E-1
6.923583E0,-1.306901E1,-1.855731E-2
6.927754E0,-1.303536E1,2.688346E-1
6.931925E0,-1.333820E1,1.102107E0
6.936096E0,-1.348491E1,1.207793E0
6.940267E0,-1.316424E1,8.858863E-1
6.944438E0,-1.420314E1,9.125063E-1
6.948608E0,-1.375327E1,1.190578E0
6.952779E0,-1.392852E1,1.025926E0
6.956950E0,-1.454645E1,1.428295E0
6.961121E0,-1.389643E1,1.090197E0
6.965292E0,-1.421563E1,1.290191E0
6.969463E0,-1.415671E1,1.237697E0
6.973633E0,-1.396420E1,1.234703E0
6.977804E0,-1.415755E1,9.787006E-1
6.981975E0,-1.422034E1,1.015325E0
6.986146E0,-1.400024E1,1.169017E0
6.990317E0,-1.417758E1,9.266419E-1
6.994487E0,-1.402266E1,1.451740E0
6.998658E0,-1.414108E1,8.157900E-1
7.002829E0,-1.410991E1,7.756939E-1
7.007000E0,-1.445314E1,1.452012E0
7.011171E0,-1.420623E1,9.410619E-1
7.015342E0,-1.421555E1,9.723145E-1
7.019512E0,-1.412698E1,1.206694E0
7.023683E0,-1.419647E1,1.409596E0
7.027854E0,-1.443236E1,9.744844E-1
7.032025E0,-1.451418E1,1.150525E0
7.036196E0,-1.459957E1,7.642208E-1
7.040367E0,-5.454431E0,-1.732375E0
7.044538E0,-5.447611E0,-1.849074E0
7.048708E0,-5.678156E0,-1.748213E0
7.052879E0,-5.543444E0,-1.432816E0
7.057050E0,-5.633833E0,-1.833879E0
7.061221E0,-5.510086E0,-1.792991E0
7.065392E0,-5.471130E0,-1.461508E0
7.069562E0,-5.525711E0,-1.552070E0
7.073733E0,-5.763868E0,-1.490266E0
7.077904E0,-5.346745E0,-1.625074E0
7.082075E0,-5.773328E0,-1.643836E0
7.086246E0,-5.700684E0,-1.403573E0
7.090417E0,-5.732719E0,-1.576631E0
7.094588E0,-5.619315E0,-1.786835E0
7.098758E0,-5.484748E0,-1.722927E0
7.102929E0,-5.448117E0,-1.473924E0
7.107100E0,-5.533293E0,-1.525532E0
7.111271E0,-5.717717E0,-1.434550E0
7.115442E0,-5.458484E0,-1.598952E0
7.119613E0,-5.735792E0,-1.429405E0
7.123783E0,-5.962235E0,-1.484979E0
7.127954E0,-6.062333E0,-1.611021E0
7.132125E0,-5.964175E0,-1.868335E0
7.136296E0,-6.212408E0,-1.880826E0
7.140467E0,-6.052409E0,-1.649376E0
7.144637E0,-6.133044E0,-1.522502E0
7.148808E0,-6.258636E0,-1.790128E0
7.152979E0,-5.937140E0,-1.492794E0
7.157150E0,-6.262258E0,-1.583268E0
7.161321E0,-6.208036E0,-1.593135E0
7.165492E0,-6.263303E0,-1.656948E0
7.169663E0,-5.924499E0,-1.629872E0
7.173833E0,-6.226103E0,-1.943921E0
7.178004E0,-5.950472E0,-8.863641E-1
7.182175E0,-6.126749E0,-5.857003E-1
7.186346E0,-6.019836E0,-1.322839E0
7.190517E0,-5.896205E0,-1.921948E0
7.194687E0,-6.034662E0,-1.510348E0
7.198858E0,-6.261757E0,-1.357419E0
7.203029E0,-6.050082E0,-1.939249E0
7.207200E0,-5.772938E0,-1.425368E0
7.211371E0,-5.695106E0,-1.372843E0
7.215542E0,-5.822336E0,-1.174322E0
7.219713E0,-5.895976E0,-1.515559E0
7.223883E0,-5.750698E0,-1.770505E0
7.228054E0,-5.801062E0,-1.339419E0
7.232225E0,-5.764511E0,-1.266090E0
7.236396E0,-5.646597E0,-1.240147E0
7.240567E0,-5.687365E0,-1.233941E0
7.244738E0,-5.551682E0,-1.596554E0
7.248908E0,-5.766627E0,-1.093703E0
7.253079E0,-5.534068E0,-1.641594E0
7.257250E0,-5.897442E0,-1.478359E0
7.261421E0,-5.905535E0,-8.860983E-1
7.265592E0,-5.874336E0,-1.338479E0
7.269762E0,-5.768013E0,-1.258262E0
7.273933E0,-5.554469E0,-1.669663E0
7.278104E0,-5.638775E0,-1.290164E0
7.282275E0,-5.668015E0,-1.498894E0
7.286446E0,-5.687884E0,-1.374643E0
7.290617E0,-5.539954E0,-1.308733E0
7.294787E0,-5.641293E0,-1.153869E0
7.298958E0,-5.774755E0,-1.149989E0
7.303129E0,-5.949065E0,-1.047168E0
7.307300E0,-5.794638E0,-1.039536E0
7.311471E0,-5.995211E0,-1.549921E0
7.315642E0,-5.830835E0,-1.449681E0
7.319813E0,-5.675415E0,-1.413305E0
7.323983E0,-5.579408E0,-1.575843E0
7.328154E0,-5.887038E0,-1.050556E0
7.332325E0,-5.915889E0,-1.087548E0
7.336496E0,-5.952613E0,-1.271481E0
7.340667E0,-5.887582E0,-1.023184E0
7.344838E0,-5.596500E0,-8.221252E-1
7.349008E0,-5.704760E0,-1.344059E0
7.353179E0,-5.921321E0,-1.272479E0
7.357350E0,-5.817900E0,-1.358039E0
7.361521E0,-5.908587E0,-1.657845E0
7.365692E0,-6.075964E0,-1.511332E0
7.369862E0,-6.424642E0,-1.545446E0
7.374033E0,-6.584167E0,-1.566709E0
7.378204E0,-6.357825E0,-1.713634E0
7.382375E0,-6.306270E0,-1.389190E0
7.386546E0,-6.496936E0,-1.902608E0
7.390717E0,-5.906958E0,-1.350169E0
7.394887E0,-6.063280E0,-1.115031E0
7.399058E0,-5.982690E0,-7.850416E-1
7.403229E0,-5.922376E0,-8.010464E-1
7.407400E0,-5.705149E0,-1.339224E0
7.411571E0,-6.264896E0,-9.535162E-1
7.415742E0,-6.142105E0,-1.030525E0
7.419913E0,-6.536283E0,-9.242634E-1
7.424083E0,-6.074157E0,-1.030748E0
7.428254E0,-6.210947E0,-1.210670E0
7.432425E0,-6.207508E0,-6.208475E-1
7.436596E0,-6.012919E0,-1.214882E0
7.440767E0,-5.873914E0,-1.274587E0
7.444937E0,-5.745490E0,-1.140084E0
7.449108E0,-5.857219E0,-8.473105E-1
7.453279E0,-6.105888E0,-7.080131E-1
7.457450E0,-5.948104E0,-1.052935E0
7.461621E0,-6.030757E0,-7.523715E-1
7.465792E0,-6.267548E0,-5.757395E-1
7.469963E0,-6.020753E0,-8.566814E-1
7.474133E0,-6.007250E0,-5.952388E-1
7.478304E0,-6.004593E0,-3.815794E-1
7.482475E0,-6.050471E0,-4.727953E-1
7.486646E0,-5.973024E0,-5.951832E-1
7.490817E0,-6.017134E0,-4.893452E-1
7.494988E0,-6.239018E0,-3.253553E-1
7.499158E0,-6.647527E0,-6.201387E-1
7.503329E0,-6.395353E0,-3.718696E-1
7.507500E0,-6.256155E0,-4.732857E-1
7.511671E0,-6.139771E0,-4.519714E-1
7.515842E0,-5.961599E0,-2.206063E-1
7.520012E0,-5.987053E0,-3.312740E-1
7.524183E0,-6.349548E0,-4.639547E-1
7.528354E0,-6.236541E0,-3.709255E-1
7.532525E0,-6.290183E0,-4.385985E-1
7.536696E0,-6.289526E0,-1.727151E-1
7.540867E0,-6.293634E0,-1.060855E-1
7.545038E0,-6.328739E0,-6.862031E-1
7.549208E0,-6.374430E0,-3.481397E-1
7.553379E0,-5.954767E0,-4.205718E-1
7.557550E0,-6.214383E0,3.850440E-2
7.561721E0,-6.557287E0,-2.107966E-1
7.565892E0,-6.725666E0,-4.824545E-1
7.570062E0,-6.436434E0,-2.681718E-1
7.574233E0,-6.979770E0,-1.064911E-1
7.578404E0,-6.576788E0,1.109306E-2
7.582575E0,-6.416376E0,-2.678337E-1
7.586746E0,-6.445032E0,7.192985E-2
7.590917E0,-6.291359E0,-5.746905E-2
7.595088E0,-6.375275E0,5.050021E-1
7.599258E0,-6.107673E0,2.435234E-1
7.603429E0,-6.398838E0,1.752795E-1
7.607600E0,-6.539238E0,3.759592E-2
7.611771E0,-6.400901E0,8.250572E-2
7.615942E0,-6.665979E0,4.673717E-1
7.620113E0,-6.307571E0,-2.865660E-1
7.624283E0,-6.179277E0,-2.344275E-1
7.628454E0,-6.529361E0,-6.358274E-2
7.632625E0,-6.457926E0,5.810477E-2
7.636796E0,-6.346025E0,1.341821E-1
7.640967E0,-6.467790E0,1.777869E-1
7.645137E0,-6.628885E0,3.036377E-1
7.649308E0,-6.243392E0,1.889998E-1
7.653479E0,-6.380567E0,1.816863E-1
7.657650E0,-6.470109E0,8.431558E-2
7.661821E0,-6.258028E0,4.903090E-1
7.665992E0,-6.493677E0,-1.001841E-1
7.670162E0,-6.161772E0,-7.366196E-2
7.674333E0,-6.554461E0,2.652164E-1
7.678504E0,-6.374506E0,-8.649163E-2
7.682675E0,-6.401823E0,5.614749E-2
7.686846E0,-6.573440E0,-1.468556E-1
7.691017E0,-6.789495E0,1.464591E-1
7.695188E0,-7.270080E0,-1.572295E-1
7.699358E0,-6.467855E0,3.623496E-2
7.703529E0,-6.507359E0,-3.197771E-1
7.707700E0,-6.559221E0,-1.785619E-2
7.711871E0,-6.671501E0,1.506893E-1
7.716042E0,-6.539206E0,2.087002E-1
7.720213E0,-6.540035E0,1.267935E-1
7.724383E0,-6.872250E0,-1.048209E-1
7.728554E0,-6.973040E0,-4.739094E-1
7.732725E0,-7.008872E0,-1.220467E-1
7.736896E0,-6.914309E0,-5.073218E-2
7.741067E0,-6.983504E0,1.943262E-1
7.745237E0,-7.284701E0,-1.882814E-1
7.749408E0,-7.313697E0,-1.517446E-1
7.753579E0,-6.941582E0,-4.258615E-1
7.757750E0,-7.147012E0,-1.799021E-1
7.761921E0,-6.983523E0,-5.561313E-1
7.766092E0,-6.435520E0,1.784328E-1
7.770262E0,-6.788352E0,2.348868E-1
7.774433E0,-6.795123E0,3.685490E-1
7.778604E0,-6.516052E0,1.422688E-2
7.782775E0,-6.580553E0,5.100391E-2
7.786946E0,-6.435454E0,-1.645708E-1
7.791117E0,-6.437632E0,-1.393272E-1
7.795288E0,-6.503894E0,6.033041E-2
7.799458E0,-6.515508E0,-2.094367E-1
7.803629E0,-6.540814E0,1.393034E-1
7.807800E0,-6.675933E0,1.652624E-1
7.811971E0,-6.564629E0,-5.079798E-3
7.816142E0,-6.649057E0,2.381756E-1
7.820312E0,-6.483831E0,4.321394E-1
7.824483E0,-6.523772E0,-1.683144E-1
7.828654E0,-6.669583E0,2.879118E-1
7.832825E0,-6.638335E0,9.145861E-2
7.836996E0,-6.415984E0,-2.524687E-1
7.841167E0,-6.759366E0,4.186041E-1
7.845338E0,-6.850958E0,7.812011E-2
7.849508E0,-7.155051E0,-4.076956E-3
7.853679E0,-7.365792E0,-1.337494E-1
7.857850E0,-7.087090E0,1.096934E-1
7.862021E0,-6.997447E0,-4.246435E-2
7.866192E0,-6.891383E0,2.219592E-1
7.870363E0,-7.092915E0,4.627580E-1
7.874533E0,-6.810173E0,3.555557E-1
7.878704E0,-7.160253E0,1.104560E-1
7.882875E0,-6.997397E0,4.462323E-1
7.887046E0,-7.325753E0,2.268464E-1
7.891217E0,-7.222224E0,6.868545E-1
7.895388E0,-7.335276E0,4.577416E-1
7.899558E0,-7.024978E0,5.685248E-1
7.903729E0,-7.106662E0,5.508963E-2
7.907900E0,-6.943440E0,-1.430426E0
7.912071E0,-6.785513E0,-1.208460E0
7.916242E0,-6.470498E0,-2.456237E0
7.920413E0,-6.353063E0,-2.253628E0
7.924583E0,-6.050243E0,-2.461598E0
7.928754E0,-5.951538E0,-2.958971E0
7.932925E0,-5.985015E0,-2.528708E0
7.937096E0,-6.399667E0,-2.690039E0
7.941267E0,-5.765932E0,-3.068699E0
7.945437E0,-5.911208E0,-2.755298E0
7.949608E0,-6.147266E0,-2.815267E0
