,mass A,,
t,x,y,
0.000000E0,3.185171E2,-6.583874E1
4.170833E-3,3.184371E2,-6.572971E1
8.341667E-3,3.186490E2,-6.552145E1
1.251250E-2,3.187418E2,-6.538112E1
1.668333E-2,3.186970E2,-6.549938E1
2.085417E-2,3.186786E2,-6.571953E1
2.502500E-2,3.190608E2,-6.513962E1
2.919583E-2,3.187850E2,-6.513795E1
3.336667E-2,3.190405E2,-6.469475E1
3.753750E-2,3.187658E2,-6.499441E1
4.170833E-2,3.188580E2,-6.527484E1
4.587917E-2,3.185498E2,-6.497751E1
5.005000E-2,3.186117E2,-6.476693E1
5.422083E-2,3.185118E2,-6.545880E1
5.839167E-2,3.183843E2,-6.498662E1
6.256250E-2,3.187509E2,-6.465003E1
6.673333E-2,3.182922E2,-6.497931E1
7.090417E-2,3.183367E2,-6.504589E1
7.507500E-2,3.186237E2,-6.449900E1
7.924583E-2,3.186090E2,-6.476345E1
8.341667E-2,3.184250E2,-6.512048E1
8.758750E-2,3.182775E2,-6.487953E1
9.175833E-2,3.186484E2,-6.467602E1
9.592917E-2,3.183535E2,-6.507603E1
1.001000E-1,3.185177E2,-6.459185E1
1.042708E-1,3.185179E2,-6.501794E1
1.084417E-1,3.185157E2,-6.487424E1
1.126125E-1,3.185163E2,-6.494858E1
1.167833E-1,3.185298E2,-6.489923E1
1.209542E-1,3.184065E2,-6.502497E1
1.251250E-1,3.186870E2,-6.466416E1
1.292958E-1,3.184986E2,-6.474310E1
1.334667E-1,3.182394E2,-6.511915E1
1.376375E-1,3.184537E2,-6.481907E1
1.418083E-1,3.183518E2,-6.492099E1
1.459792E-1,3.186140E2,-6.477988E1
1.501500E-1,3.183513E2,-6.506157E1
1.543208E-1,3.181088E2,-6.490976E1
1.584917E-1,3.184677E2,-6.502379E1
1.626625E-1,3.181504E2,-6.485141E1
1.668333E-1,3.182551E2,-6.507061E1
1.710042E-1,3.181816E2,-6.528628E1
1.751750E-1,3.177445E2,-6.553452E1
1.793458E-1,3.175630E2,-6.571430E1
1.835167E-1,3.175861E2,-6.580471E1
1.876875E-1,3.174226E2,-6.587636E1
1.918583E-1,3.174935E2,-6.577816E1
1.960292E-1,3.172818E2,-6.577023E1
2.002000E-1,3.175237E2,-6.580334E1
2.043708E-1,3.171287E2,-6.573337E1
2.085417E-1,3.173616E2,-6.602619E1
2.127125E-1,3.171216E2,-6.559995E1
2.168833E-1,3.172459E2,-6.595788E1
2.210542E-1,3.165750E2,-6.619646E1
2.252250E-1,3.166672E2,-6.585957E1
2.293958E-1,3.162990E2,-6.588280E1
2.335667E-1,3.164808E2,-6.587585E1
2.377375E-1,3.163560E2,-6.577120E1
2.419083E-1,3.167642E2,-6.598787E1
2.460792E-1,3.164447E2,-6.549678E1
2.502500E-1,3.163231E2,-6.588744E1
2.544208E-1,3.164811E2,-6.576857E1
2.585917E-1,3.165517E2,-6.543805E1
2.627625E-1,3.165764E2,-6.542256E1
2.669333E-1,3.167434E2,-6.534584E1
2.711042E-1,3.164932E2,-6.470173E1
2.752750E-1,3.164705E2,-6.363589E1
2.794458E-1,3.164375E2,-6.185200E1
2.836167E-1,3.165701E2,-5.969447E1
2.877875E-1,3.155416E2,-5.690050E1
2.919583E-1,3.145444E2,-5.321978E1
2.961292E-1,3.124543E2,-4.835963E1
3.003000E-1,3.100259E2,-4.456681E1
3.044708E-1,3.061101E2,-3.943486E1
3.086417E-1,3.011367E2,-3.488122E1
3.128125E-1,2.951706E2,-2.920674E1
3.169833E-1,2.887994E2,-2.364200E1
3.211542E-1,2.803508E2,-1.855333E1
3.253250E-1,2.708023E2,-1.255662E1
3.294958E-1,2.601018E2,-6.687669E0
3.336667E-1,2.481481E2,-9.956380E-1
3.378375E-1,2.344975E2,4.744688E0
3.420083E-1,2.194276E2,1.039741E1
3.461792E-1,2.025987E2,1.630387E1
3.503500E-1,1.857671E2,2.065544E1
3.545208E-1,1.670495E2,2.482096E1
3.586917E-1,1.467706E2,3.014896E1
3.628625E-1,1.227804E2,3.202966E1
3.670333E-1,1.013924E2,3.581049E1
3.712042E-1,7.906551E1,3.984786E1
3.753750E-1,5.551791E1,4.200854E1
3.795458E-1,3.222398E1,4.507153E1
3.837167E-1,7.221831E0,4.707203E1
3.878875E-1,-1.761373E1,4.806065E1
3.920583E-1,-4.116194E1,4.835789E1
3.962292E-1,-6.561378E1,4.861290E1
4.004000E-1,-8.964577E1,4.893994E1
4.045708E-1,-1.121354E2,4.825898E1
4.087417E-1,-1.342469E2,4.743138E1
4.129125E-1,-1.549867E2,4.519636E1
4.170833E-1,-1.739309E2,4.351495E1
4.212542E-1,-1.922450E2,4.081564E1
4.254250E-1,-2.090292E2,3.797432E1
4.295958E-1,-2.245642E2,3.539587E1
4.337667E-1,-2.378763E2,3.227530E1
4.379375E-1,-2.518204E2,2.734584E1
4.421083E-1,-2.630311E2,2.393199E1
4.462792E-1,-2.722935E2,1.835493E1
4.504500E-1,-2.810734E2,1.622744E1
4.546208E-1,-2.888463E2,1.566466E1
4.587917E-1,-2.949662E2,1.328053E1
4.629625E-1,-2.922489E2,2.389843E1
4.671333E-1,-2.956111E2,2.196196E1
4.713042E-1,-2.980807E2,1.837380E1
4.754750E-1,-3.004522E2,1.512287E1
4.796458E-1,-3.012678E2,1.164616E1
4.838167E-1,-3.014609E2,9.055831E0
4.879875E-1,-3.009110E2,5.338366E0
4.921583E-1,-2.992057E2,1.523578E0
4.963292E-1,-2.964070E2,-2.217987E0
5.005000E-1,-2.924997E2,-4.632646E0
5.046708E-1,-2.873429E2,-8.822454E0
5.088417E-1,-2.813954E2,-1.254911E1
5.130125E-1,-2.740545E2,-1.558779E1
5.171833E-1,-2.659417E2,-1.899371E1
5.213542E-1,-2.566560E2,-2.147873E1
5.255250E-1,-2.460165E2,-2.450654E1
5.296958E-1,-2.341261E2,-2.780652E1
5.338667E-1,-2.210452E2,-3.098634E1
5.380375E-1,-2.070691E2,-3.343495E1
5.422083E-1,-1.909871E2,-3.510971E1
5.463792E-1,-1.750078E2,-3.777991E1
5.505500E-1,-1.574532E2,-4.215917E1
5.547208E-1,-1.388497E2,-4.764482E1
5.588917E-1,-1.181122E2,-5.064490E1
5.630625E-1,-9.601582E1,-5.027283E1
5.672333E-1,-7.153334E1,-4.989492E1
5.714042E-1,-4.835138E1,-4.890236E1
5.755750E-1,-2.473029E1,-4.654753E1
5.797458E-1,-1.302182E0,-4.391241E1
5.839167E-1,2.350941E1,-4.077065E1
5.880875E-1,4.580940E1,-3.491982E1
5.922583E-1,6.892149E1,-3.042083E1
5.964292E-1,9.061002E1,-2.411625E1
6.006000E-1,1.108901E2,-1.941173E1
6.047708E-1,1.308067E2,-1.403206E1
6.089417E-1,1.486729E2,-9.789630E0
6.131125E-1,1.655493E2,-2.980403E0
6.172833E-1,1.816277E2,1.755991E0
6.214542E-1,1.965103E2,6.742089E0
6.256250E-1,2.091310E2,1.372635E1
6.297958E-1,2.218922E2,1.860896E1
6.339667E-1,2.332559E2,2.408061E1
6.381375E-1,2.433643E2,2.935701E1
6.423083E-1,2.535930E2,3.341184E1
6.464792E-1,2.615392E2,3.780402E1
6.506500E-1,2.686626E2,4.276750E1
6.548208E-1,2.746472E2,4.708130E1
6.589917E-1,2.796278E2,5.030760E1
6.631625E-1,2.830107E2,5.408493E1
6.673333E-1,2.856081E2,5.793680E1
6.715042E-1,2.876177E2,6.121515E1
6.756750E-1,2.878099E2,6.473383E1
6.798458E-1,2.872222E2,6.849423E1
6.840167E-1,2.857853E2,7.039032E1
6.881875E-1,2.835920E2,7.187024E1
6.923583E-1,2.800720E2,7.446113E1
6.965292E-1,2.749999E2,7.613488E1
7.007000E-1,2.691209E2,7.797882E1
7.048708E-1,2.626550E2,7.846691E1
7.090417E-1,2.550509E2,7.911543E1
7.132125E-1,2.468122E2,7.934808E1
7.173833E-1,2.369633E2,7.938154E1
7.215542E-1,2.257081E2,7.906211E1
7.257250E-1,2.142239E2,7.855420E1
7.298958E-1,2.016875E2,7.723744E1
7.340667E-1,1.876713E2,7.613131E1
7.382375E-1,1.729157E2,7.512663E1
7.424083E-1,1.563354E2,7.294488E1
7.465792E-1,1.388784E2,6.981974E1
7.507500E-1,1.214560E2,6.792077E1
7.549208E-1,1.020998E2,6.243427E1
7.590917E-1,8.106536E1,5.652639E1
7.632625E-1,5.836095E1,5.105284E1
7.674333E-1,3.619798E1,4.392481E1
7.716042E-1,1.235576E1,3.772632E1
7.757750E-1,-1.111124E1,3.042445E1
7.799458E-1,-3.462638E1,2.212808E1
7.841167E-1,-5.728466E1,1.366963E1
7.882875E-1,-7.875534E1,5.264345E0
7.924583E-1,-9.909064E1,-3.359534E0
7.966292E-1,-1.188898E2,-1.108260E1
8.008000E-1,-1.389514E2,-1.897072E1
8.049708E-1,-1.558792E2,-2.653614E1
8.091417E-1,-1.720840E2,-3.385435E1
8.133125E-1,-1.879706E2,-4.364550E1
8.174833E-1,-2.021183E2,-5.062473E1
8.216542E-1,-2.142168E2,-5.862179E1
8.258250E-1,-2.252921E2,-6.620321E1
8.299958E-1,-2.349547E2,-7.199292E1
8.341667E-1,-2.435172E2,-7.804467E1
8.383375E-1,-2.513382E2,-8.233914E1
8.425083E-1,-2.572271E2,-9.090269E1
8.466792E-1,-2.617682E2,-9.571024E1
8.508500E-1,-2.654574E2,-1.010411E2
8.550208E-1,-2.682012E2,-1.052066E2
8.591917E-1,-2.701549E2,-1.093558E2
8.633625E-1,-2.711692E2,-1.127222E2
8.675333E-1,-2.715646E2,-1.164286E2
8.717042E-1,-2.709764E2,-1.191063E2
8.758750E-1,-2.692196E2,-1.218026E2
8.800458E-1,-2.672444E2,-1.241780E2
8.842167E-1,-2.642083E2,-1.257734E2
8.883875E-1,-2.598837E2,-1.274777E2
8.925583E-1,-2.553642E2,-1.291021E2
8.967292E-1,-2.501847E2,-1.288967E2
9.009000E-1,-2.442179E2,-1.281800E2
9.050708E-1,-2.367062E2,-1.280812E2
9.092417E-1,-2.279023E2,-1.266377E2
9.134125E-1,-2.199677E2,-1.206722E2
9.175833E-1,-2.084851E2,-1.190485E2
9.217542E-1,-1.953491E2,-1.167384E2
9.259250E-1,-1.824279E2,-1.144583E2
9.300958E-1,-1.673014E2,-1.110980E2
9.342667E-1,-1.513200E2,-1.065097E2
9.384375E-1,-1.347846E2,-1.004814E2
9.426083E-1,-1.169747E2,-9.465615E1
9.467792E-1,-9.907477E1,-8.803878E1
9.509500E-1,-7.851723E1,-7.979264E1
9.551208E-1,-5.937329E1,-7.111816E1
9.592917E-1,-3.892227E1,-6.014128E1
9.634625E-1,-1.950003E1,-4.843799E1
9.676333E-1,7.658077E-1,-3.788997E1
9.718042E-1,2.063586E1,-2.702545E1
9.759750E-1,4.088318E1,-1.649175E1
9.801458E-1,5.943066E1,-3.430791E0
9.843167E-1,7.743337E1,1.011893E1
9.884875E-1,9.564429E1,2.216635E1
9.926583E-1,1.112697E2,3.367311E1
9.968292E-1,1.276464E2,4.606316E1
1.001000E0,1.404697E2,5.746670E1
1.005171E0,1.532771E2,6.818864E1
1.009342E0,1.638387E2,7.801100E1
1.013512E0,1.741173E2,8.807080E1
1.017683E0,1.837832E2,9.767625E1
1.021854E0,1.929130E2,1.074112E2
1.026025E0,2.000712E2,1.150578E2
1.030196E0,2.058249E2,1.222779E2
1.034367E0,2.116203E2,1.297223E2
1.038537E0,2.165660E2,1.370719E2
1.042708E0,2.203836E2,1.438510E2
1.046879E0,2.233824E2,1.495299E2
1.051050E0,2.253007E2,1.550172E2
1.055221E0,2.262329E2,1.595484E2
1.059392E0,2.256243E2,1.636789E2
1.063562E0,2.251645E2,1.669235E2
1.067733E0,2.232682E2,1.691643E2
1.071904E0,2.200498E2,1.705655E2
1.076075E0,2.168149E2,1.713292E2
1.080246E0,2.129619E2,1.713574E2
1.084417E0,2.075611E2,1.703542E2
1.088587E0,2.021910E2,1.696948E2
1.092758E0,1.952715E2,1.676021E2
1.096929E0,1.876284E2,1.654405E2
1.101100E0,1.797884E2,1.621847E2
1.105271E0,1.705471E2,1.582248E2
1.109442E0,1.623509E2,1.541123E2
1.113612E0,1.510937E2,1.481779E2
1.117783E0,1.389201E2,1.420035E2
1.121954E0,1.268734E2,1.354461E2
1.126125E0,1.143905E2,1.267908E2
1.130296E0,1.025293E2,1.183412E2
1.134467E0,8.520816E1,1.057239E2
1.138637E0,6.872150E1,9.467343E1
1.142808E0,5.195660E1,8.272538E1
1.146979E0,3.588934E1,7.042000E1
1.151150E0,1.817823E1,5.251091E1
1.155321E0,2.488755E-1,3.614256E1
1.159492E0,-1.744160E1,2.034315E1
1.163662E0,-3.485228E1,4.606992E0
1.167833E0,-5.143574E1,-1.057279E1
1.172004E0,-6.797063E1,-2.579384E1
1.176175E0,-8.317202E1,-4.113230E1
1.180346E0,-9.706164E1,-5.571330E1
1.184517E0,-1.108007E2,-6.941009E1
1.188687E0,-1.221243E2,-8.379907E1
1.192858E0,-1.339522E2,-9.709110E1
1.197029E0,-1.441103E2,-1.108889E2
1.201200E0,-1.526462E2,-1.231246E2
1.205371E0,-1.600184E2,-1.356407E2
1.209542E0,-1.672905E2,-1.469499E2
1.213712E0,-1.731404E2,-1.567275E2
1.217883E0,-1.796987E2,-1.653564E2
1.222054E0,-1.836032E2,-1.732667E2
1.226225E0,-1.864452E2,-1.809382E2
1.230396E0,-1.897211E2,-1.867329E2
1.234567E0,-1.925524E2,-1.932640E2
1.238737E0,-1.941428E2,-1.970146E2
1.242908E0,-1.941998E2,-2.017561E2
1.247079E0,-1.950592E2,-2.047858E2
1.251250E0,-1.952771E2,-2.072398E2
1.255421E0,-1.938938E2,-2.087672E2
1.259592E0,-1.923893E2,-2.100542E2
1.263762E0,-1.900253E2,-2.098776E2
1.267933E0,-1.871033E2,-2.098861E2
1.272104E0,-1.831780E2,-2.085931E2
1.276275E0,-1.793289E2,-2.061597E2
1.280446E0,-1.733441E2,-2.040310E2
1.284617E0,-1.677801E2,-1.994946E2
1.288787E0,-1.612343E2,-1.957229E2
1.292958E0,-1.535192E2,-1.912038E2
1.297129E0,-1.451217E2,-1.845805E2
1.301300E0,-1.360419E2,-1.786129E2
1.305471E0,-1.265890E2,-1.714443E2
1.309642E0,-1.165087E2,-1.614234E2
1.313812E0,-1.049468E2,-1.508249E2
1.317983E0,-9.301242E1,-1.392754E2
1.322154E0,-8.110300E1,-1.279063E2
1.326325E0,-6.696156E1,-1.156069E2
1.330496E0,-5.480967E1,-1.016526E2
1.334667E0,-4.116586E1,-8.720054E1
1.338837E0,-2.651355E1,-7.036102E1
1.343008E0,-1.391901E1,-5.353680E1
1.347179E0,-1.008646E-1,-3.682113E1
1.351350E0,1.339494E1,-1.818711E1
1.355521E0,2.700460E1,3.122530E-1
1.359692E0,3.974819E1,1.910758E1
1.363862E0,5.159597E1,3.710355E1
1.368033E0,6.176255E1,5.411037E1
1.372204E0,7.486654E1,7.234804E1
1.376375E0,8.462988E1,8.868054E1
1.380546E0,9.415751E1,1.052632E2
1.384717E0,1.001660E2,1.189855E2
1.388887E0,1.065849E2,1.330792E2
1.393058E0,1.110979E2,1.437742E2
1.397229E0,1.159098E2,1.544257E2
1.401400E0,1.198607E2,1.655876E2
1.405571E0,1.239003E2,1.768365E2
1.409742E0,1.266043E2,1.859078E2
1.413912E0,1.304013E2,1.964163E2
1.418083E0,1.326673E2,2.040464E2
1.422254E0,1.356519E2,2.120976E2
1.426425E0,1.364744E2,2.193428E2
1.430596E0,1.375786E2,2.246342E2
1.434767E0,1.379603E2,2.286839E2
1.438937E0,1.378753E2,2.312979E2
1.443108E0,1.364117E2,2.332654E2
1.447279E0,1.348229E2,2.336372E2
1.451450E0,1.332883E2,2.335632E2
1.455621E0,1.310007E2,2.325226E2
1.459792E0,1.281264E2,2.299867E2
1.463962E0,1.240154E2,2.266280E2
1.468133E0,1.200465E2,2.226456E2
1.472304E0,1.144849E2,2.170033E2
1.476475E0,1.103522E2,2.101952E2
1.480646E0,1.048016E2,2.019550E2
1.484817E0,9.845541E1,1.939761E2
1.488987E0,9.285295E1,1.856419E2
1.493158E0,8.487481E1,1.744585E2
1.497329E0,7.684828E1,1.636999E2
1.501500E0,6.921571E1,1.516064E2
1.505671E0,6.017288E1,1.376623E2
1.509842E0,4.999421E1,1.216597E2
1.514012E0,3.979568E1,1.059128E2
1.518183E0,2.929866E1,8.831106E1
1.522354E0,1.985601E1,6.975072E1
1.526525E0,8.811302E0,4.682146E1
1.530696E0,-1.335248E0,2.719377E1
1.534867E0,-1.280174E1,5.430025E0
1.539037E0,-2.287797E1,-1.373256E1
1.543208E0,-3.289202E1,-3.397415E1
1.547379E0,-4.305033E1,-5.376952E1
1.551550E0,-5.160500E1,-7.190491E1
1.555721E0,-5.934417E1,-8.964494E1
1.559892E0,-6.726470E1,-1.071167E2
1.564062E0,-7.450848E1,-1.227849E2
1.568233E0,-8.109491E1,-1.377950E2
1.572404E0,-8.711287E1,-1.517246E2
1.576575E0,-9.263249E1,-1.660991E2
1.580746E0,-9.746679E1,-1.779354E2
1.584917E0,-1.011036E2,-1.897346E2
1.589087E0,-1.052556E2,-1.992598E2
1.593258E0,-1.078666E2,-2.085523E2
1.597429E0,-1.109835E2,-2.168332E2
1.601600E0,-1.130546E2,-2.237614E2
1.605771E0,-1.154765E2,-2.294419E2
1.609942E0,-1.172147E2,-2.329035E2
1.614112E0,-1.179109E2,-2.365509E2
1.618283E0,-1.194232E2,-2.394019E2
1.622454E0,-1.192613E2,-2.410391E2
1.626625E0,-1.192258E2,-2.421611E2
1.630796E0,-1.180146E2,-2.425928E2
1.634967E0,-1.174353E2,-2.423130E2
1.639137E0,-1.152776E2,-2.410161E2
1.643308E0,-1.132118E2,-2.388892E2
1.647479E0,-1.111291E2,-2.357634E2
1.651650E0,-1.082668E2,-2.318529E2
1.655821E0,-1.050717E2,-2.267357E2
1.659992E0,-1.012037E2,-2.209832E2
1.664162E0,-9.702479E1,-2.147986E2
1.668333E0,-9.221935E1,-2.070330E2
1.672504E0,-8.700159E1,-1.976522E2
1.676675E0,-8.212569E1,-1.867579E2
1.680846E0,-7.633242E1,-1.758734E2
1.685017E0,-7.126201E1,-1.619498E2
1.689187E0,-6.396529E1,-1.480094E2
1.693358E0,-5.663446E1,-1.342038E2
1.697529E0,-4.849491E1,-1.191623E2
1.701700E0,-4.031151E1,-1.024028E2
1.705871E0,-3.213766E1,-8.565907E1
1.710042E0,-2.198403E1,-6.567088E1
1.714212E0,-1.267049E1,-4.484795E1
1.718383E0,-5.172531E0,-2.684452E1
1.722554E0,4.403003E0,-7.172974E0
1.726725E0,1.227277E1,1.332926E1
1.730896E0,1.981561E1,3.363674E1
1.735067E0,2.722692E1,5.376524E1
1.739237E0,3.316354E1,7.252616E1
1.743408E0,3.809329E1,8.961052E1
1.747579E0,4.460720E1,1.077527E2
1.751750E0,4.882601E1,1.232946E2
1.755921E0,5.277429E1,1.373160E2
1.760092E0,5.701797E1,1.509911E2
1.764262E0,6.289485E1,1.710903E2
1.768433E0,6.701125E1,1.846407E2
1.772604E0,7.083249E1,1.955856E2
1.776775E0,7.301906E1,2.055563E2
1.780946E0,7.464637E1,2.139486E2
1.785117E0,7.661455E1,2.215797E2
1.789287E0,7.838582E1,2.282289E2
1.793458E0,7.906154E1,2.343409E2
1.797629E0,8.015132E1,2.381350E2
1.801800E0,7.898687E1,2.418683E2
1.805971E0,7.916099E1,2.446312E2
1.810142E0,7.884203E1,2.461771E2
1.814312E0,7.823965E1,2.467919E2
1.818483E0,7.687281E1,2.462287E2
1.822654E0,7.538942E1,2.441673E2
1.826825E0,7.358941E1,2.416691E2
1.830996E0,7.185428E1,2.378833E2
1.835167E0,6.918005E1,2.331034E2
1.839337E0,6.639181E1,2.271595E2
1.843508E0,6.342298E1,2.192109E2
1.847679E0,6.057581E1,2.111043E2
1.851850E0,5.663677E1,2.023781E2
1.856021E0,5.306209E1,1.907077E2
1.860192E0,4.798381E1,1.798532E2
1.864362E0,4.355103E1,1.677573E2
1.868533E0,3.885625E1,1.540143E2
1.872704E0,3.314928E1,1.379339E2
1.876875E0,2.722987E1,1.220545E2
1.881046E0,1.762039E1,9.936747E1
1.885217E0,1.088330E1,8.065890E1
1.889387E0,4.643512E0,6.130468E1
1.893558E0,-1.686148E0,4.069333E1
1.897729E0,-7.919714E0,1.890478E1
1.901900E0,-1.415937E1,-2.922953E0
1.906071E0,-2.051552E1,-2.389370E1
1.910242E0,-2.669965E1,-4.420934E1
1.914412E0,-3.142826E1,-6.402629E1
1.918583E0,-3.527069E1,-8.209747E1
1.922754E0,-3.902018E1,-9.802012E1
1.926925E0,-4.283908E1,-1.143055E2
1.931096E0,-4.697620E1,-1.296652E2
1.935267E0,-5.024983E1,-1.438043E2
1.939437E0,-5.284257E1,-1.586149E2
1.943608E0,-5.594433E1,-1.713925E2
1.947779E0,-5.873725E1,-1.813288E2
1.951950E0,-6.104897E1,-1.926468E2
1.956121E0,-6.297480E1,-2.032871E2
1.960292E0,-6.606698E1,-2.158227E2
1.964462E0,-6.813550E1,-2.236158E2
1.968633E0,-7.011775E1,-2.297567E2
1.972804E0,-7.194874E1,-2.329212E2
1.976975E0,-7.228430E1,-2.377668E2
1.981146E0,-7.230392E1,-2.417250E2
1.985317E0,-7.295485E1,-2.417579E2
1.989487E0,-7.307565E1,-2.427527E2
1.993658E0,-7.324068E1,-2.423658E2
1.997829E0,-7.203028E1,-2.416036E2
2.002000E0,-7.115483E1,-2.400630E2
2.006171E0,-6.927747E1,-2.387467E2
2.010342E0,-6.730017E1,-2.363577E2
2.014512E0,-6.523793E1,-2.320105E2
2.018683E0,-6.293588E1,-2.267799E2
2.022854E0,-6.017728E1,-2.211497E2
2.027025E0,-5.610930E1,-2.166747E2
2.031196E0,-5.195946E1,-2.107707E2
2.035367E0,-4.819729E1,-2.017929E2
2.039537E0,-4.432110E1,-1.920074E2
2.043708E0,-4.029723E1,-1.806022E2
2.047879E0,-3.609302E1,-1.685482E2
2.052050E0,-3.235834E1,-1.547866E2
2.056221E0,-2.786677E1,-1.396884E2
2.060392E0,-2.409853E1,-1.232224E2
2.064562E0,-1.929413E1,-1.064594E2
2.068733E0,-1.382430E1,-8.777307E1
2.072904E0,-8.971594E0,-6.885871E1
2.077075E0,-3.498044E0,-5.042011E1
2.081246E0,2.122794E0,-2.889001E1
2.085417E0,7.127764E0,-7.316972E0
2.089587E0,1.042740E1,1.385899E1
2.093758E0,1.348640E1,3.358481E1
2.097929E0,1.600548E1,5.178301E1
2.102100E0,1.821565E1,7.089830E1
2.106271E0,1.968033E1,8.863667E1
2.110442E0,2.110219E1,1.059885E2
2.114612E0,2.225044E1,1.223846E2
2.118783E0,2.182534E1,1.378828E2
2.122954E0,2.283931E1,1.520955E2
2.127125E0,2.315002E1,1.661239E2
2.131296E0,2.706361E1,1.855778E2
2.135467E0,2.866892E1,1.975591E2
2.139637E0,2.787834E1,2.061880E2
2.143808E0,2.806437E1,2.156020E2
2.147979E0,2.811265E1,2.234861E2
2.152150E0,2.720339E1,2.296749E2
2.156321E0,2.749162E1,2.348455E2
2.160492E0,2.657543E1,2.396383E2
2.164662E0,2.635067E1,2.431124E2
2.168833E0,2.558841E1,2.447338E2
2.173004E0,2.416747E1,2.459953E2
2.177175E0,2.308438E1,2.457475E2
2.181346E0,2.194341E1,2.447799E2
2.185517E0,2.102810E1,2.425348E2
2.189687E0,1.903583E1,2.389029E2
2.193858E0,1.845076E1,2.348530E2
2.198029E0,1.711351E1,2.288598E2
2.202200E0,1.576294E1,2.228799E2
2.206371E0,1.434957E1,2.138072E2
2.210542E0,1.256072E1,2.047228E2
2.214712E0,1.106072E1,1.947351E2
2.218883E0,9.214593E0,1.830493E2
2.223054E0,6.937304E0,1.702270E2
2.227225E0,5.255518E0,1.555380E2
2.231396E0,5.609482E0,1.419432E2
2.235567E0,4.005698E0,1.252255E2
2.239737E0,1.220902E0,1.047682E2
2.243908E0,-1.012294E0,8.644378E1
2.248079E0,-3.125225E0,6.551638E1
2.252250E0,-5.453536E0,4.378513E1
2.256421E0,-6.817181E0,2.188981E1
2.260592E0,-8.896825E0,-1.720592E-1
2.264762E0,-9.103789E0,-2.172984E1
2.268933E0,-9.649804E0,-4.256279E1
2.273104E0,-1.055758E1,-6.296189E1
2.277275E0,-1.082793E1,-8.238508E1
2.281446E0,-1.125710E1,-9.888237E1
2.285617E0,-9.089260E0,-1.117760E2
2.289787E0,-8.951302E0,-1.278005E2
2.293958E0,-9.671352E0,-1.427150E2
2.298129E0,-8.782136E0,-1.567973E2
2.302300E0,-8.952501E0,-1.699669E2
2.306471E0,-9.410850E0,-1.820898E2
2.310642E0,-9.119591E0,-1.924530E2
2.314812E0,-9.412607E0,-2.015451E2
2.318983E0,-9.138522E0,-2.100902E2
2.323154E0,-9.033151E0,-2.185922E2
2.327325E0,-9.012043E0,-2.251357E2
2.331496E0,-9.374136E0,-2.304444E2
2.335667E0,-1.136278E1,-2.348156E2
2.339837E0,-1.197341E1,-2.378458E2
2.344008E0,-1.210521E1,-2.406728E2
2.348179E0,-1.244683E1,-2.420698E2
2.352350E0,-1.245280E1,-2.421969E2
2.356521E0,-1.247839E1,-2.411937E2
2.360692E0,-1.250124E1,-2.393839E2
2.364862E0,-1.225519E1,-2.362764E2
2.369033E0,-1.197078E1,-2.324998E2
2.373204E0,-1.092264E1,-2.295353E2
2.377375E0,-1.130294E1,-2.242741E2
2.381546E0,-1.038717E1,-2.180342E2
2.385717E0,-1.028517E1,-2.099816E2
2.389887E0,-9.976510E0,-2.017661E2
2.394058E0,-9.640346E0,-1.921514E2
2.398229E0,-9.499931E0,-1.804601E2
2.402400E0,-9.314327E0,-1.683976E2
2.406571E0,-7.573841E0,-1.559070E2
2.410742E0,-7.943264E0,-1.408922E2
2.414912E0,-7.713831E0,-1.253440E2
2.419083E0,-7.025248E0,-1.087084E2
2.423254E0,-6.376010E0,-9.151689E1
2.427425E0,-6.428963E0,-7.433720E1
2.431596E0,-6.074767E0,-5.491845E1
2.435767E0,-5.801450E0,-3.410522E1
2.439937E0,-5.406602E0,-1.347753E1
2.444108E0,-4.896555E0,6.524843E0
2.448279E0,-4.852851E0,2.689538E1
2.452450E0,-5.138978E0,4.663896E1
2.456621E0,-5.191282E0,6.584162E1
2.460792E0,-5.313333E0,8.392048E1
2.464962E0,-4.916875E0,1.011546E2
2.469133E0,-6.681164E0,1.157726E2
2.473304E0,-6.746295E0,1.322960E2
2.477475E0,-7.120148E0,1.457834E2
2.481646E0,-6.668025E0,1.580459E2
2.485817E0,-1.734815E0,1.808642E2
2.489987E0,-2.381477E0,1.912795E2
2.494158E0,-1.983812E0,1.989867E2
2.498329E0,-2.053938E0,2.069190E2
2.502500E0,-1.969185E0,2.130809E2
2.506671E0,-1.783038E0,2.195836E2
2.510842E0,-9.582996E-1,2.255012E2
2.515012E0,-7.773914E-1,2.290947E2
2.519183E0,-2.112728E-1,2.318322E2
2.523354E0,1.496400E0,2.339637E2
2.527525E0,2.081811E0,2.348230E2
2.531696E0,2.936713E0,2.346374E2
2.535867E0,3.888360E0,2.328112E2
2.540037E0,4.465934E0,2.300858E2
2.544208E0,5.175796E0,2.261679E2
2.548379E0,5.745472E0,2.215404E2
2.552550E0,6.582018E0,2.156477E2
2.556721E0,7.075423E0,2.082764E2
2.560892E0,8.162084E0,1.998822E2
2.565062E0,8.779202E0,1.915917E2
2.569233E0,9.779146E0,1.815686E2
2.573404E0,1.039085E1,1.700809E2
2.577575E0,1.099913E1,1.562227E2
2.581746E0,1.204965E1,1.417254E2
2.585917E0,1.251852E1,1.258576E2
2.590087E0,1.264706E1,1.096781E2
2.594258E0,1.275688E1,9.068980E1
2.598429E0,1.260404E1,7.178654E1
2.602600E0,1.167124E1,5.103790E1
2.606771E0,1.099411E1,3.088575E1
2.610942E0,6.990780E0,8.426513E0
2.615112E0,4.386784E0,-1.377712E1
2.619283E0,1.886033E0,-3.371853E1
2.623454E0,-1.526184E0,-5.247829E1
2.627625E0,-4.483917E0,-7.119987E1
2.631796E0,-7.200018E0,-8.820454E1
2.635967E0,-1.080340E1,-1.039751E2
2.640137E0,-1.388863E1,-1.197734E2
2.644308E0,-1.635855E1,-1.341612E2
2.648479E0,-1.892571E1,-1.469772E2
2.652650E0,-2.118670E1,-1.588106E2
2.656821E0,-2.322333E1,-1.704710E2
2.660992E0,-2.543341E1,-1.814571E2
2.665162E0,-2.731595E1,-1.900305E2
2.669333E0,-2.918290E1,-1.977477E2
2.673504E0,-3.123593E1,-2.042073E2
2.677675E0,-3.291409E1,-2.097922E2
2.681846E0,-3.499049E1,-2.140400E2
2.686017E0,-3.633408E1,-2.182811E2
2.690187E0,-3.724787E1,-2.210164E2
2.694358E0,-3.821376E1,-2.231555E2
2.698529E0,-3.911394E1,-2.241314E2
2.702700E0,-3.930079E1,-2.247271E2
2.706871E0,-3.960741E1,-2.240714E2
2.711042E0,-3.956435E1,-2.222996E2
2.715212E0,-3.927518E1,-2.197160E2
2.719383E0,-3.945882E1,-2.149689E2
2.723554E0,-3.910709E1,-2.102505E2
2.727725E0,-3.897788E1,-2.040355E2
2.731896E0,-3.815044E1,-1.976051E2
2.736067E0,-3.807820E1,-1.900330E2
2.740237E0,-3.645817E1,-1.820216E2
2.744408E0,-3.488576E1,-1.725353E2
2.748579E0,-3.378061E1,-1.615547E2
2.752750E0,-3.213014E1,-1.498324E2
2.756921E0,-2.937278E1,-1.377024E2
2.761092E0,-2.718499E1,-1.235608E2
2.765262E0,-2.486930E1,-1.086906E2
2.769433E0,-2.237126E1,-9.314234E1
2.773604E0,-1.918601E1,-7.595451E1
2.777775E0,-1.593272E1,-5.778588E1
2.781946E0,-1.319276E1,-3.860088E1
2.786117E0,-9.172170E0,-1.870840E1
2.790287E0,-5.173834E0,1.534714E0
2.794458E0,-3.200550E0,1.976319E1
2.798629E0,4.215138E-1,3.867177E1
2.802800E0,2.901152E0,5.635597E1
2.806971E0,6.221098E0,7.208638E1
2.811142E0,8.342492E0,8.773099E1
2.815312E0,1.063791E1,1.033571E2
2.819483E0,1.266602E1,1.174356E2
2.823654E0,1.376791E1,1.307669E2
2.827825E0,1.592654E1,1.434746E2
2.831996E0,1.698734E1,1.574252E2
2.836167E0,2.499717E1,1.738369E2
2.840337E0,2.568244E1,1.823518E2
2.844508E0,2.757524E1,1.909719E2
2.848679E0,2.774182E1,1.974243E2
2.852850E0,2.855026E1,2.027508E2
2.857021E0,2.985415E1,2.084534E2
2.861192E0,2.990508E1,2.119511E2
2.865362E0,3.009798E1,2.147904E2
2.869533E0,3.006100E1,2.166275E2
2.873704E0,3.001654E1,2.172538E2
2.877875E0,3.033989E1,2.163657E2
2.882046E0,3.075561E1,2.142205E2
2.886217E0,3.030023E1,2.113061E2
2.890387E0,3.044099E1,2.072926E2
2.894558E0,3.006813E1,2.016864E2
2.898729E0,2.865818E1,1.964401E2
2.902900E0,2.753060E1,1.891411E2
2.907071E0,2.734012E1,1.807155E2
2.911242E0,2.449713E1,1.714737E2
2.915412E0,2.324818E1,1.602107E2
2.919583E0,2.259839E1,1.478879E2
2.923754E0,2.161251E1,1.358819E2
2.927925E0,1.930194E1,1.229634E2
2.932096E0,1.664993E1,1.066429E2
2.936267E0,1.293690E1,8.825144E1
2.940437E0,9.323565E0,7.035186E1
2.944608E0,8.108812E0,5.166188E1
2.948779E0,3.016119E0,3.221308E1
2.952950E0,-1.285757E0,1.336029E1
2.957121E0,-4.535244E0,-5.731956E0
2.961292E0,-8.068170E0,-2.437635E1
2.965462E0,-1.223036E1,-4.232020E1
2.969633E0,-1.592335E1,-5.905751E1
2.973804E0,-1.974563E1,-7.493223E1
2.977975E0,-2.384373E1,-9.086440E1
2.982146E0,-2.736148E1,-1.045872E2
2.986317E0,-3.000611E1,-1.183277E2
2.990487E0,-3.385589E1,-1.313575E2
2.994658E0,-3.726579E1,-1.432096E2
2.998829E0,-3.983774E1,-1.533188E2
3.003000E0,-4.225771E1,-1.628980E2
3.007171E0,-4.421151E1,-1.713925E2
3.011342E0,-4.606465E1,-1.791382E2
3.015512E0,-4.792785E1,-1.855056E2
3.019683E0,-4.895186E1,-1.919843E2
3.023854E0,-5.111936E1,-1.967166E2
3.028025E0,-5.149234E1,-2.009988E2
3.032196E0,-5.194034E1,-2.035426E2
3.036367E0,-5.205252E1,-2.057743E2
3.040537E0,-5.210732E1,-2.066511E2
3.044708E0,-5.206622E1,-2.062297E2
3.048879E0,-5.133529E1,-2.056074E2
3.053050E0,-5.036716E1,-2.038291E2
3.057221E0,-4.897462E1,-2.005375E2
3.061392E0,-4.788108E1,-1.966225E2
3.065562E0,-4.643593E1,-1.918683E2
3.069733E0,-4.482662E1,-1.855943E2
3.073904E0,-4.294430E1,-1.787946E2
3.078075E0,-4.099428E1,-1.709554E2
3.082246E0,-3.826298E1,-1.630072E2
3.086417E0,-3.578773E1,-1.528817E2
3.090587E0,-3.213056E1,-1.426549E2
3.094758E0,-2.857056E1,-1.312567E2
3.098929E0,-2.526145E1,-1.183679E2
3.103100E0,-2.152660E1,-1.047497E2
3.107271E0,-1.479619E1,-8.662855E1
3.111442E0,-1.139369E1,-7.122560E1
3.115612E0,-7.374262E0,-5.501047E1
3.119783E0,-4.849867E0,-3.862559E1
3.123954E0,-1.582934E0,-2.065818E1
3.128125E0,4.375641E0,-6.726363E-1
3.132296E0,7.419981E0,1.835574E1
3.136467E0,6.763738E0,3.365758E1
3.140637E0,7.891285E0,5.052678E1
3.144808E0,1.214462E1,7.003776E1
3.148979E0,1.458843E1,8.788247E1
3.153150E0,1.685631E1,1.032403E2
3.157321E0,1.851443E1,1.182803E2
3.161492E0,1.890639E1,1.318231E2
3.165662E0,1.919089E1,1.437356E2
3.169833E0,1.881003E1,1.551705E2
3.174004E0,1.895275E1,1.650202E2
3.178175E0,1.893160E1,1.735410E2
3.182346E0,1.770663E1,1.807364E2
3.186517E0,1.730272E1,1.871513E2
3.190687E0,1.739464E1,1.926068E2
3.194858E0,1.729138E1,1.969186E2
3.199029E0,1.681581E1,2.004862E2
3.203200E0,1.614407E1,2.028461E2
3.207371E0,1.524134E1,2.042613E2
3.211542E0,1.422766E1,2.041852E2
3.215712E0,1.380008E1,2.027836E2
3.219883E0,1.349154E1,2.002917E2
3.224054E0,1.201743E1,1.976857E2
3.228225E0,1.123739E1,1.933392E2
3.232396E0,1.057028E1,1.872759E2
3.236567E0,1.040662E1,1.811174E2
3.240737E0,9.392551E0,1.726013E2
3.244908E0,8.859664E0,1.640861E2
3.249079E0,9.125495E0,1.568086E2
3.253250E0,8.646987E0,1.454071E2
3.257421E0,7.184793E0,1.331740E2
3.261592E0,5.764022E0,1.193551E2
3.265762E0,2.653470E0,1.032922E2
3.269933E0,8.830107E-1,8.760030E1
3.274104E0,-8.208121E-1,7.179041E1
3.278275E0,-2.628387E0,5.234033E1
3.282446E0,-3.536655E0,3.296658E1
3.286617E0,-5.405841E0,1.230342E1
3.290787E0,-6.728547E0,-7.816909E0
3.294958E0,-7.490924E0,-2.750843E1
3.299129E0,-8.420056E0,-4.493845E1
3.303300E0,-9.070393E0,-6.209139E1
3.307471E0,-9.782732E0,-7.760433E1
3.311642E0,-1.033642E1,-9.253996E1
3.315812E0,-1.107371E1,-1.069691E2
3.319983E0,-1.110451E1,-1.196591E2
3.324154E0,-1.180259E1,-1.318564E2
3.328325E0,-1.212992E1,-1.430399E2
3.332496E0,-1.236843E1,-1.527852E2
3.336667E0,-1.327853E1,-1.620235E2
3.340837E0,-1.325123E1,-1.698874E2
3.345008E0,-1.425449E1,-1.766946E2
3.349179E0,-1.476184E1,-1.825868E2
3.353350E0,-1.564826E1,-1.874682E2
3.357521E0,-1.548568E1,-1.911413E2
3.361692E0,-1.555104E1,-1.939358E2
3.365862E0,-1.531718E1,-1.965564E2
3.370033E0,-1.529643E1,-1.975327E2
3.374204E0,-1.597680E1,-1.977508E2
3.378375E0,-1.623808E1,-1.964831E2
3.382546E0,-1.663900E1,-1.951966E2
3.386717E0,-1.611657E1,-1.919467E2
3.390887E0,-1.618873E1,-1.883250E2
3.395058E0,-1.572660E1,-1.836753E2
3.399229E0,-1.588610E1,-1.785003E2
3.403400E0,-1.615024E1,-1.717456E2
3.407571E0,-1.591043E1,-1.646618E2
3.411742E0,-1.635249E1,-1.562325E2
3.415912E0,-1.598057E1,-1.461379E2
3.420083E0,-1.202208E1,-1.324427E2
3.424254E0,-1.248862E1,-1.235007E2
3.428425E0,-1.059526E1,-1.100906E2
3.432596E0,-9.426460E0,-9.532076E1
3.436767E0,-8.962977E0,-8.103541E1
3.440937E0,-7.949952E0,-6.659880E1
3.445108E0,-7.908758E0,-5.110157E1
3.449279E0,-7.593004E0,-3.479431E1
3.453450E0,-7.145627E0,-1.662694E1
3.457621E0,-6.837467E0,1.064970E0
3.461792E0,-6.441321E0,1.860423E1
3.465962E0,-5.466297E0,3.544524E1
3.470133E0,-5.126928E0,5.184287E1
3.474304E0,-4.345958E0,6.750324E1
3.478475E0,-3.522711E0,8.176223E1
3.482646E0,-2.551310E0,9.564337E1
3.486817E0,1.225033E0,1.118444E2
3.490987E0,2.517727E0,1.243926E2
3.495158E0,4.153397E0,1.360602E2
3.499329E0,6.610790E0,1.496598E2
3.503500E0,7.643219E0,1.601078E2
3.507671E0,8.623266E0,1.680827E2
3.511842E0,8.992486E0,1.755606E2
3.516012E0,9.957121E0,1.817414E2
3.520183E0,1.072611E1,1.864825E2
3.524354E0,9.775061E0,1.881127E2
3.528525E0,9.845005E0,1.895285E2
3.532696E0,1.061173E1,1.903695E2
3.536867E0,1.135134E1,1.903616E2
3.541037E0,1.255009E1,1.893498E2
3.545208E0,1.422698E1,1.869744E2
3.549379E0,1.348783E1,1.843189E2
3.553550E0,1.448460E1,1.801501E2
3.557721E0,1.505521E1,1.752272E2
3.561892E0,1.501797E1,1.686837E2
3.566062E0,1.507307E1,1.619677E2
3.570233E0,1.467674E1,1.542268E2
3.574404E0,1.629033E1,1.463738E2
3.578575E0,1.485651E1,1.342509E2
3.582746E0,1.497184E1,1.207225E2
3.586917E0,1.495746E1,1.087499E2
3.591087E0,1.407984E1,9.575564E1
3.595258E0,1.206064E1,8.037683E1
3.599429E0,9.963968E0,6.415562E1
3.603600E0,7.423663E0,4.626824E1
3.607771E0,6.559564E0,2.794070E1
3.611942E0,3.429610E0,1.015813E1
3.616112E0,6.289591E-1,-7.357292E0
3.620283E0,-5.318016E0,-2.707211E1
3.624454E0,-6.633796E0,-3.880391E1
3.628625E0,-8.489662E0,-5.370838E1
3.632796E0,-1.103314E1,-6.816393E1
3.636967E0,-1.465997E1,-8.163939E1
3.641137E0,-1.668273E1,-9.354519E1
3.645308E0,-2.080124E1,-1.072088E2
3.649479E0,-2.441521E1,-1.173594E2
3.653650E0,-2.780834E1,-1.272764E2
3.657821E0,-3.221969E1,-1.369646E2
3.661992E0,-3.457346E1,-1.451418E2
3.666162E0,-3.673292E1,-1.520511E2
3.670333E0,-3.902400E1,-1.584370E2
3.674504E0,-4.041588E1,-1.640107E2
3.678675E0,-4.154588E1,-1.684651E2
3.682846E0,-4.228360E1,-1.717087E2
3.687017E0,-4.325309E1,-1.740901E2
3.691187E0,-4.383614E1,-1.755911E2
3.695358E0,-4.371002E1,-1.768630E2
3.699529E0,-4.354822E1,-1.760894E2
3.703700E0,-4.223970E1,-1.749078E2
3.707871E0,-4.238231E1,-1.726447E2
3.712042E0,-4.227793E1,-1.691320E2
3.716212E0,-4.135152E1,-1.642939E2
3.720383E0,-4.008180E1,-1.590601E2
3.724554E0,-3.858840E1,-1.529689E2
3.728725E0,-3.657259E1,-1.466579E2
3.732896E0,-3.417176E1,-1.385402E2
3.737067E0,-3.308439E1,-1.306949E2
3.741237E0,-3.023930E1,-1.202959E2
3.745408E0,-2.585039E1,-1.076333E2
3.749579E0,-2.203111E1,-9.413701E1
3.753750E0,-1.894794E1,-8.170937E1
3.757921E0,-1.540310E1,-6.818651E1
3.762092E0,-1.296517E1,-5.560238E1
3.766262E0,-9.053456E0,-4.155503E1
3.770433E0,-5.213189E0,-2.495822E1
3.774604E0,-1.843021E0,-8.724620E0
3.778775E0,1.761513E0,9.004449E0
3.782946E0,2.429682E0,2.241265E1
3.787117E0,4.215435E0,3.821139E1
3.791287E0,5.878748E0,5.220955E1
3.795458E0,7.768761E0,6.634474E1
3.799629E0,8.969336E0,7.914905E1
3.803800E0,1.002116E1,9.231063E1
3.807971E0,1.109438E1,1.044303E2
3.812142E0,1.899275E1,1.202040E2
3.816312E0,1.914407E1,1.300890E2
3.820483E0,1.888537E1,1.404192E2
3.824654E0,1.915129E1,1.483795E2
3.828825E0,1.927274E1,1.560990E2
3.832996E0,1.914861E1,1.619007E2
3.837167E0,1.902036E1,1.664792E2
3.841337E0,1.896020E1,1.702427E2
3.845508E0,1.892009E1,1.723790E2
3.849679E0,1.886036E1,1.734241E2
3.853850E0,1.875707E1,1.733822E2
3.858021E0,1.756582E1,1.731969E2
3.862192E0,1.750689E1,1.711634E2
3.866362E0,1.693547E1,1.684637E2
3.870533E0,1.587559E1,1.643903E2
3.874704E0,1.519000E1,1.594862E2
3.878875E0,1.399660E1,1.533456E2
3.883046E0,1.158311E1,1.459830E2
3.887217E0,1.069038E1,1.374023E2
3.891387E0,9.108891E0,1.280860E2
3.895558E0,8.280352E0,1.187466E2
3.899729E0,6.873539E0,1.080088E2
3.903900E0,5.030906E0,9.584707E1
3.908071E0,2.991895E0,8.277278E1
3.912242E0,6.242287E-1,6.782585E1
3.916412E0,-1.307899E0,5.210137E1
3.920583E0,-3.512815E0,3.443305E1
3.924754E0,-4.424449E0,1.752639E1
3.928925E0,-5.460379E0,-6.452682E-2
3.933096E0,-7.044482E0,-1.761076E1
3.937267E0,-8.682951E0,-3.374544E1
3.941437E0,-8.757959E0,-4.764936E1
3.945608E0,-9.313947E0,-6.192041E1
3.949779E0,-1.100342E1,-7.547558E1
3.953950E0,-1.179835E1,-8.801530E1
3.958121E0,-1.254248E1,-9.949876E1
3.962292E0,-1.339669E1,-1.100388E2
3.966462E0,-1.442222E1,-1.194889E2
3.970633E0,-1.599446E1,-1.290192E2
3.974804E0,-1.672557E1,-1.360819E2
3.978975E0,-1.745624E1,-1.430780E2
3.983146E0,-1.759965E1,-1.496274E2
3.987317E0,-1.776536E1,-1.549871E2
3.991487E0,-1.822105E1,-1.587268E2
3.995658E0,-1.825309E1,-1.617158E2
3.999829E0,-1.865660E1,-1.639045E2
4.004000E0,-1.717766E1,-1.645256E2
4.008171E0,-1.764042E1,-1.656329E2
4.012342E0,-1.762096E1,-1.652506E2
4.016512E0,-1.734298E1,-1.631048E2
4.020683E0,-1.802411E1,-1.598498E2
4.024854E0,-1.745376E1,-1.562662E2
4.029025E0,-1.712968E1,-1.519310E2
4.033196E0,-1.654058E1,-1.458887E2
4.037367E0,-1.520691E1,-1.396384E2
4.041537E0,-1.488866E1,-1.317931E2
4.045708E0,-1.420060E1,-1.238726E2
4.049879E0,-1.294798E1,-1.137778E2
4.054050E0,-1.187076E1,-1.037162E2
4.058221E0,-1.090510E1,-9.247080E1
4.062392E0,-9.290842E0,-8.013019E1
4.066562E0,-8.421018E0,-6.753311E1
4.070733E0,-7.048399E0,-5.410023E1
4.074904E0,-5.884923E0,-3.915459E1
4.079075E0,-5.284762E0,-2.404532E1
4.083246E0,-4.959409E0,-7.938981E0
4.087417E0,-4.797916E0,9.380891E0
4.091587E0,-3.575256E0,2.481817E1
4.095758E0,-1.472919E0,4.118874E1
4.099929E0,-1.197180E0,5.456578E1
4.104100E0,-2.573191E-1,6.896885E1
4.108271E0,2.332141E-1,8.200662E1
4.112442E0,1.854589E-1,9.403964E1
4.116612E0,1.908285E-4,1.057353E2
4.120783E0,8.324095E-1,1.162744E2
4.124954E0,1.167824E0,1.258443E2
4.129125E0,2.284827E0,1.321991E2
4.133296E0,2.934833E0,1.399286E2
4.137467E0,3.705414E0,1.459389E2
4.141637E0,4.194202E0,1.515087E2
4.145808E0,3.791798E0,1.552677E2
4.149979E0,4.576345E0,1.581606E2
4.154150E0,5.012005E0,1.601558E2
4.158321E0,6.276551E0,1.604947E2
4.162492E0,6.640355E0,1.600058E2
4.166662E0,6.622515E0,1.585492E2
4.170833E0,7.044159E0,1.570059E2
4.175004E0,7.835051E0,1.538671E2
4.179175E0,8.702213E0,1.495692E2
4.183346E0,8.891069E0,1.439979E2
4.187517E0,8.711835E0,1.369620E2
4.191687E0,8.688720E0,1.298828E2
4.195858E0,8.994115E0,1.218088E2
4.200029E0,8.690993E0,1.115731E2
4.204200E0,8.970560E0,1.015560E2
4.208371E0,8.349892E0,8.997899E1
4.212542E0,6.976614E0,7.578012E1
4.216712E0,5.920637E0,6.186518E1
4.220883E0,4.475285E0,4.667010E1
4.225054E0,2.939319E0,3.111295E1
4.229225E0,7.626531E-1,1.461664E1
4.233396E0,-1.453227E0,-1.360434E-1
4.237567E0,-3.528421E0,-1.549197E1
4.241737E0,-5.525007E0,-3.010468E1
4.245908E0,-7.449825E0,-4.343922E1
4.250079E0,-9.061131E0,-5.657224E1
4.254250E0,-1.126495E1,-6.865898E1
4.258421E0,-1.403448E1,-8.144199E1
4.262592E0,-1.601476E1,-9.117040E1
4.266762E0,-2.011429E1,-1.020923E2
4.270933E0,-2.299414E1,-1.101959E2
4.275104E0,-2.577517E1,-1.182111E2
4.279275E0,-2.858722E1,-1.244149E2
4.283446E0,-2.892896E1,-1.300632E2
4.287617E0,-3.158172E1,-1.355518E2
4.291787E0,-3.136982E1,-1.398829E2
4.295958E0,-3.309101E1,-1.427145E2
4.300129E0,-3.381780E1,-1.451801E2
4.304300E0,-3.438596E1,-1.458285E2
4.308471E0,-3.404542E1,-1.461433E2
4.312642E0,-3.389287E1,-1.451594E2
4.316812E0,-3.359012E1,-1.437461E2
4.320983E0,-3.278773E1,-1.415106E2
4.325154E0,-3.301239E1,-1.382158E2
4.329325E0,-3.167805E1,-1.331986E2
4.333496E0,-3.031940E1,-1.280346E2
4.337667E0,-2.854955E1,-1.218841E2
4.341837E0,-2.695832E1,-1.149035E2
4.346008E0,-2.502362E1,-1.066334E2
4.350179E0,-2.261270E1,-9.720233E1
4.354350E0,-1.987722E1,-8.724447E1
4.358521E0,-1.724612E1,-7.669272E1
4.362692E0,-1.364329E1,-6.450176E1
4.366862E0,-1.011674E1,-5.276280E1
4.371033E0,-7.238213E0,-3.996206E1
4.375204E0,-4.954528E0,-2.745691E1
4.379375E0,-4.267033E0,-1.344349E1
4.383546E0,-1.247863E0,1.854026E0
4.387717E0,8.013943E-1,1.757479E1
4.391887E0,2.596866E0,3.357070E1
4.396058E0,4.009440E0,4.716342E1
4.400229E0,5.331320E0,6.120512E1
4.404400E0,7.022227E0,7.469405E1
4.408571E0,8.780352E0,8.639120E1
4.412742E0,1.045219E1,9.590561E1
4.416912E0,1.122447E1,1.047179E2
4.421083E0,1.094571E1,1.133999E2
4.425254E0,1.159518E1,1.209876E2
4.429425E0,1.216988E1,1.272787E2
4.433596E0,1.176271E1,1.326879E2
4.437767E0,1.143851E1,1.376151E2
4.441937E0,1.152926E1,1.417795E2
4.446108E0,1.157281E1,1.439158E2
4.450279E0,1.171595E1,1.454866E2
4.454450E0,1.074633E1,1.456804E2
4.458621E0,1.077618E1,1.453547E2
4.462792E0,1.030125E1,1.428977E2
4.466962E0,1.026294E1,1.404858E2
4.471133E0,9.111089E0,1.364902E2
4.475304E0,8.035440E0,1.314234E2
4.479475E0,7.362512E0,1.255671E2
4.483646E0,6.888284E0,1.191145E2
4.487817E0,5.886800E0,1.109286E2
4.491987E0,4.647757E0,1.019682E2
4.496158E0,3.262660E0,9.185099E1
4.500329E0,1.556629E0,8.066606E1
4.504500E0,6.357751E-1,6.947451E1
4.508671E0,-4.477714E-1,5.696617E1
4.512842E0,-2.009939E0,4.200811E1
4.517012E0,-2.949101E0,2.793864E1
4.521183E0,-4.144852E0,1.240152E1
4.525354E0,-5.802476E0,-3.469223E0
4.529525E0,-7.059008E0,-1.692227E1
4.533696E0,-8.590993E0,-3.073766E1
4.537867E0,-8.753654E0,-4.297711E1
4.542037E0,-8.861587E0,-5.306705E1
4.546208E0,-1.093256E1,-6.622877E1
4.550379E0,-1.080506E1,-7.634473E1
4.554550E0,-1.190198E1,-8.724803E1
4.558721E0,-1.213233E1,-9.499866E1
4.562892E0,-1.267983E1,-1.026300E2
4.567062E0,-1.454922E1,-1.109204E2
4.571233E0,-1.577474E1,-1.170988E2
4.575404E0,-1.741708E1,-1.221252E2
4.579575E0,-1.799493E1,-1.260567E2
4.583746E0,-1.790743E1,-1.294809E2
4.587917E0,-1.797900E1,-1.319503E2
4.592087E0,-1.914352E1,-1.329288E2
4.596258E0,-1.891000E1,-1.329486E2
4.600429E0,-1.880907E1,-1.327279E2
4.604600E0,-1.931751E1,-1.312169E2
4.608771E0,-1.839429E1,-1.282598E2
4.612942E0,-1.684686E1,-1.247043E2
4.617112E0,-1.754987E1,-1.206195E2
4.621283E0,-1.590740E1,-1.156058E2
4.625454E0,-1.596968E1,-1.099996E2
4.629625E0,-1.476271E1,-1.026766E2
4.633796E0,-1.376146E1,-9.420833E1
4.637967E0,-1.287484E1,-8.523483E1
4.642137E0,-1.178221E1,-7.502784E1
4.646308E0,-1.015917E1,-6.376666E1
4.650479E0,-8.553476E0,-5.217879E1
4.654650E0,-8.612630E0,-4.210368E1
4.658821E0,-7.435131E0,-3.028050E1
4.662992E0,-5.259401E0,-1.430185E1
4.667162E0,-5.180630E0,-8.397249E-1
4.671333E0,-4.678417E0,1.272525E1
4.675504E0,-2.976823E0,2.698725E1
4.679675E0,-2.523067E0,3.993235E1
4.683846E0,-8.104926E-1,5.178879E1
4.688017E0,6.909731E-1,6.351125E1
4.692187E0,1.103481E0,7.390314E1
4.696358E0,1.797807E0,8.393275E1
4.700529E0,2.582810E0,9.268604E1
4.704700E0,4.168650E0,1.021037E2
4.708871E0,4.841243E0,1.091344E2
4.713042E0,4.898725E0,1.149691E2
4.717212E0,4.904124E0,1.203329E2
4.721383E0,4.114845E0,1.249786E2
4.725554E0,4.092804E0,1.280577E2
4.729725E0,3.864961E0,1.303288E2
4.733896E0,4.926783E0,1.310772E2
4.738067E0,5.506015E0,1.311418E2
4.742237E0,5.975534E0,1.300242E2
4.746408E0,6.190312E0,1.282232E2
4.750579E0,6.157938E0,1.250594E2
4.754750E0,5.953873E0,1.213115E2
4.758921E0,6.205068E0,1.162900E2
4.763092E0,6.236359E0,1.098575E2
4.767262E0,6.204135E0,1.031855E2
4.771433E0,5.360472E0,9.512990E1
4.775604E0,5.262110E0,8.597238E1
4.779775E0,4.190252E0,7.571790E1
4.783946E0,3.356771E0,6.539057E1
4.788117E0,2.940580E0,5.386958E1
4.792287E0,1.123939E0,4.113327E1
4.796458E0,6.154886E-1,2.770250E1
4.800629E0,-7.689783E-1,1.341652E1
4.804800E0,-3.446651E0,-3.219689E-1
4.808971E0,-6.080455E0,-1.323622E1
4.813142E0,-8.256438E0,-2.499220E1
4.817312E0,-1.237097E1,-3.976822E1
4.821483E0,-1.405005E1,-5.004583E1
4.825654E0,-1.589482E1,-5.890680E1
4.829825E0,-1.834259E1,-6.896312E1
4.833996E0,-1.989119E1,-7.656933E1
4.838167E0,-2.219830E1,-8.473886E1
4.842337E0,-2.418465E1,-9.261311E1
4.846508E0,-2.519306E1,-9.859238E1
4.850679E0,-2.657347E1,-1.037370E2
4.854850E0,-2.772636E1,-1.076726E2
4.859021E0,-2.908050E1,-1.105750E2
4.863192E0,-2.976864E1,-1.129244E2
4.867362E0,-3.041923E1,-1.143462E2
4.871533E0,-2.999428E1,-1.147353E2
4.875704E0,-2.990747E1,-1.141820E2
4.879875E0,-2.962490E1,-1.124899E2
4.884046E0,-2.883084E1,-1.107260E2
4.888217E0,-2.786751E1,-1.076466E2
4.892387E0,-2.739339E1,-1.038573E2
4.896558E0,-2.586516E1,-9.943253E1
4.900729E0,-2.330658E1,-9.270789E1
4.904900E0,-2.195398E1,-8.757652E1
4.909071E0,-1.997423E1,-7.997010E1
4.913242E0,-1.593211E1,-6.812831E1
4.917412E0,-1.405422E1,-5.994501E1
4.921583E0,-1.248114E1,-5.206085E1
4.925754E0,-9.983946E0,-4.203314E1
4.929925E0,-7.969205E0,-3.081111E1
4.934096E0,-5.518299E0,-1.862998E1
4.938267E0,-1.502113E0,-6.444417E0
4.942437E0,5.310204E-1,7.753826E0
4.946608E0,2.435501E0,1.913506E1
4.950779E0,4.440422E0,3.218580E1
4.954950E0,6.101544E0,4.371283E1
4.959121E0,6.532875E0,5.444846E1
4.963292E0,7.160839E0,6.411218E1
4.967462E0,7.667150E0,7.330737E1
4.971633E0,8.226559E0,8.121495E1
4.975804E0,8.924408E0,8.894429E1
4.979975E0,8.731145E0,9.539993E1
4.984146E0,9.123999E0,1.010958E2
4.988317E0,9.119313E0,1.053882E2
4.992487E0,8.251757E0,1.091832E2
4.996658E0,7.411676E0,1.120300E2
5.000829E0,5.859418E0,1.150482E2
5.005000E0,6.062706E0,1.154534E2
5.009171E0,5.205208E0,1.154314E2
5.013342E0,4.078454E0,1.141519E2
5.017512E0,3.335579E0,1.117231E2
5.021683E0,2.727600E0,1.087379E2
5.025854E0,2.028280E0,1.049564E2
5.030025E0,1.991748E0,9.996975E1
5.034196E0,1.247151E0,9.317319E1
5.038367E0,6.023693E-1,8.627561E1
5.042537E0,-6.023049E-1,7.609494E1
5.046708E0,-6.407278E-1,6.769652E1
5.050879E0,-1.985558E0,5.712983E1
5.055050E0,-3.770772E0,4.587775E1
5.059221E0,-4.792910E0,3.418785E1
5.063392E0,-5.991734E0,2.065655E1
5.067562E0,-5.818090E0,8.382793E0
5.071733E0,-5.989690E0,-4.155196E0
5.075904E0,-6.929686E0,-1.654621E1
5.080075E0,-7.141218E0,-2.691819E1
5.084246E0,-6.911509E0,-3.730151E1
5.088417E0,-7.230460E0,-4.601896E1
5.092587E0,-6.137769E0,-5.395104E1
5.096758E0,-5.616760E0,-6.153658E1
5.100929E0,-4.878054E0,-6.906915E1
5.105100E0,-5.382369E0,-7.496064E1
5.109271E0,-5.327846E0,-8.075433E1
5.113442E0,-5.311096E0,-8.651630E1
5.117612E0,-6.383065E0,-9.104891E1
5.121783E0,-6.401134E0,-9.481569E1
5.125954E0,-7.486080E0,-9.686117E1
5.130125E0,-7.045381E0,-9.885931E1
5.134296E0,-9.487505E0,-1.006527E2
5.138467E0,-9.587543E0,-1.007249E2
5.142637E0,-9.098571E0,-9.891879E1
5.146808E0,-9.433967E0,-9.687376E1
5.150979E0,-8.915994E0,-9.321472E1
5.155150E0,-1.128457E1,-8.959157E1
5.159321E0,-1.178070E1,-8.479111E1
5.163492E0,-1.251736E1,-7.912620E1
5.167662E0,-1.029409E1,-7.009320E1
5.171833E0,-1.014604E1,-6.402825E1
5.176004E0,-1.001847E1,-5.604448E1
5.180175E0,-9.479409E0,-4.679818E1
5.184346E0,-8.026725E0,-3.711963E1
5.188517E0,-7.463187E0,-2.602253E1
5.192687E0,-7.099907E0,-1.576585E1
5.196858E0,-7.189654E0,-4.638047E0
5.201029E0,-6.585938E0,7.507418E0
5.205200E0,-4.732752E0,1.933079E1
5.209371E0,-3.564528E0,3.072358E1
5.213542E0,-1.816204E0,4.125247E1
5.217712E0,-5.002351E-1,5.111730E1
5.221883E0,2.755609E0,6.093330E1
5.226054E0,4.606610E0,6.892751E1
5.230225E0,5.270890E0,7.566837E1
5.234396E0,6.331913E0,8.208814E1
5.238567E0,7.853328E0,8.732099E1
5.242737E0,8.682861E0,9.136824E1
5.246908E0,9.723003E0,9.468226E1
5.251079E0,1.012772E1,9.817295E1
5.255250E0,9.180570E0,1.003776E2
5.259421E0,8.852091E0,1.010053E2
5.263592E0,9.970559E0,1.003483E2
5.267762E0,9.508657E0,9.906159E1
5.271933E0,9.659546E0,9.674959E1
5.276104E0,9.745064E0,9.437678E1
5.280275E0,9.276579E0,8.999252E1
5.284446E0,8.627237E0,8.493743E1
5.288617E0,8.625505E0,7.974550E1
5.292787E0,7.161156E0,7.215764E1
5.296958E0,5.172006E0,6.377093E1
5.301129E0,4.817331E0,5.575331E1
5.305300E0,2.893158E0,4.630505E1
5.309471E0,1.229454E0,3.559030E1
5.313642E0,-1.491661E0,2.504756E1
5.317812E0,-4.824015E0,1.273700E1
5.321983E0,-7.363518E0,2.313301E0
5.326154E0,-1.070284E1,-8.742260E0
5.330325E0,-1.294335E1,-1.834376E1
5.334496E0,-1.510414E1,-2.641656E1
5.338667E0,-1.742901E1,-3.426533E1
5.342837E0,-1.961155E1,-4.207679E1
5.347008E0,-2.096903E1,-4.954795E1
5.351179E0,-2.301000E1,-5.613989E1
5.355350E0,-2.478720E1,-6.168854E1
5.359521E0,-2.745800E1,-6.699495E1
5.363692E0,-2.817266E1,-7.054190E1
5.367862E0,-2.906721E1,-7.391177E1
5.372033E0,-2.920066E1,-7.574006E1
5.376204E0,-2.942836E1,-7.697970E1
5.380375E0,-2.911673E1,-7.682223E1
5.384546E0,-2.912357E1,-7.670079E1
5.388717E0,-2.844192E1,-7.571426E1
5.392887E0,-2.715772E1,-7.444314E1
5.397058E0,-2.597149E1,-7.200055E1
5.401229E0,-2.452628E1,-6.821481E1
5.405400E0,-2.226784E1,-6.418619E1
5.409571E0,-2.060220E1,-6.016665E1
5.413742E0,-1.782295E1,-5.233254E1
5.417912E0,-1.548484E1,-4.445059E1
5.422083E0,-1.291863E1,-3.632283E1
5.426254E0,-1.007404E1,-2.822429E1
5.430425E0,-7.407335E0,-2.020874E1
5.434596E0,-6.222246E0,-1.221699E1
5.438767E0,-4.184840E0,-4.029606E0
5.442937E0,-1.109331E0,6.859203E0
5.447108E0,1.561155E0,1.835003E1
5.451279E0,3.942281E0,2.944465E1
5.455450E0,5.992010E0,3.910303E1
5.459621E0,7.526528E0,4.909758E1
5.463792E0,8.654766E0,5.690505E1
5.467962E0,8.911100E0,6.402084E1
5.472133E0,9.128927E0,6.990735E1
5.476304E0,8.859235E0,7.569393E1
5.480475E0,8.553954E0,8.014817E1
5.484646E0,8.454271E0,8.409430E1
5.488817E0,8.438560E0,8.721649E1
5.492987E0,7.742932E0,8.885876E1
5.497158E0,6.158413E0,8.893902E1
5.501329E0,4.670261E0,8.906566E1
5.505500E0,3.546835E0,8.799948E1
5.509671E0,2.331693E0,8.648229E1
5.513842E0,1.611139E0,8.385609E1
5.518012E0,-5.462817E-1,7.920659E1
5.522183E0,-1.835181E0,7.362885E1
5.526354E0,-3.929702E0,6.778114E1
5.530525E0,-4.999341E0,6.191505E1
5.534696E0,-6.233357E0,5.433146E1
5.538867E0,-7.197225E0,4.628488E1
5.543037E0,-7.992243E0,3.671754E1
5.547208E0,-8.360916E0,2.691500E1
5.551379E0,-6.015926E0,1.883746E1
5.555550E0,-6.951289E0,7.251858E0
5.559721E0,-6.942021E0,-2.965815E0
5.563892E0,-6.884548E0,-1.288950E1
5.568062E0,-6.309217E0,-2.191559E1
5.572233E0,-5.331796E0,-3.033995E1
5.576404E0,-3.300999E0,-3.597264E1
5.580575E0,-2.261337E0,-4.217458E1
5.584746E0,-5.707019E-1,-4.704559E1
5.588917E0,1.124498E0,-5.139874E1
5.593087E0,1.437395E0,-5.473262E1
5.597258E0,2.706983E0,-5.678021E1
5.601429E0,3.099873E0,-5.962327E1
5.605600E0,2.957047E0,-6.284280E1
5.609771E0,3.545226E0,-6.400278E1
5.613942E0,3.801660E0,-6.409406E1
5.618112E0,3.826754E0,-6.392972E1
5.622283E0,3.381406E0,-6.193366E1
5.626454E0,2.851169E0,-5.971698E1
5.630625E0,2.561911E0,-5.442721E1
5.634796E0,2.157122E0,-5.038058E1
5.638967E0,1.204483E0,-4.465345E1
5.643137E0,-8.363671E-1,-4.100269E1
5.647308E0,-1.271848E0,-3.341636E1
5.651479E0,-2.138484E0,-2.680519E1
5.655650E0,-3.951089E0,-2.111271E1
5.659821E0,-5.847491E0,-1.316317E1
5.663992E0,-7.969363E0,-3.662286E0
5.668162E0,-9.127790E0,6.140905E0
5.672333E0,-9.713260E0,1.623563E1
5.676504E0,-9.125855E0,2.569973E1
5.680675E0,-9.807402E0,3.379319E1
5.684846E0,-1.023922E1,4.242277E1
5.689017E0,-8.932962E0,4.979865E1
5.693187E0,-8.993815E0,5.551706E1
5.697358E0,-8.234490E0,6.035344E1
5.701529E0,-7.308031E0,6.514363E1
5.705700E0,-5.687195E0,6.939430E1
5.709871E0,-3.867469E0,7.219857E1
5.714042E0,-3.096403E0,7.383037E1
5.718212E0,-1.506273E0,7.532530E1
5.722383E0,-9.608696E-1,7.427643E1
5.726554E0,4.344479E-1,7.289836E1
5.730725E0,1.249048E0,7.127071E1
5.734896E0,2.109072E0,6.844492E1
5.739067E0,3.108026E0,6.493916E1
5.743237E0,3.884281E0,6.135915E1
5.747408E0,5.189657E0,5.657256E1
5.751579E0,4.891669E0,5.118444E1
5.755750E0,6.347192E0,4.534277E1
5.759921E0,5.655855E0,3.739041E1
5.764092E0,2.903997E0,2.590993E1
5.768262E0,3.001206E0,1.895475E1
5.772433E0,-1.974939E0,5.865426E0
5.776604E0,-1.046226E0,1.988950E0
5.780775E0,-3.348985E0,-5.040587E0
5.784946E0,-5.894228E0,-1.209814E1
5.789117E0,-8.298073E0,-1.811947E1
5.793287E0,-1.074624E1,-2.403033E1
5.797458E0,-1.303023E1,-2.844369E1
5.801629E0,-1.604153E1,-3.433680E1
5.805800E0,-1.768428E1,-3.724594E1
5.809971E0,-1.935846E1,-4.089776E1
5.814142E0,-2.042540E1,-4.219017E1
5.818312E0,-2.227999E1,-4.393412E1
5.822483E0,-2.207974E1,-4.269628E1
5.826654E0,-2.393952E1,-4.511244E1
5.830825E0,-2.396841E1,-4.264984E1
5.834996E0,-2.381410E1,-4.044408E1
5.839167E0,-2.359723E1,-3.825573E1
5.843337E0,-2.231116E1,-3.414982E1
5.847508E0,-2.099555E1,-2.923055E1
5.851679E0,-1.954286E1,-2.488791E1
5.855850E0,-1.756440E1,-1.961622E1
5.860021E0,-1.556271E1,-1.601519E1
5.864192E0,-1.388082E1,-1.013158E1
5.868362E0,-1.216796E1,-3.097646E0
5.872533E0,-9.181616E0,4.827774E0
5.876704E0,-5.357071E0,1.373153E1
5.880875E0,-1.337888E0,2.201721E1
5.885046E0,7.947204E-1,2.825312E1
5.889217E0,4.631038E0,3.502821E1
5.893387E0,6.945296E0,3.995341E1
5.897558E0,1.027114E1,4.560400E1
5.901729E0,1.199132E1,5.010202E1
5.905900E0,1.318399E1,5.269391E1
5.910071E0,1.459192E1,5.618879E1
5.914242E0,1.604698E1,5.792722E1
5.918412E0,1.675104E1,5.987470E1
5.922583E0,1.635529E1,5.997336E1
5.926754E0,1.683991E1,5.958597E1
5.930925E0,1.556829E1,5.806337E1
5.935096E0,1.472633E1,5.588673E1
5.939267E0,1.278345E1,5.322716E1
5.943437E0,1.082499E1,4.932267E1
5.947608E0,8.314210E0,4.536417E1
5.951779E0,6.647542E0,4.105296E1
5.955950E0,4.543011E0,3.617287E1
5.960121E0,7.880868E-1,2.875443E1
5.964292E0,-3.033519E0,2.181691E1
5.968462E0,-6.906133E0,1.397263E1
5.972633E0,-1.132494E1,5.283812E0
5.976804E0,-1.202089E1,-2.090573E-1
5.980975E0,-1.397137E1,-5.791176E0
5.985146E0,-1.689572E1,-1.237077E1
5.989317E0,-1.942292E1,-1.774774E1
5.993487E0,-2.275011E1,-2.412007E1
5.997658E0,-2.413587E1,-2.712669E1
6.001829E0,-2.518330E1,-3.021805E1
6.006000E0,-2.510833E1,-3.224399E1
6.010171E0,-2.545034E1,-3.381580E1
6.014342E0,-2.594786E1,-3.532356E1
6.018512E0,-2.576204E1,-3.532869E1
6.022683E0,-2.585693E1,-3.471738E1
6.026854E0,-2.451134E1,-3.300804E1
6.031025E0,-2.242084E1,-3.018726E1
6.035196E0,-1.785828E1,-2.598579E1
6.039367E0,-1.886002E1,-2.431531E1
6.043537E0,-1.675658E1,-2.015698E1
6.047708E0,-1.470739E1,-1.557007E1
6.051879E0,-1.164674E1,-9.947824E0
6.056050E0,-8.795674E0,-4.414604E0
6.060221E0,-6.610622E0,2.145719E0
6.064392E0,-2.850776E0,9.615801E0
6.068562E0,-1.168511E0,1.702488E1
6.072733E0,3.916856E-1,2.424740E1
6.076904E0,2.770445E0,3.174331E1
6.081075E0,4.599412E0,3.807416E1
6.085246E0,8.462455E0,4.437558E1
6.089417E0,9.349670E0,4.825916E1
6.093587E0,9.597325E0,5.032724E1
6.097758E0,9.406320E0,5.252217E1
6.101929E0,9.149529E0,5.376362E1
6.106100E0,9.133171E0,5.563781E1
6.110271E0,8.081555E0,5.599467E1
6.114442E0,8.121746E0,5.566686E1
6.118612E0,5.441302E0,5.439322E1
6.122783E0,3.369438E0,5.116327E1
6.126954E0,5.426881E-1,4.730554E1
6.131125E0,-1.312441E0,4.308764E1
6.135296E0,-7.129690E0,3.503484E1
6.139467E0,-8.210298E0,2.988549E1
6.143637E0,-9.299060E0,2.377079E1
6.147808E0,-1.093131E1,1.588041E1
6.151979E0,-1.096366E1,9.608368E0
6.156150E0,-1.148757E1,2.477734E0
6.160321E0,-1.152944E1,-3.627830E0
6.164492E0,-1.082665E1,-9.879096E0
6.168662E0,-1.116672E1,-1.420630E1
6.172833E0,-1.011693E1,-1.833041E1
6.177004E0,-1.050492E1,-2.168925E1
6.181175E0,-9.091908E0,-2.387261E1
6.185346E0,-8.225905E0,-2.593638E1
6.189517E0,-6.271171E0,-2.614090E1
6.193687E0,-5.124019E0,-2.595360E1
6.197858E0,-1.311876E0,-2.332419E1
6.202029E0,-6.180494E-1,-2.204726E1
6.206200E0,1.734599E-1,-2.038745E1
6.210371E0,4.043451E-1,-1.727870E1
6.214542E0,1.243169E0,-1.396946E1
6.218712E0,9.513389E-1,-1.012326E1
6.222883E0,1.829565E0,-4.359260E0
6.227054E0,1.896202E0,1.301363E0
6.231225E0,1.835423E0,6.739748E0
6.235396E0,1.539420E0,1.357432E1
6.239567E0,9.351012E-1,2.062997E1
6.243737E0,1.648645E-1,2.719421E1
6.247908E0,-5.959152E-1,3.312103E1
6.252079E0,-1.068676E0,3.874720E1
6.256250E0,-1.780946E0,4.356259E1
6.260421E0,-3.540715E0,4.726027E1
6.264592E0,-4.562294E0,4.949276E1
6.268762E0,-4.403463E0,5.094380E1
6.272933E0,-4.970947E0,5.223122E1
6.277104E0,-5.617149E0,5.231856E1
6.281275E0,-5.018222E0,5.153819E1
6.285446E0,-5.470542E0,5.016946E1
6.289617E0,-5.292899E0,4.751852E1
6.293787E0,-5.179075E0,4.383612E1
6.297958E0,-4.028900E0,3.981933E1
6.302129E0,-3.117774E0,3.553847E1
6.306300E0,-2.107075E0,2.979085E1
6.310471E0,-1.599204E0,2.238693E1
6.314642E0,-2.635833E-1,1.532672E1
6.318812E0,1.662418E0,9.071537E0
6.322983E0,1.408083E0,2.368458E0
6.327154E0,4.319826E0,-1.862167E0
6.331325E0,5.693159E0,-6.255769E0
6.335496E0,6.608705E0,-1.004910E1
6.339667E0,7.255892E0,-1.321765E1
6.343837E0,7.648607E0,-1.508402E1
6.348008E0,8.025560E0,-1.659165E1
6.352179E0,8.644507E0,-1.738268E1
6.356350E0,8.849289E0,-1.725910E1
6.360521E0,8.179837E0,-1.739926E1
6.364692E0,7.964524E0,-1.535183E1
6.368862E0,7.398281E0,-1.328597E1
6.373033E0,7.047109E0,-1.088140E1
6.377204E0,6.271887E0,-7.340847E0
6.381375E0,4.923917E0,-4.160662E0
6.385546E0,3.646947E0,1.131860E0
6.389717E0,2.641827E0,6.487315E0
6.393887E0,9.159804E-1,1.190357E1
6.398058E0,-4.075756E0,1.592065E1
6.402229E0,-3.265357E0,2.421067E1
6.406400E0,-4.602095E0,2.987987E1
6.410571E0,-4.968610E0,3.559303E1
6.414742E0,-6.122729E0,3.981286E1
6.418912E0,-7.047088E0,4.317174E1
6.423083E0,-7.893517E0,4.524271E1
6.427254E0,-8.513804E0,4.651094E1
6.431425E0,-8.231324E0,4.702605E1
6.435596E0,-8.233136E0,4.722175E1
6.439767E0,-7.958480E0,4.591679E1
6.443937E0,-7.449360E0,4.440198E1
6.448108E0,-6.835677E0,4.089858E1
6.452279E0,-5.546995E0,3.812529E1
6.456450E0,-4.238258E0,3.367417E1
6.460621E0,-2.281529E0,2.892249E1
6.464792E0,-1.055399E0,2.262699E1
6.468962E0,9.273363E-1,1.715719E1
6.473133E0,1.145832E0,9.990611E0
6.477304E0,3.089925E0,5.540235E0
6.481475E0,4.591872E0,1.546393E0
6.485646E0,6.532844E0,-2.524797E0
6.489817E0,7.023267E0,-6.321481E0
6.493987E0,7.762900E0,-8.389443E0
6.498158E0,8.375675E0,-1.026866E1
6.502329E0,8.715236E0,-1.171075E1
6.506500E0,8.635831E0,-1.258406E1
6.510671E0,8.459613E0,-1.322818E1
6.514842E0,8.634597E0,-1.195196E1
6.519012E0,8.122130E0,-1.035562E1
6.523183E0,7.121184E0,-7.933732E0
6.527354E0,6.554987E0,-5.394499E0
6.531525E0,5.215539E0,-1.899388E0
6.535696E0,3.699987E0,1.725676E0
6.539867E0,2.422460E0,6.857405E0
6.544037E0,1.216416E0,1.216649E1
6.548208E0,-2.756011E0,1.593970E1
6.552379E0,-4.157012E0,2.205423E1
6.556550E0,-6.755011E0,2.588944E1
6.560721E0,-6.804010E0,3.169332E1
6.564892E0,-7.619070E0,3.606497E1
6.569062E0,-8.938343E0,3.764549E1
6.573233E0,-9.470839E0,4.020812E1
6.577404E0,-1.103328E1,3.998528E1
6.581575E0,-1.198775E1,3.994436E1
6.585746E0,-1.203985E1,3.932217E1
6.589917E0,-1.202324E1,3.703274E1
6.594087E0,-1.116630E1,3.531758E1
6.598258E0,-1.105176E1,3.182765E1
6.602429E0,-1.012552E1,2.838077E1
6.606600E0,-8.885271E0,2.399435E1
6.610771E0,-7.266363E0,1.905472E1
6.614942E0,-5.627682E0,1.406106E1
6.619112E0,-3.488861E0,9.307602E0
6.623283E0,7.550180E-1,6.392085E0
6.627454E0,2.540318E0,2.095738E0
6.631625E0,4.468325E0,-1.033166E0
6.635796E0,5.120143E0,-3.871402E0
6.639967E0,5.840214E0,-6.188421E0
6.644137E0,6.265768E0,-7.964144E0
6.648308E0,5.888306E0,-9.644953E0
6.652479E0,6.176064E0,-1.028301E1
6.656650E0,6.091975E0,-9.953873E0
6.660821E0,6.126421E0,-9.373118E0
6.664992E0,5.742600E0,-7.227539E0
6.669162E0,5.035958E0,-5.135737E0
6.673333E0,4.638251E0,-1.333991E0
6.677504E0,4.089605E0,2.258217E0
6.681675E0,2.971112E0,6.492280E0
6.685846E0,1.644546E0,1.128377E1
6.690017E0,-7.967710E-3,1.645153E1
6.694187E0,-1.514390E0,2.163079E1
6.698358E0,-2.075874E0,2.779512E1
6.702529E0,-3.566585E0,3.218633E1
6.706700E0,-4.802036E0,3.484231E1
6.710871E0,-5.304508E0,3.795779E1
6.715042E0,-5.706914E0,4.003056E1
6.719212E0,-5.986655E0,4.122547E1
6.723383E0,-6.348479E0,4.112490E1
6.727554E0,-5.914440E0,4.089856E1
6.731725E0,-5.506265E0,3.995700E1
6.735896E0,-4.872317E0,3.793960E1
6.740067E0,-5.113669E0,3.425208E1
6.744237E0,-4.342233E0,3.045790E1
6.748408E0,-2.426160E0,2.596657E1
6.752579E0,-6.177987E-1,2.075704E1
6.756750E0,8.033781E-1,1.584975E1
6.760921E0,2.277774E0,1.103458E1
6.765092E0,2.210101E-3,3.838971E0
6.769262E0,-9.864765E-1,-1.205720E0
6.773433E0,-7.018980E-2,-4.266295E0
6.777604E0,1.143849E0,-6.399851E0
6.781775E0,1.011795E0,-8.078761E0
6.785946E0,2.129763E0,-9.148571E0
6.790117E0,2.113863E0,-9.460175E0
6.794287E0,2.008608E0,-8.914510E0
6.798458E0,1.835989E0,-8.197810E0
6.802629E0,1.910395E0,-6.146517E0
6.806800E0,1.298040E0,-3.583922E0
6.810971E0,-1.745674E-1,-1.818335E0
6.815142E0,-7.799157E-1,1.686863E0
6.819312E0,1.133213E-1,7.948410E0
6.823483E0,3.485574E-1,1.411658E1
6.827654E0,-8.008691E-1,1.899504E1
6.831825E0,-2.608641E0,2.394226E1
6.835996E0,-3.263409E0,2.871839E1
6.840167E0,-4.013125E0,3.261840E1
6.844337E0,-5.488551E0,3.547963E1
6.848508E0,-5.683627E0,3.736886E1
6.852679E0,-6.178064E0,3.809126E1
6.856850E0,-6.309494E0,3.866146E1
6.861021E0,-5.434881E0,3.878221E1
6.865192E0,-5.696999E0,3.722234E1
6.869362E0,-4.870476E0,3.500941E1
6.873533E0,-4.157823E0,3.252783E1
6.877704E0,-3.585208E0,2.835484E1
6.881875E0,-1.936811E0,2.457592E1
6.886046E0,-1.108296E0,1.937603E1
6.890217E0,7.586869E-1,1.515256E1
6.894387E0,2.391945E0,1.057397E1
6.898558E0,3.699812E0,6.936416E0
6.902729E0,4.639715E0,3.649710E0
6.906900E0,4.943635E0,1.387879E0
6.911071E0,5.113454E0,-1.765842E0
6.915242E0,6.172474E0,-2.121805E0
6.919412E0,6.538384E0,-2.411319E0
6.923583E0,6.748698E0,-2.000894E0
6.927754E0,6.230077E0,-1.610178E0
6.931925E0,5.984074E0,-4.142909E-1
6.936096E0,5.406248E0,1.963611E0
6.940267E0,4.725902E0,4.236407E0
6.944437E0,3.864974E0,6.955051E0
6.948608E0,2.277707E0,1.066684E1
6.952779E0,9.029838E-1,1.522837E1
6.956950E0,-1.644768E0,1.940777E1
6.961121E0,-3.141714E0,2.313135E1
6.965292E0,-4.151812E0,2.723068E1
6.969462E0,-4.841313E0,3.068063E1
6.973633E0,-5.250234E0,3.354383E1
6.977804E0,-5.922090E0,3.556452E1
6.981975E0,-6.493809E0,3.648752E1
6.986146E0,-6.515354E0,3.627207E1
6.990317E0,-6.149882E0,3.527386E1
6.994487E0,-5.363532E0,3.381082E1
6.998658E0,-4.859478E0,3.181360E1
7.002829E0,-4.218042E0,2.872877E1
7.007000E0,-2.513735E0,2.507926E1
7.011171E0,-6.312886E-1,2.102303E1
7.015342E0,1.360651E0,1.679598E1
7.019512E0,2.619790E0,1.297387E1
7.023683E0,4.006187E0,8.925514E0
7.027854E0,5.201562E0,5.773233E0
7.032025E0,5.196739E0,2.597605E0
7.036196E0,5.932896E0,8.858125E-1
7.040367E0,6.458632E0,9.756866E-2
7.044537E0,7.359265E0,-3.881642E-3
7.048708E0,7.266501E0,-1.713984E-1
7.052879E0,6.845620E0,1.025597E0
7.057050E0,6.394525E0,2.201854E0
7.061221E0,6.106021E0,3.922980E0
7.065392E0,5.086831E0,6.627845E0
7.069562E0,3.995932E0,1.032679E1
7.073733E0,2.788121E0,1.392435E1
7.077904E0,7.426278E-1,1.809587E1
7.082075E0,-1.244164E0,2.205880E1
7.086246E0,-2.666265E0,2.600499E1
7.090417E0,-3.784448E0,2.883200E1
7.094587E0,-5.066495E0,3.170055E1
7.098758E0,-5.853852E0,3.321572E1
7.102929E0,-7.021935E0,3.415851E1
7.107100E0,-7.147214E0,3.399657E1
7.111271E0,-6.904487E0,3.363830E1
7.115442E0,-7.092869E0,3.243822E1
7.119612E0,-5.553163E0,3.015775E1
7.123783E0,-5.313899E0,2.643773E1
7.127954E0,-3.071141E0,2.360412E1
7.132125E0,-1.574235E0,1.989407E1
7.136296E0,1.039263E0,1.630595E1
7.140467E0,1.825280E0,1.218838E1
7.144637E0,3.952897E0,9.186660E0
7.148808E0,5.372085E0,6.491551E0
7.152979E0,6.602470E0,4.232457E0
7.157150E0,7.042883E0,1.990907E0
7.161321E0,7.546521E0,2.066801E0
7.165492E0,7.767066E0,2.057872E0
7.169662E0,7.921364E0,2.676852E0
7.173833E0,7.440233E0,4.102498E0
7.178004E0,7.114625E0,5.741317E0
7.182175E0,5.722184E0,8.134052E0
7.186346E0,4.402664E0,1.022212E1
7.190517E0,3.421019E0,1.376881E1
7.194687E0,1.456856E0,1.763563E1
7.198858E0,-4.770138E0,1.756807E1
7.203029E0,-7.300813E0,2.146612E1
7.207200E0,-9.344519E0,2.319005E1
7.211371E0,-1.076430E1,2.470271E1
7.215542E0,-1.154327E1,2.718063E1
7.219712E0,-1.126203E1,2.827029E1
7.223883E0,-1.153278E1,2.807961E1
7.228054E0,-1.122643E1,2.743634E1
7.232225E0,-1.089654E1,2.515088E1
7.236396E0,-9.758075E0,2.358740E1
7.240567E0,-8.982600E0,2.089767E1
7.244737E0,-7.265622E0,1.816852E1
7.248908E0,-5.140296E0,1.389717E1
7.253079E0,-3.086624E0,1.099605E1
7.257250E0,-1.407881E0,7.769996E0
7.261421E0,-3.312215E-1,4.898793E0
7.265592E0,8.613654E-1,3.076616E0
7.269762E0,1.228819E0,1.155506E0
7.273933E0,2.023442E0,6.255721E-1
7.278104E0,1.961899E0,5.934439E-1
7.282275E0,1.378507E0,1.249429E0
7.286446E0,1.744135E0,1.874449E0
7.290617E0,1.058422E0,2.747318E0
7.294787E0,-2.534839E-1,4.920828E0
7.298958E0,-1.292525E0,7.189251E0
7.303129E0,-2.221859E0,1.074404E1
7.307300E0,-4.846852E0,1.301353E1
7.311471E0,-7.130430E0,1.649131E1
7.315642E0,-7.865676E0,1.991212E1
7.319812E0,-9.315524E0,2.293662E1
7.323983E0,-1.014805E1,2.455696E1
7.328154E0,-1.072378E1,2.595648E1
7.332325E0,-1.132350E1,2.606078E1
7.336496E0,-1.076292E1,2.581909E1
7.340667E0,-1.018582E1,2.560609E1
7.344837E0,-9.237362E0,2.431666E1
7.349008E0,-8.332671E0,2.192618E1
7.353179E0,-6.884106E0,1.888983E1
7.357350E0,-5.350999E0,1.626387E1
7.361521E0,8.350267E-1,1.571080E1
7.365692E0,2.267187E0,1.357735E1
7.369862E0,2.475525E0,9.926738E0
7.374033E0,3.784185E0,7.985083E0
7.378204E0,3.829577E0,6.069286E0
7.382375E0,3.971110E0,4.751135E0
7.386546E0,3.506159E0,4.450343E0
7.390717E0,2.873520E0,4.208939E0
7.394887E0,3.090598E0,5.758689E0
7.399058E0,2.827687E0,7.816476E0
7.403229E0,2.150872E0,9.826192E0
7.407400E0,1.557262E0,1.273049E1
7.411571E0,4.132347E-1,1.596965E1
7.415742E0,-6.711771E-1,1.969414E1
7.419912E0,-1.786371E0,2.298148E1
7.424083E0,-2.579445E0,2.625321E1
7.428254E0,-3.166938E0,2.823902E1
7.432425E0,-3.437341E0,2.961401E1
7.436596E0,-3.441892E0,3.051020E1
7.440767E0,-2.808689E0,2.988723E1
7.444937E0,-3.264507E0,2.948832E1
7.449108E0,-2.358773E0,2.800543E1
7.453279E0,-1.831724E0,2.574693E1
7.457450E0,-2.075753E0,2.235318E1
7.461621E0,-1.021854E0,1.856121E1
7.465792E0,-1.056806E0,1.520919E1
7.469962E0,8.531557E-1,1.255840E1
7.474133E0,1.117053E0,1.004298E1
7.478304E0,1.339654E0,8.392834E0
7.482475E0,1.143890E0,6.004809E0
7.486646E0,9.921118E-1,5.349770E0
7.490817E0,1.047060E0,5.094146E0
7.494987E0,9.375587E-1,6.276288E0
7.499158E0,1.079115E0,7.607385E0
7.503329E0,5.743503E-1,1.020809E1
7.507500E0,6.159085E-1,1.243884E1
7.511671E0,-1.846306E-1,1.437877E1
7.515842E0,-1.048809E0,1.779692E1
7.520012E0,-1.104741E0,2.186446E1
7.524183E0,-1.248906E0,2.492774E1
7.528354E0,-1.333917E0,2.731677E1
7.532525E0,-1.627141E0,2.816137E1
7.536696E0,-1.384678E0,2.834309E1
7.540867E0,-1.194015E0,2.829486E1
7.545037E0,-1.391508E0,2.697236E1
7.549208E0,-8.891664E-1,2.604624E1
7.553379E0,-1.101866E0,2.378720E1
7.557550E0,-6.147711E-1,2.130271E1
7.561721E0,-4.962975E0,1.416960E1
7.565892E0,-1.216579E0,1.419764E1
7.570062E0,-2.970061E0,9.574032E0
7.574233E0,-3.009103E0,7.716425E0
7.578404E0,-3.551976E0,6.371008E0
7.582575E0,-3.167399E0,5.051162E0
7.586746E0,-3.186063E0,4.970524E0
7.590917E0,-3.504601E0,5.366375E0
7.595087E0,-3.804408E0,5.914461E0
7.599258E0,-4.960444E0,6.879564E0
7.603429E0,-5.147238E0,9.581739E0
7.607600E0,-5.725190E0,1.176559E1
7.611771E0,-6.260646E0,1.461508E1
7.615942E0,-6.469192E0,1.809439E1
7.620112E0,-6.037839E0,2.027640E1
7.624283E0,-5.921122E0,2.188541E1
7.628454E0,-5.923207E0,2.313896E1
7.632625E0,-5.243068E0,2.372572E1
7.636796E0,-5.317866E0,2.403222E1
7.640967E0,-5.181756E0,2.296733E1
7.645137E0,-5.254730E0,2.146031E1
7.649308E0,-5.327435E0,1.880117E1
7.653479E0,-5.409134E0,1.662612E1
7.657650E0,-4.959864E0,1.390787E1
7.661821E0,-5.490585E0,1.148676E1
7.665992E0,-5.451776E0,8.352690E0
7.670162E0,-3.225065E0,7.986164E0
7.674333E0,-4.984332E0,5.864221E0
7.678504E0,-4.885892E0,5.582658E0
7.682675E0,-5.487634E0,6.285121E0
7.686846E0,-5.289498E0,6.748319E0
7.691017E0,-4.836486E0,8.591249E0
7.695187E0,-5.113641E0,1.077019E1
7.699358E0,-5.181529E0,1.298615E1
7.703529E0,-6.106891E0,1.504732E1
7.707700E0,-5.178140E0,1.800759E1
7.711871E0,-5.040154E0,1.993205E1
7.716042E0,-3.887898E0,2.203497E1
7.720212E0,-4.870222E0,2.174215E1
7.724383E0,-5.058114E0,2.213959E1
7.728554E0,-4.942746E0,2.182276E1
7.732725E0,-5.493847E0,2.046732E1
7.736896E0,-5.434749E0,1.831936E1
7.741067E0,-5.483594E0,1.615327E1
7.745237E0,-5.706902E0,1.429336E1
7.749408E0,-5.208047E0,1.187236E1
7.753579E0,-4.980547E0,9.976855E0
7.757750E0,-6.110258E0,7.826875E0
7.761921E0,-6.059926E0,6.547068E0
7.766092E0,-6.417333E0,6.511254E0
7.770262E0,-6.536775E0,6.230364E0
7.774433E0,-6.906582E0,6.019460E0
7.778604E0,-7.183140E0,7.434942E0
7.782775E0,-7.021565E0,8.973204E0
7.786946E0,-7.231508E0,1.147153E1
7.791117E0,-6.910975E0,1.429062E1
7.795287E0,-7.172654E0,1.637558E1
7.799458E0,-5.919902E0,1.804025E1
7.803629E0,-5.429001E0,1.943977E1
7.807800E0,-4.790225E0,1.962123E1
7.811971E0,-4.802673E0,1.984069E1
7.816142E0,-4.925909E0,1.961794E1
7.820312E0,-5.145134E0,1.909752E1
7.824483E0,-5.192703E0,1.758150E1
7.828654E0,-6.141252E0,1.493194E1
7.832825E0,-5.973257E0,1.305739E1
7.836996E0,-6.305905E0,1.091790E1
7.841167E0,-6.534938E0,9.090869E0
7.845337E0,-6.556007E0,8.095375E0
7.849508E0,-6.897767E0,6.930805E0
7.853679E0,-7.170786E0,7.331673E0
7.857850E0,-6.764584E0,7.584454E0
7.862021E0,-6.907507E0,8.893453E0
7.866192E0,-6.582111E0,1.127911E1
7.870362E0,-6.167566E0,1.331506E1
7.874533E0,-5.941113E0,1.491742E1
7.878704E0,-5.187515E0,1.727220E1
7.882875E0,-4.388765E0,1.907590E1
7.887046E0,-4.127638E0,1.987833E1
7.891217E0,-4.433504E0,2.006752E1
7.895387E0,-4.115717E0,2.068174E1
7.899558E0,-5.148156E0,1.894167E1
7.903729E0,-5.079632E0,1.772208E1
7.907900E0,-5.231108E0,1.670975E1
7.912071E0,-6.291162E0,1.423031E1
7.916242E0,-7.030014E0,1.179926E1
7.920412E0,-7.028225E0,9.946387E0
7.924583E0,-7.009754E0,8.761883E0
7.928754E0,-7.596855E0,8.277852E0
7.932925E0,-6.865385E0,7.618232E0
7.937096E0,-7.074795E0,8.134033E0
7.941267E0,-7.014091E0,9.035560E0
7.945437E0,-7.004765E0,1.019396E1
7.949608E0,-6.192094E0,1.210109E1
7.953779E0,-6.062160E0,1.392200E1
7.957950E0,-5.003108E0,1.590005E1
7.962121E0,-4.424049E0,1.782339E1
7.966292E0,-3.722855E0,1.879048E1
7.970462E0,-3.903083E0,1.894061E1
7.974633E0,-4.094249E0,1.844897E1
7.978804E0,-4.305368E0,1.669325E1
7.982975E0,-4.541327E0,1.623037E1
7.987146E0,-5.446482E0,1.393128E1
7.991317E0,-5.220848E0,1.256886E1
7.995487E0,-5.976113E0,1.100405E1
7.999658E0,-6.392181E0,9.175905E0
8.003829E0,-6.427575E0,8.220239E0
8.008000E0,-6.500029E0,7.789496E0
8.012171E0,-6.399581E0,8.324683E0
8.016342E0,-6.681411E0,8.933617E0
8.020512E0,-6.006056E0,1.007130E1
8.024683E0,-5.813630E0,1.171128E1
8.028854E0,-5.286942E0,1.335535E1
8.033025E0,-4.749767E0,1.502355E1
8.037196E0,-4.266065E0,1.627433E1
8.041367E0,-4.019897E0,1.647339E1
8.045537E0,-4.260420E0,1.638376E1
8.049708E0,-4.454792E0,1.603698E1
8.053879E0,-4.349454E0,1.445547E1
8.058050E0,-4.927624E0,1.294245E1
8.062221E0,-5.393670E0,1.162956E1
8.066392E0,-5.747167E0,1.021249E1
8.070562E0,-6.195331E0,8.821412E0
8.074733E0,-6.402992E0,8.051934E0
8.078904E0,-6.183541E0,7.914676E0
8.083075E0,-6.016152E0,7.894576E0
8.087246E0,-5.724574E0,8.527847E0
8.091417E0,-6.312311E0,9.533278E0
8.095587E0,-5.447875E0,1.116659E1
8.099758E0,-5.120759E0,1.264983E1
8.103929E0,-4.730957E0,1.476388E1
8.108100E0,-4.375433E0,1.575504E1
8.112271E0,-4.068227E0,1.668636E1
8.116442E0,-3.877647E0,1.664366E1
8.120612E0,-4.120178E0,1.583050E1
8.124783E0,-4.111100E0,1.410904E1
8.128954E0,-4.873798E0,1.240370E1
8.133125E0,-5.635286E0,1.083470E1
8.137296E0,-5.286268E0,9.623768E0
8.141467E0,-5.506503E0,8.966061E0
8.145637E0,-5.456722E0,8.344510E0
8.149808E0,-5.434868E0,8.256060E0
8.153979E0,-5.413999E0,8.486270E0
8.158150E0,-5.305442E0,9.218371E0
8.162321E0,-5.079457E0,1.054221E1
8.166492E0,-4.936000E0,1.213705E1
8.170662E0,-4.688696E0,1.353146E1
8.174833E0,-3.984200E0,1.503393E1
8.179004E0,-4.100882E0,1.541432E1
8.183175E0,-4.183717E0,1.519431E1
8.187346E0,-4.215181E0,1.458680E1
8.191517E0,-4.279209E0,1.350880E1
8.195687E0,-4.856117E0,1.219212E1
8.199858E0,-5.138966E0,1.049123E1
8.204029E0,-5.223396E0,9.477321E0
8.208200E0,-5.548996E0,9.165925E0
8.212371E0,-5.353143E0,9.010652E0
8.216542E0,-5.261598E0,8.718650E0
8.220712E0,-5.314567E0,9.429896E0
8.224883E0,-5.128482E0,1.042795E1
8.229054E0,-5.489140E0,1.154047E1
8.233225E0,-5.112426E0,1.315934E1
8.237396E0,-4.619566E0,1.366241E1
8.241567E0,-4.423707E0,1.497489E1
8.245737E0,-3.961050E0,1.479084E1
8.249908E0,-4.348718E0,1.455842E1
8.254079E0,-4.509125E0,1.398702E1
8.258250E0,-4.421978E0,1.288591E1
8.262421E0,-5.172462E0,1.172630E1
8.266592E0,-5.373273E0,1.097968E1
8.270762E0,-5.169820E0,1.005427E1
8.274933E0,-5.317143E0,9.693932E0
8.279104E0,-5.391882E0,1.016215E1
8.283275E0,-5.320287E0,1.022185E1
8.287446E0,-4.945601E0,1.105263E1
8.291617E0,-5.083886E0,1.203911E1
8.295787E0,-4.821943E0,1.328039E1
8.299958E0,-4.319019E0,1.362929E1
8.304129E0,-3.850720E0,1.447647E1
8.308300E0,-4.516450E0,1.386434E1
8.312471E0,-4.287817E0,1.420824E1
8.316642E0,-4.454560E0,1.322024E1
8.320812E0,-4.586884E0,1.232005E1
8.324983E0,-4.729803E0,1.149073E1
8.329154E0,-5.136948E0,1.067704E1
8.333325E0,-5.275587E0,1.042635E1
8.337496E0,-5.031908E0,1.029057E1
8.341667E0,-4.805099E0,9.988816E0
8.345837E0,-4.930238E0,1.081815E1
8.350008E0,-4.942471E0,1.157435E1
8.354179E0,-4.655005E0,1.274791E1
8.358350E0,-4.440243E0,1.373410E1
8.362521E0,-4.066619E0,1.442303E1
8.366692E0,-4.211449E0,1.414027E1
8.370862E0,-4.056565E0,1.380246E1
8.375033E0,-4.843421E0,1.320423E1
8.379204E0,-4.905549E0,1.247886E1
8.383375E0,-4.936504E0,1.137733E1
8.387546E0,-4.988569E0,1.088674E1
8.391717E0,-4.944758E0,1.043012E1
8.395887E0,-4.770305E0,1.039535E1
8.400058E0,-4.851194E0,1.050579E1
8.404229E0,-5.178789E0,1.093281E1
8.408400E0,-5.056559E0,1.188843E1
8.412571E0,-4.716508E0,1.267659E1
8.416742E0,-4.585796E0,1.372396E1
8.420912E0,-3.947429E0,1.401949E1
8.425083E0,-3.931313E0,1.397890E1
8.429254E0,-4.069481E0,1.355105E1
8.433425E0,-4.187476E0,1.320324E1
8.437596E0,-4.696356E0,1.233072E1
8.441767E0,-4.132451E0,1.144306E1
8.445937E0,-4.647860E0,1.103520E1
8.450108E0,-4.378878E0,1.088436E1
8.454279E0,-4.640652E0,1.123373E1
8.458450E0,-4.487512E0,1.114877E1
8.462621E0,-4.227796E0,1.130856E1
8.466792E0,-4.553022E0,1.194058E1
8.470962E0,-4.049328E0,1.283485E1
8.475133E0,-3.969444E0,1.330660E1
8.479304E0,-4.194302E0,1.311232E1
8.483475E0,-3.991806E0,1.325715E1
8.487646E0,-4.340405E0,1.259919E1
8.491817E0,-4.297586E0,1.229624E1
8.495987E0,-4.733961E0,1.203926E1
8.500158E0,-4.916232E0,1.196278E1
8.504329E0,-4.556480E0,1.123829E1
8.508500E0,-4.692523E0,1.127760E1
8.512671E0,-4.386498E0,1.137699E1
8.516842E0,-4.811472E0,1.181260E1
8.521012E0,-4.940146E0,1.239727E1
8.525183E0,-4.608471E0,1.253066E1
8.529354E0,-4.053075E0,1.316530E1
8.533525E0,-4.296833E0,1.324146E1
8.537696E0,-3.947012E0,1.320356E1
8.541867E0,-4.328644E0,1.287949E1
8.546037E0,-4.875182E0,1.275644E1
8.550208E0,-5.040274E0,1.228183E1
8.554379E0,-4.988253E0,1.220936E1
8.558550E0,-5.494482E0,1.173482E1
8.562721E0,-5.221398E0,1.194898E1
8.566892E0,-5.116241E0,1.217997E1
8.571062E0,-5.226845E0,1.233909E1
8.575233E0,-5.247683E0,1.278041E1
8.579404E0,-4.853504E0,1.304499E1
8.583575E0,-4.728111E0,1.336620E1
8.587746E0,-4.957200E0,1.319453E1
8.591917E0,-4.897830E0,1.317324E1
8.596087E0,-5.175465E0,1.262396E1
8.600258E0,-5.237779E0,1.277184E1
8.604429E0,-5.212156E0,1.266091E1
8.608600E0,-4.810119E0,1.225732E1
8.612771E0,-5.418916E0,1.244263E1
8.616942E0,-5.141310E0,1.233520E1
8.621112E0,-5.183789E0,1.246693E1
8.625283E0,-5.153186E0,1.275498E1
8.629454E0,-4.954014E0,1.306224E1
8.633625E0,-5.254185E0,1.347676E1
8.637796E0,-5.080554E0,1.303774E1
8.641967E0,-4.882511E0,1.321640E1
8.646137E0,-4.903923E0,1.304897E1
8.650308E0,-4.995226E0,1.250027E1
8.654479E0,-5.456739E0,1.226573E1
8.658650E0,-4.919161E0,1.210183E1
8.662821E0,-5.318863E0,1.225890E1
8.666992E0,-5.142753E0,1.235155E1
8.671162E0,-5.545579E0,1.273880E1
8.675333E0,-4.950888E0,1.304532E1
8.679504E0,-5.177616E0,1.286837E1
8.683675E0,-4.899537E0,1.319048E1
8.687846E0,-5.179915E0,1.309098E1
8.692017E0,-5.109225E0,1.336044E1
8.696187E0,-5.380857E0,1.317113E1
8.700358E0,-4.899770E0,1.277595E1
8.704529E0,-4.815266E0,1.312539E1
8.708700E0,-5.167471E0,1.253910E1
8.712871E0,-4.801279E0,1.286987E1
8.717042E0,-4.496914E0,1.239579E1
8.721212E0,-4.830104E0,1.242581E1
8.725383E0,-4.467870E0,1.239630E1
8.729554E0,-4.635508E0,1.270726E1
8.733725E0,-4.580633E0,1.293568E1
8.737896E0,-4.378323E0,1.281383E1
8.742067E0,-5.106961E0,1.299170E1
8.746237E0,-4.910792E0,1.243629E1
8.750408E0,-4.989853E0,1.251300E1
8.754579E0,-5.611903E0,1.217720E1
8.758750E0,-4.724460E0,1.249148E1
8.762921E0,-5.431060E0,1.255799E1
8.767092E0,-5.173296E0,1.292944E1
8.771262E0,-5.302859E0,1.281189E1
8.775433E0,-5.184090E0,1.292568E1
